AH-6-40-7
   1.00000	   0.00350
   0.99695	   0.00428
   0.99223	   0.00547
   0.98732	   0.00671
   0.98221	   0.00798
   0.97688	   0.00930
   0.97131	   0.01066
   0.96549	   0.01207
   0.95940	   0.01354
   0.95301	   0.01506
   0.94630	   0.01663
   0.93926	   0.01827
   0.93186	   0.01996
   0.92411	   0.02172
   0.91598	   0.02353
   0.90751	   0.02540
   0.89872	   0.02730
   0.88968	   0.02922
   0.88072	   0.03110
   0.87187	   0.03292
   0.86306	   0.03470
   0.85427	   0.03645
   0.84544	   0.03818
   0.83654	   0.03989
   0.82756	   0.04158
   0.81847	   0.04325
   0.80934	   0.04491
   0.80028	   0.04651
   0.79129	   0.04808
   0.78235	   0.04960
   0.77344	   0.05108
   0.76454	   0.05253
   0.75563	   0.05395
   0.74672	   0.05534
   0.73779	   0.05671
   0.72883	   0.05804
   0.71984	   0.05935
   0.71082	   0.06062
   0.70177	   0.06187
   0.69270	   0.06309
   0.68361	   0.06428
   0.67450	   0.06544
   0.66538	   0.06656
   0.65626	   0.06766
   0.64713	   0.06872
   0.63801	   0.06975
   0.62889	   0.07074
   0.61977	   0.07170
   0.61065	   0.07263
   0.60154	   0.07352
   0.59244	   0.07438
   0.58333	   0.07521
   0.57423	   0.07600
   0.56513	   0.07676
   0.55603	   0.07749
   0.54692	   0.07818
   0.53781	   0.07885
   0.52871	   0.07947
   0.51959	   0.08007
   0.51047	   0.08063
   0.50135	   0.08115
   0.49222	   0.08165
   0.48308	   0.08211
   0.47394	   0.08253
   0.46479	   0.08293
   0.45563	   0.08329
   0.44647	   0.08362
   0.43731	   0.08391
   0.42814	   0.08418
   0.41897	   0.08441
   0.40980	   0.08461
   0.40064	   0.08478
   0.39148	   0.08492
   0.38233	   0.08503
   0.37319	   0.08511
   0.36407	   0.08515
   0.35496	   0.08516
   0.34586	   0.08513
   0.33677	   0.08506
   0.32768	   0.08495
   0.31861	   0.08480
   0.30954	   0.08461
   0.30046	   0.08437
   0.29138	   0.08409
   0.28228	   0.08376
   0.27318	   0.08338
   0.26406	   0.08294
   0.25494	   0.08244
   0.24581	   0.08188
   0.23671	   0.08125
   0.22763	   0.08055
   0.21859	   0.07977
   0.20962	   0.07893
   0.20073	   0.07802
   0.19194	   0.07703
   0.18327	   0.07596
   0.17472	   0.07481
   0.16627	   0.07354
   0.15791	   0.07217
   0.14959	   0.07065
   0.14126	   0.06898
   0.13289	   0.06715
   0.12446	   0.06515
   0.11599	   0.06299
   0.10753	   0.06069
   0.09918	   0.05829
   0.09106	   0.05581
   0.08318	   0.05326
   0.07545	   0.05058
   0.06765	   0.04769
   0.05964	   0.04449
   0.05174	   0.04109
   0.04462	   0.03780
   0.03852	   0.03479
   0.03316	   0.03196
   0.02815	   0.02911
   0.02305	   0.02594
   0.01726	   0.02187
   0.01259	   0.01820
   0.00954	   0.01562
   0.00737	   0.01366
   0.00570	   0.01204
   0.00436	   0.01064
   0.00327	   0.00939
   0.00236	   0.00824
   0.00161	   0.00719
   0.00100	   0.00620
   0.00051	   0.00527
   0.00013	   0.00439
  -0.00015	   0.00355
  -0.00031	   0.00275
  -0.00038	   0.00198
  -0.00034	   0.00123
  -0.00018	   0.00051
   0.00009	  -0.00020
   0.00049	  -0.00088
   0.00103	  -0.00156
   0.00170	  -0.00222
   0.00252	  -0.00289
   0.00350	  -0.00355
   0.00468	  -0.00421
   0.00608	  -0.00488
   0.00778	  -0.00556
   0.00988	  -0.00626
   0.01256	  -0.00695
   0.01608	  -0.00755
   0.02080	  -0.00789
   0.02657	  -0.00786
   0.03318	  -0.00765
   0.04075	  -0.00729
   0.04926	  -0.00681
   0.05821	  -0.00631
   0.06699	  -0.00576
   0.07545	  -0.00512
   0.08385	  -0.00433
   0.09248	  -0.00340
   0.10148	  -0.00238
   0.11066	  -0.00135
   0.11974	  -0.00033
   0.12883	   0.00070
   0.13802	   0.00175
   0.14717	   0.00283
   0.15621	   0.00393
   0.16517	   0.00505
   0.17411	   0.00618
   0.18306	   0.00731
   0.19204	   0.00843
   0.20107	   0.00953
   0.21014	   0.01060
   0.21925	   0.01163
   0.22839	   0.01263
   0.23756	   0.01360
   0.24673	   0.01453
   0.25592	   0.01543
   0.26512	   0.01631
   0.27431	   0.01715
   0.28351	   0.01796
   0.29269	   0.01875
   0.30186	   0.01951
   0.31102	   0.02025
   0.32017	   0.02096
   0.32930	   0.02164
   0.33842	   0.02229
   0.34752	   0.02292
   0.35661	   0.02350
   0.36569	   0.02406
   0.37477	   0.02457
   0.38384	   0.02505
   0.39292	   0.02549
   0.40200	   0.02589
   0.41110	   0.02625
   0.42021	   0.02656
   0.42935	   0.02685
   0.43852	   0.02710
   0.44771	   0.02732
   0.45693	   0.02753
   0.46617	   0.02771
   0.47544	   0.02787
   0.48473	   0.02802
   0.49402	   0.02816
   0.50332	   0.02830
   0.51262	   0.02843
   0.52190	   0.02855
   0.53116	   0.02866
   0.54039	   0.02876
   0.54960	   0.02883
   0.55878	   0.02888
   0.56794	   0.02890
   0.57707	   0.02889
   0.58618	   0.02884
   0.59528	   0.02876
   0.60437	   0.02863
   0.61346	   0.02846
   0.62256	   0.02826
   0.63167	   0.02801
   0.64080	   0.02772
   0.64995	   0.02740
   0.65911	   0.02705
   0.66830	   0.02667
   0.67750	   0.02626
   0.68671	   0.02582
   0.69592	   0.02536
   0.70512	   0.02487
   0.71430	   0.02437
   0.72346	   0.02385
   0.73259	   0.02331
   0.74169	   0.02275
   0.75076	   0.02217
   0.75982	   0.02156
   0.76887	   0.02094
   0.77791	   0.02029
   0.78698	   0.01961
   0.79608	   0.01891
   0.80524	   0.01817
   0.81447	   0.01740
   0.82370	   0.01661
   0.83282	   0.01580
   0.84184	   0.01497
   0.85080	   0.01413
   0.85970	   0.01326
   0.86860	   0.01237
   0.87753	   0.01146
   0.88656	   0.01051
   0.89573	   0.00951
   0.90480	   0.00851
   0.91356	   0.00752
   0.92195	   0.00655
   0.92997	   0.00560
   0.93760	   0.00468
   0.94487	   0.00378
   0.95179	   0.00292
   0.95837	   0.00208
   0.96464	   0.00128
   0.97062	   0.00050
   0.97633	  -0.00026
   0.98179	  -0.00099
   0.98703	  -0.00170
   0.99205	  -0.00239
   0.99688	  -0.00306
   1.00000	  -0.00350
