AS5046
   1.00000	   0.00134
   0.99648	   0.00252
   0.99091	   0.00420
   0.98481	   0.00575
   0.97807	   0.00733
   0.97086	   0.00895
   0.96326	   0.01055
   0.95527	   0.01209
   0.94683	   0.01358
   0.93790	   0.01504
   0.92854	   0.01651
   0.91884	   0.01799
   0.90888	   0.01946
   0.89867	   0.02095
   0.88828	   0.02245
   0.87779	   0.02397
   0.86728	   0.02549
   0.85678	   0.02702
   0.84632	   0.02855
   0.83591	   0.03010
   0.82552	   0.03166
   0.81516	   0.03325
   0.80483	   0.03485
   0.79454	   0.03648
   0.78431	   0.03813
   0.77412	   0.03981
   0.76398	   0.04153
   0.75384	   0.04329
   0.74371	   0.04509
   0.73357	   0.04693
   0.72341	   0.04882
   0.71324	   0.05074
   0.70304	   0.05270
   0.69282	   0.05470
   0.68256	   0.05673
   0.67229	   0.05879
   0.66205	   0.06086
   0.65191	   0.06291
   0.64188	   0.06493
   0.63200	   0.06687
   0.62223	   0.06873
   0.61257	   0.07051
   0.60297	   0.07219
   0.59342	   0.07378
   0.58388	   0.07527
   0.57431	   0.07669
   0.56470	   0.07802
   0.55506	   0.07928
   0.54540	   0.08047
   0.53574	   0.08157
   0.52608	   0.08260
   0.51639	   0.08355
   0.50667	   0.08442
   0.49688	   0.08522
   0.48703	   0.08596
   0.47713	   0.08663
   0.46719	   0.08725
   0.45724	   0.08781
   0.44727	   0.08830
   0.43729	   0.08874
   0.42731	   0.08912
   0.41731	   0.08943
   0.40730	   0.08969
   0.39728	   0.08990
   0.38726	   0.09004
   0.37723	   0.09013
   0.36721	   0.09016
   0.35719	   0.09013
   0.34719	   0.09004
   0.33719	   0.08989
   0.32720	   0.08969
   0.31723	   0.08942
   0.30726	   0.08910
   0.29732	   0.08871
   0.28741	   0.08826
   0.27753	   0.08775
   0.26770	   0.08718
   0.25790	   0.08653
   0.24815	   0.08582
   0.23844	   0.08503
   0.22878	   0.08417
   0.21916	   0.08323
   0.20959	   0.08222
   0.20006	   0.08113
   0.19060	   0.07995
   0.18120	   0.07870
   0.17188	   0.07737
   0.16266	   0.07596
   0.15355	   0.07447
   0.14458	   0.07289
   0.13576	   0.07124
   0.12713	   0.06951
   0.11872	   0.06770
   0.11055	   0.06581
   0.10263	   0.06384
   0.09498	   0.06178
   0.08760	   0.05964
   0.08051	   0.05743
   0.07373	   0.05517
   0.06728	   0.05286
   0.06122	   0.05055
   0.05557	   0.04826
   0.05033	   0.04598
   0.04548	   0.04373
   0.04102	   0.04152
   0.03693	   0.03937
   0.03318	   0.03728
   0.02976	   0.03526
   0.02666	   0.03332
   0.02383	   0.03144
   0.02125	   0.02961
   0.01891	   0.02784
   0.01676	   0.02613
   0.01481	   0.02446
   0.01303	   0.02284
   0.01140	   0.02126
   0.00992	   0.01973
   0.00858	   0.01824
   0.00736	   0.01678
   0.00625	   0.01534
   0.00524	   0.01393
   0.00433	   0.01254
   0.00351	   0.01118
   0.00279	   0.00984
   0.00216	   0.00853
   0.00162	   0.00726
   0.00116	   0.00602
   0.00077	   0.00481
   0.00047	   0.00362
   0.00023	   0.00246
   0.00006	   0.00129
  -0.00003	   0.00014
  -0.00005	  -0.00102
   0.00002	  -0.00216
   0.00020	  -0.00329
   0.00051	  -0.00438
   0.00097	  -0.00543
   0.00160	  -0.00644
   0.00238	  -0.00741
   0.00331	  -0.00836
   0.00436	  -0.00929
   0.00553	  -0.01021
   0.00678	  -0.01111
   0.00813	  -0.01202
   0.00959	  -0.01292
   0.01116	  -0.01383
   0.01286	  -0.01475
   0.01469	  -0.01571
   0.01668	  -0.01670
   0.01884	  -0.01774
   0.02120	  -0.01883
   0.02378	  -0.01997
   0.02662	  -0.02116
   0.02974	  -0.02242
   0.03321	  -0.02376
   0.03705	  -0.02517
   0.04131	  -0.02668
   0.04605	  -0.02829
   0.05129	  -0.03000
   0.05706	  -0.03180
   0.06335	  -0.03367
   0.07016	  -0.03560
   0.07744	  -0.03756
   0.08514	  -0.03952
   0.09320	  -0.04147
   0.10156	  -0.04339
   0.11016	  -0.04525
   0.11894	  -0.04705
   0.12788	  -0.04877
   0.13696	  -0.05042
   0.14618	  -0.05199
   0.15550	  -0.05348
   0.16493	  -0.05491
   0.17443	  -0.05626
   0.18402	  -0.05753
   0.19367	  -0.05875
   0.20339	  -0.05989
   0.21315	  -0.06097
   0.22295	  -0.06198
   0.23277	  -0.06293
   0.24263	  -0.06382
   0.25251	  -0.06464
   0.26243	  -0.06540
   0.27237	  -0.06610
   0.28233	  -0.06674
   0.29231	  -0.06732
   0.30229	  -0.06785
   0.31228	  -0.06831
   0.32228	  -0.06871
   0.33229	  -0.06906
   0.34231	  -0.06935
   0.35233	  -0.06958
   0.36234	  -0.06975
   0.37236	  -0.06986
   0.38238	  -0.06992
   0.39241	  -0.06991
   0.40245	  -0.06986
   0.41248	  -0.06974
   0.42247	  -0.06958
   0.43242	  -0.06935
   0.44231	  -0.06906
   0.45216	  -0.06870
   0.46196	  -0.06827
   0.47174	  -0.06777
   0.48148	  -0.06720
   0.49121	  -0.06655
   0.50090	  -0.06583
   0.51057	  -0.06503
   0.52019	  -0.06415
   0.52974	  -0.06319
   0.53924	  -0.06216
   0.54868	  -0.06103
   0.55811	  -0.05980
   0.56758	  -0.05847
   0.57711	  -0.05704
   0.58673	  -0.05552
   0.59641	  -0.05391
   0.60614	  -0.05222
   0.61592	  -0.05045
   0.62575	  -0.04861
   0.63567	  -0.04670
   0.64571	  -0.04471
   0.65589	  -0.04268
   0.66615	  -0.04062
   0.67642	  -0.03857
   0.68663	  -0.03656
   0.69675	  -0.03460
   0.70679	  -0.03270
   0.71680	  -0.03085
   0.72679	  -0.02906
   0.73679	  -0.02732
   0.74680	  -0.02562
   0.75682	  -0.02398
   0.76684	  -0.02239
   0.77688	  -0.02084
   0.78694	  -0.01934
   0.79700	  -0.01789
   0.80707	  -0.01648
   0.81712	  -0.01513
   0.82716	  -0.01382
   0.83718	  -0.01257
   0.84719	  -0.01138
   0.85719	  -0.01025
   0.86719	  -0.00916
   0.87718	  -0.00814
   0.88714	  -0.00717
   0.89707	  -0.00626
   0.90697	  -0.00542
   0.91682	  -0.00464
   0.92661	  -0.00391
   0.93626	  -0.00323
   0.94569	  -0.00258
   0.95475	  -0.00194
   0.96327	  -0.00135
   0.97107	  -0.00086
   0.97813	  -0.00054
   0.98464	  -0.00042
   0.99070	  -0.00052
   0.99637	  -0.00087
   1.00000	  -0.00134
