ASW-7.33m de MCM
   1.00000	   0.00166
   0.99618	   0.00246
   0.98990	   0.00376
   0.98288	   0.00521
   0.97510	   0.00681
   0.96667	   0.00854
   0.95775	   0.01039
   0.94851	   0.01232
   0.93903	   0.01432
   0.92932	   0.01640
   0.91942	   0.01852
   0.90935	   0.02067
   0.89913	   0.02284
   0.88882	   0.02500
   0.87843	   0.02715
   0.86801	   0.02929
   0.85757	   0.03140
   0.84710	   0.03349
   0.83662	   0.03556
   0.82610	   0.03761
   0.81556	   0.03964
   0.80500	   0.04166
   0.79442	   0.04367
   0.78384	   0.04565
   0.77326	   0.04761
   0.76269	   0.04955
   0.75212	   0.05147
   0.74157	   0.05336
   0.73103	   0.05523
   0.72050	   0.05707
   0.70997	   0.05888
   0.69945	   0.06066
   0.68893	   0.06242
   0.67841	   0.06415
   0.66790	   0.06585
   0.65739	   0.06752
   0.64687	   0.06916
   0.63636	   0.07077
   0.62585	   0.07235
   0.61534	   0.07390
   0.60484	   0.07543
   0.59433	   0.07692
   0.58383	   0.07838
   0.57332	   0.07981
   0.56283	   0.08121
   0.55235	   0.08257
   0.54189	   0.08390
   0.53146	   0.08519
   0.52107	   0.08644
   0.51072	   0.08764
   0.50041	   0.08879
   0.49014	   0.08990
   0.47991	   0.09094
   0.46969	   0.09194
   0.45951	   0.09288
   0.44934	   0.09376
   0.43921	   0.09458
   0.42910	   0.09534
   0.41903	   0.09604
   0.40899	   0.09668
   0.39899	   0.09724
   0.38901	   0.09774
   0.37906	   0.09816
   0.36913	   0.09852
   0.35922	   0.09880
   0.34934	   0.09901
   0.33947	   0.09915
   0.32963	   0.09921
   0.31981	   0.09919
   0.31001	   0.09910
   0.30025	   0.09893
   0.29052	   0.09868
   0.28084	   0.09835
   0.27120	   0.09795
   0.26163	   0.09745
   0.25211	   0.09687
   0.24268	   0.09621
   0.23331	   0.09546
   0.22404	   0.09461
   0.21484	   0.09367
   0.20574	   0.09263
   0.19672	   0.09149
   0.18779	   0.09025
   0.17896	   0.08891
   0.17024	   0.08746
   0.16163	   0.08592
   0.15315	   0.08427
   0.14480	   0.08252
   0.13659	   0.08067
   0.12855	   0.07872
   0.12067	   0.07668
   0.11299	   0.07455
   0.10551	   0.07233
   0.09827	   0.07005
   0.09128	   0.06771
   0.08456	   0.06532
   0.07814	   0.06290
   0.07205	   0.06046
   0.06630	   0.05803
   0.06090	   0.05562
   0.05584	   0.05323
   0.05114	   0.05087
   0.04676	   0.04857
   0.04271	   0.04631
   0.03896	   0.04411
   0.03549	   0.04198
   0.03229	   0.03991
   0.02934	   0.03790
   0.02662	   0.03596
   0.02411	   0.03407
   0.02179	   0.03224
   0.01964	   0.03047
   0.01766	   0.02875
   0.01583	   0.02708
   0.01414	   0.02546
   0.01257	   0.02388
   0.01113	   0.02233
   0.00979	   0.02083
   0.00856	   0.01935
   0.00742	   0.01791
   0.00638	   0.01650
   0.00542	   0.01511
   0.00455	   0.01375
   0.00376	   0.01241
   0.00305	   0.01109
   0.00241	   0.00978
   0.00185	   0.00850
   0.00137	   0.00723
   0.00096	   0.00598
   0.00062	   0.00475
   0.00036	   0.00355
   0.00018	   0.00237
   0.00006	   0.00120
   0.00002	   0.00004
   0.00005	  -0.00112
   0.00016	  -0.00228
   0.00035	  -0.00344
   0.00064	  -0.00460
   0.00101	  -0.00576
   0.00148	  -0.00691
   0.00205	  -0.00805
   0.00273	  -0.00917
   0.00350	  -0.01026
   0.00437	  -0.01133
   0.00533	  -0.01236
   0.00640	  -0.01337
   0.00755	  -0.01434
   0.00881	  -0.01528
   0.01015	  -0.01619
   0.01160	  -0.01707
   0.01315	  -0.01792
   0.01480	  -0.01875
   0.01655	  -0.01956
   0.01843	  -0.02036
   0.02044	  -0.02113
   0.02258	  -0.02189
   0.02487	  -0.02264
   0.02732	  -0.02337
   0.02995	  -0.02410
   0.03279	  -0.02482
   0.03585	  -0.02553
   0.03916	  -0.02623
   0.04275	  -0.02693
   0.04665	  -0.02762
   0.05091	  -0.02830
   0.05555	  -0.02896
   0.06061	  -0.02961
   0.06613	  -0.03023
   0.07214	  -0.03083
   0.07865	  -0.03140
   0.08568	  -0.03192
   0.09320	  -0.03239
   0.10119	  -0.03281
   0.10963	  -0.03317
   0.11844	  -0.03346
   0.12757	  -0.03370
   0.13699	  -0.03387
   0.14665	  -0.03399
   0.15650	  -0.03404
   0.16652	  -0.03405
   0.17667	  -0.03400
   0.18694	  -0.03391
   0.19730	  -0.03378
   0.20776	  -0.03361
   0.21828	  -0.03340
   0.22887	  -0.03316
   0.23950	  -0.03290
   0.25018	  -0.03260
   0.26089	  -0.03228
   0.27164	  -0.03195
   0.28241	  -0.03159
   0.29321	  -0.03121
   0.30403	  -0.03081
   0.31487	  -0.03040
   0.32573	  -0.02997
   0.33661	  -0.02953
   0.34751	  -0.02908
   0.35842	  -0.02862
   0.36935	  -0.02815
   0.38029	  -0.02767
   0.39124	  -0.02718
   0.40219	  -0.02669
   0.41314	  -0.02619
   0.42410	  -0.02568
   0.43504	  -0.02516
   0.44598	  -0.02464
   0.45691	  -0.02411
   0.46784	  -0.02357
   0.47875	  -0.02303
   0.48966	  -0.02247
   0.50057	  -0.02190
   0.51147	  -0.02133
   0.52236	  -0.02074
   0.53326	  -0.02014
   0.54416	  -0.01954
   0.55505	  -0.01892
   0.56595	  -0.01829
   0.57686	  -0.01766
   0.58776	  -0.01701
   0.59867	  -0.01635
   0.60959	  -0.01568
   0.62051	  -0.01501
   0.63144	  -0.01432
   0.64237	  -0.01363
   0.65330	  -0.01293
   0.66424	  -0.01222
   0.67517	  -0.01151
   0.68611	  -0.01080
   0.69705	  -0.01010
   0.70798	  -0.00940
   0.71890	  -0.00871
   0.72981	  -0.00803
   0.74070	  -0.00736
   0.75157	  -0.00670
   0.76241	  -0.00606
   0.77321	  -0.00543
   0.78398	  -0.00482
   0.79470	  -0.00424
   0.80540	  -0.00368
   0.81607	  -0.00314
   0.82671	  -0.00264
   0.83733	  -0.00216
   0.84791	  -0.00171
   0.85845	  -0.00130
   0.86892	  -0.00091
   0.87931	  -0.00057
   0.88962	  -0.00027
   0.89983	  -0.00002
   0.90995	   0.00018
   0.91997	   0.00033
   0.92988	   0.00044
   0.93962	   0.00050
   0.94911	   0.00053
   0.95829	   0.00052
   0.96705	   0.00047
   0.97528	   0.00038
   0.98288	   0.00025
   0.98982	   0.00008
   0.99612	  -0.00012
   1.00000	  -0.00027
