AVERJANO
   1.00000	   0.00800
   0.99686	   0.00905
   0.99188	   0.01069
   0.98655	   0.01241
   0.98081	   0.01420
   0.97462	   0.01609
   0.96792	   0.01806
   0.96066	   0.02012
   0.95283	   0.02225
   0.94445	   0.02443
   0.93560	   0.02664
   0.92641	   0.02886
   0.91702	   0.03106
   0.90756	   0.03325
   0.89810	   0.03544
   0.88867	   0.03764
   0.87926	   0.03984
   0.86987	   0.04204
   0.86051	   0.04424
   0.85116	   0.04642
   0.84182	   0.04859
   0.83249	   0.05074
   0.82317	   0.05287
   0.81386	   0.05496
   0.80455	   0.05701
   0.79524	   0.05902
   0.78592	   0.06099
   0.77661	   0.06291
   0.76729	   0.06479
   0.75797	   0.06662
   0.74864	   0.06841
   0.73931	   0.07016
   0.72997	   0.07186
   0.72062	   0.07351
   0.71125	   0.07512
   0.70188	   0.07669
   0.69249	   0.07822
   0.68308	   0.07970
   0.67366	   0.08114
   0.66422	   0.08253
   0.65476	   0.08389
   0.64528	   0.08521
   0.63578	   0.08650
   0.62627	   0.08775
   0.61674	   0.08896
   0.60720	   0.09013
   0.59765	   0.09128
   0.58809	   0.09239
   0.57854	   0.09347
   0.56898	   0.09451
   0.55942	   0.09552
   0.54986	   0.09649
   0.54030	   0.09743
   0.53074	   0.09833
   0.52119	   0.09920
   0.51163	   0.10003
   0.50206	   0.10083
   0.49249	   0.10160
   0.48290	   0.10233
   0.47331	   0.10302
   0.46369	   0.10367
   0.45407	   0.10429
   0.44444	   0.10487
   0.43481	   0.10541
   0.42519	   0.10590
   0.41559	   0.10636
   0.40602	   0.10676
   0.39649	   0.10713
   0.38701	   0.10745
   0.37761	   0.10771
   0.36828	   0.10791
   0.35902	   0.10805
   0.34984	   0.10812
   0.34073	   0.10811
   0.33169	   0.10802
   0.32269	   0.10785
   0.31373	   0.10759
   0.30479	   0.10723
   0.29585	   0.10677
   0.28690	   0.10621
   0.27790	   0.10555
   0.26885	   0.10480
   0.25973	   0.10397
   0.25050	   0.10305
   0.24118	   0.10206
   0.23174	   0.10099
   0.22221	   0.09986
   0.21266	   0.09866
   0.20317	   0.09743
   0.19385	   0.09616
   0.18480	   0.09487
   0.17602	   0.09355
   0.16748	   0.09217
   0.15909	   0.09071
   0.15071	   0.08914
   0.14218	   0.08740
   0.13332	   0.08544
   0.12405	   0.08326
   0.11455	   0.08088
   0.10528	   0.07844
   0.09678	   0.07611
   0.08929	   0.07393
   0.08261	   0.07179
   0.07640	   0.06955
   0.07032	   0.06703
   0.06398	   0.06410
   0.05714	   0.06069
   0.05005	   0.05702
   0.04357	   0.05366
   0.03816	   0.05071
   0.03360	   0.04802
   0.02966	   0.04546
   0.02615	   0.04290
   0.02294	   0.04027
   0.01992	   0.03755
   0.01704	   0.03482
   0.01436	   0.03225
   0.01193	   0.02997
   0.00978	   0.02800
   0.00794	   0.02626
   0.00638	   0.02469
   0.00505	   0.02324
   0.00393	   0.02189
   0.00298	   0.02059
   0.00218	   0.01935
   0.00152	   0.01814
   0.00098	   0.01696
   0.00055	   0.01580
   0.00023	   0.01465
   0.00000	   0.01351
  -0.00013	   0.01237
  -0.00015	   0.01128
  -0.00005	   0.01025
   0.00020	   0.00929
   0.00060	   0.00841
   0.00113	   0.00758
   0.00181	   0.00681
   0.00262	   0.00608
   0.00360	   0.00538
   0.00474	   0.00472
   0.00608	   0.00408
   0.00764	   0.00346
   0.00947	   0.00284
   0.01162	   0.00223
   0.01408	   0.00161
   0.01682	   0.00101
   0.01976	   0.00050
   0.02277	   0.00014
   0.02582	  -0.00002
   0.02899	   0.00000
   0.03237	   0.00022
   0.03609	   0.00063
   0.04034	   0.00126
   0.04542	   0.00215
   0.05179	   0.00333
   0.05958	   0.00469
   0.06792	   0.00601
   0.07597	   0.00713
   0.08382	   0.00809
   0.09179	   0.00901
   0.10008	   0.01001
   0.10874	   0.01118
   0.11775	   0.01252
   0.12706	   0.01402
   0.13659	   0.01564
   0.14619	   0.01733
   0.15574	   0.01902
   0.16510	   0.02066
   0.17420	   0.02220
   0.18304	   0.02362
   0.19167	   0.02490
   0.20014	   0.02602
   0.20855	   0.02699
   0.21695	   0.02785
   0.22542	   0.02865
   0.23398	   0.02944
   0.24264	   0.03025
   0.25141	   0.03115
   0.26025	   0.03215
   0.26914	   0.03323
   0.27804	   0.03435
   0.28697	   0.03546
   0.29590	   0.03653
   0.30487	   0.03753
   0.31389	   0.03844
   0.32297	   0.03928
   0.33214	   0.04004
   0.34139	   0.04073
   0.35074	   0.04137
   0.36020	   0.04196
   0.36974	   0.04250
   0.37938	   0.04301
   0.38909	   0.04349
   0.39886	   0.04395
   0.40865	   0.04439
   0.41843	   0.04482
   0.42818	   0.04522
   0.43789	   0.04559
   0.44754	   0.04593
   0.45712	   0.04623
   0.46664	   0.04649
   0.47611	   0.04670
   0.48553	   0.04686
   0.49492	   0.04697
   0.50430	   0.04701
   0.51368	   0.04700
   0.52310	   0.04694
   0.53256	   0.04682
   0.54207	   0.04666
   0.55165	   0.04646
   0.56130	   0.04622
   0.57100	   0.04594
   0.58077	   0.04564
   0.59057	   0.04532
   0.60038	   0.04499
   0.61019	   0.04464
   0.61997	   0.04428
   0.62969	   0.04390
   0.63935	   0.04350
   0.64893	   0.04306
   0.65844	   0.04260
   0.66789	   0.04209
   0.67728	   0.04155
   0.68663	   0.04095
   0.69595	   0.04030
   0.70529	   0.03959
   0.71465	   0.03882
   0.72406	   0.03798
   0.73355	   0.03709
   0.74312	   0.03615
   0.75278	   0.03516
   0.76252	   0.03414
   0.77232	   0.03307
   0.78217	   0.03199
   0.79202	   0.03089
   0.80186	   0.02979
   0.81162	   0.02870
   0.82127	   0.02760
   0.83078	   0.02651
   0.84015	   0.02540
   0.84936	   0.02427
   0.85846	   0.02311
   0.86744	   0.02191
   0.87635	   0.02066
   0.88523	   0.01935
   0.89412	   0.01796
   0.90307	   0.01648
   0.91215	   0.01490
   0.92139	   0.01323
   0.93072	   0.01151
   0.94001	   0.00980
   0.94906	   0.00817
   0.95764	   0.00666
   0.96561	   0.00531
   0.97294	   0.00411
   0.97965	   0.00304
   0.98581	   0.00209
   0.99147	   0.00124
   0.99671	   0.00047
   1.00000	   0.00000
