B-29 ROOT
   1.00000	   0.00000
   0.99494	   0.00095
   0.98702	   0.00246
   0.97867	   0.00409
   0.96985	   0.00583
   0.96056	   0.00770
   0.95078	   0.00971
   0.94053	   0.01186
   0.92985	   0.01415
   0.91877	   0.01656
   0.90736	   0.01910
   0.89565	   0.02173
   0.88369	   0.02447
   0.87151	   0.02729
   0.85915	   0.03019
   0.84663	   0.03316
   0.83400	   0.03619
   0.82128	   0.03927
   0.80848	   0.04240
   0.79561	   0.04556
   0.78269	   0.04876
   0.76970	   0.05199
   0.75667	   0.05524
   0.74360	   0.05851
   0.73050	   0.06179
   0.71740	   0.06507
   0.70432	   0.06834
   0.69128	   0.07158
   0.67832	   0.07479
   0.66545	   0.07796
   0.65269	   0.08106
   0.64004	   0.08410
   0.62752	   0.08706
   0.61512	   0.08994
   0.60283	   0.09273
   0.59064	   0.09543
   0.57855	   0.09804
   0.56654	   0.10056
   0.55462	   0.10298
   0.54277	   0.10530
   0.53099	   0.10753
   0.51928	   0.10965
   0.50764	   0.11168
   0.49606	   0.11359
   0.48455	   0.11540
   0.47310	   0.11710
   0.46172	   0.11868
   0.45041	   0.12015
   0.43917	   0.12150
   0.42800	   0.12273
   0.41692	   0.12383
   0.40593	   0.12481
   0.39502	   0.12566
   0.38420	   0.12638
   0.37349	   0.12698
   0.36288	   0.12744
   0.35236	   0.12776
   0.34195	   0.12795
   0.33163	   0.12800
   0.32141	   0.12791
   0.31127	   0.12768
   0.30120	   0.12731
   0.29121	   0.12679
   0.28129	   0.12613
   0.27143	   0.12533
   0.26164	   0.12439
   0.25194	   0.12332
   0.24234	   0.12212
   0.23286	   0.12079
   0.22352	   0.11934
   0.21431	   0.11777
   0.20525	   0.11606
   0.19632	   0.11424
   0.18752	   0.11229
   0.17886	   0.11023
   0.17035	   0.10807
   0.16199	   0.10583
   0.15382	   0.10352
   0.14586	   0.10116
   0.13813	   0.09876
   0.13066	   0.09634
   0.12348	   0.09390
   0.11659	   0.09145
   0.11001	   0.08899
   0.10372	   0.08655
   0.09774	   0.08412
   0.09206	   0.08170
   0.08665	   0.07932
   0.08152	   0.07696
   0.07665	   0.07464
   0.07203	   0.07236
   0.06765	   0.07011
   0.06349	   0.06791
   0.05954	   0.06574
   0.05579	   0.06361
   0.05223	   0.06152
   0.04885	   0.05947
   0.04564	   0.05746
   0.04259	   0.05548
   0.03970	   0.05353
   0.03696	   0.05160
   0.03436	   0.04970
   0.03190	   0.04782
   0.02956	   0.04596
   0.02735	   0.04412
   0.02525	   0.04229
   0.02326	   0.04048
   0.02138	   0.03868
   0.01959	   0.03691
   0.01789	   0.03515
   0.01628	   0.03341
   0.01476	   0.03169
   0.01331	   0.02998
   0.01194	   0.02830
   0.01064	   0.02662
   0.00941	   0.02496
   0.00826	   0.02329
   0.00719	   0.02163
   0.00620	   0.01999
   0.00528	   0.01835
   0.00445	   0.01674
   0.00369	   0.01515
   0.00301	   0.01357
   0.00240	   0.01202
   0.00187	   0.01048
   0.00140	   0.00896
   0.00100	   0.00746
   0.00067	   0.00596
   0.00040	   0.00448
   0.00020	   0.00300
   0.00007	   0.00153
   0.00000	   0.00005
   0.00001	  -0.00142
   0.00008	  -0.00290
   0.00022	  -0.00439
   0.00043	  -0.00589
   0.00070	  -0.00740
   0.00105	  -0.00892
   0.00146	  -0.01046
   0.00194	  -0.01200
   0.00250	  -0.01356
   0.00313	  -0.01512
   0.00384	  -0.01670
   0.00462	  -0.01827
   0.00548	  -0.01984
   0.00642	  -0.02139
   0.00745	  -0.02294
   0.00856	  -0.02447
   0.00973	  -0.02602
   0.01098	  -0.02756
   0.01230	  -0.02911
   0.01369	  -0.03065
   0.01516	  -0.03219
   0.01672	  -0.03373
   0.01837	  -0.03526
   0.02010	  -0.03678
   0.02193	  -0.03829
   0.02385	  -0.03979
   0.02588	  -0.04127
   0.02801	  -0.04274
   0.03025	  -0.04420
   0.03260	  -0.04563
   0.03508	  -0.04706
   0.03768	  -0.04847
   0.04042	  -0.04988
   0.04331	  -0.05127
   0.04634	  -0.05266
   0.04953	  -0.05405
   0.05289	  -0.05544
   0.05641	  -0.05683
   0.06011	  -0.05823
   0.06400	  -0.05963
   0.06810	  -0.06103
   0.07243	  -0.06243
   0.07698	  -0.06384
   0.08180	  -0.06525
   0.08690	  -0.06666
   0.09229	  -0.06807
   0.09801	  -0.06950
   0.10408	  -0.07093
   0.11050	  -0.07238
   0.11728	  -0.07383
   0.12444	  -0.07528
   0.13196	  -0.07672
   0.13983	  -0.07814
   0.14805	  -0.07955
   0.15658	  -0.08093
   0.16541	  -0.08228
   0.17453	  -0.08358
   0.18392	  -0.08483
   0.19355	  -0.08602
   0.20340	  -0.08712
   0.21345	  -0.08814
   0.22368	  -0.08907
   0.23407	  -0.08989
   0.24462	  -0.09061
   0.25531	  -0.09122
   0.26617	  -0.09173
   0.27718	  -0.09212
   0.28836	  -0.09241
   0.29969	  -0.09260
   0.31117	  -0.09270
   0.32278	  -0.09270
   0.33451	  -0.09262
   0.34634	  -0.09244
   0.35826	  -0.09217
   0.37026	  -0.09182
   0.38234	  -0.09138
   0.39448	  -0.09086
   0.40669	  -0.09026
   0.41897	  -0.08959
   0.43132	  -0.08884
   0.44373	  -0.08802
   0.45621	  -0.08713
   0.46874	  -0.08618
   0.48134	  -0.08516
   0.49398	  -0.08408
   0.50666	  -0.08294
   0.51936	  -0.08175
   0.53209	  -0.08051
   0.54482	  -0.07921
   0.55756	  -0.07786
   0.57031	  -0.07645
   0.58305	  -0.07499
   0.59579	  -0.07348
   0.60854	  -0.07192
   0.62130	  -0.07030
   0.63408	  -0.06863
   0.64687	  -0.06691
   0.65968	  -0.06514
   0.67251	  -0.06332
   0.68536	  -0.06146
   0.69822	  -0.05955
   0.71108	  -0.05760
   0.72394	  -0.05561
   0.73680	  -0.05357
   0.74963	  -0.05150
   0.76244	  -0.04940
   0.77521	  -0.04725
   0.78792	  -0.04508
   0.80057	  -0.04287
   0.81313	  -0.04064
   0.82560	  -0.03837
   0.83796	  -0.03608
   0.85019	  -0.03376
   0.86227	  -0.03141
   0.87419	  -0.02903
   0.88593	  -0.02662
   0.89748	  -0.02419
   0.90881	  -0.02174
   0.91991	  -0.01928
   0.93074	  -0.01682
   0.94124	  -0.01439
   0.95134	  -0.01201
   0.96101	  -0.00970
   0.97020	  -0.00746
   0.97893	  -0.00531
   0.98719	  -0.00325
   0.99501	  -0.00127
   1.00000	   0.00000
