B-29 TIP
   1.00000	   0.00000
   0.99663	   0.00022
   0.99126	   0.00058
   0.98549	   0.00097
   0.97924	   0.00141
   0.97248	   0.00190
   0.96516	   0.00245
   0.95726	   0.00307
   0.94882	   0.00375
   0.93999	   0.00449
   0.93109	   0.00527
   0.92225	   0.00607
   0.91336	   0.00690
   0.90443	   0.00777
   0.89563	   0.00865
   0.88693	   0.00956
   0.87830	   0.01048
   0.86971	   0.01142
   0.86113	   0.01239
   0.85254	   0.01338
   0.84393	   0.01439
   0.83527	   0.01543
   0.82658	   0.01649
   0.81782	   0.01757
   0.80901	   0.01867
   0.80015	   0.01980
   0.79125	   0.02094
   0.78231	   0.02210
   0.77338	   0.02326
   0.76446	   0.02444
   0.75556	   0.02562
   0.74666	   0.02681
   0.73775	   0.02800
   0.72884	   0.02920
   0.71992	   0.03041
   0.71099	   0.03163
   0.70205	   0.03284
   0.69313	   0.03406
   0.68421	   0.03528
   0.67531	   0.03650
   0.66642	   0.03771
   0.65754	   0.03892
   0.64866	   0.04012
   0.63978	   0.04131
   0.63092	   0.04250
   0.62205	   0.04367
   0.61319	   0.04483
   0.60433	   0.04598
   0.59547	   0.04711
   0.58661	   0.04822
   0.57775	   0.04932
   0.56889	   0.05039
   0.56003	   0.05145
   0.55117	   0.05249
   0.54232	   0.05351
   0.53346	   0.05450
   0.52461	   0.05547
   0.51576	   0.05642
   0.50692	   0.05734
   0.49808	   0.05824
   0.48926	   0.05910
   0.48044	   0.05994
   0.47164	   0.06075
   0.46285	   0.06152
   0.45407	   0.06226
   0.44531	   0.06295
   0.43655	   0.06361
   0.42781	   0.06422
   0.41908	   0.06479
   0.41036	   0.06531
   0.40164	   0.06578
   0.39293	   0.06620
   0.38422	   0.06657
   0.37551	   0.06688
   0.36679	   0.06714
   0.35808	   0.06735
   0.34937	   0.06750
   0.34066	   0.06759
   0.33194	   0.06763
   0.32324	   0.06762
   0.31454	   0.06754
   0.30585	   0.06741
   0.29717	   0.06722
   0.28851	   0.06697
   0.27987	   0.06665
   0.27125	   0.06628
   0.26266	   0.06583
   0.25408	   0.06532
   0.24551	   0.06473
   0.23694	   0.06407
   0.22838	   0.06334
   0.21981	   0.06254
   0.21125	   0.06167
   0.20268	   0.06072
   0.19412	   0.05971
   0.18557	   0.05863
   0.17704	   0.05748
   0.16852	   0.05626
   0.16002	   0.05498
   0.15154	   0.05362
   0.14306	   0.05220
   0.13459	   0.05070
   0.12612	   0.04912
   0.11768	   0.04747
   0.10928	   0.04574
   0.10094	   0.04394
   0.09270	   0.04207
   0.08459	   0.04012
   0.07664	   0.03809
   0.06884	   0.03596
   0.06120	   0.03372
   0.05371	   0.03139
   0.04632	   0.02895
   0.03907	   0.02637
   0.03231	   0.02373
   0.02641	   0.02116
   0.02150	   0.01879
   0.01746	   0.01663
   0.01411	   0.01467
   0.01131	   0.01287
   0.00891	   0.01119
   0.00689	   0.00966
   0.00525	   0.00833
   0.00394	   0.00715
   0.00288	   0.00608
   0.00203	   0.00508
   0.00135	   0.00413
   0.00082	   0.00321
   0.00043	   0.00231
   0.00016	   0.00142
   0.00002	   0.00053
   0.00001	  -0.00037
   0.00014	  -0.00129
   0.00039	  -0.00224
   0.00076	  -0.00321
   0.00128	  -0.00420
   0.00193	  -0.00520
   0.00274	  -0.00621
   0.00372	  -0.00721
   0.00489	  -0.00814
   0.00627	  -0.00896
   0.00794	  -0.00971
   0.00993	  -0.01043
   0.01235	  -0.01118
   0.01533	  -0.01198
   0.01902	  -0.01287
   0.02353	  -0.01381
   0.02885	  -0.01475
   0.03501	  -0.01565
   0.04195	  -0.01647
   0.04945	  -0.01718
   0.05735	  -0.01779
   0.06560	  -0.01833
   0.07411	  -0.01881
   0.08279	  -0.01924
   0.09156	  -0.01964
   0.10035	  -0.02000
   0.10915	  -0.02032
   0.11797	  -0.02061
   0.12682	  -0.02087
   0.13570	  -0.02110
   0.14461	  -0.02132
   0.15354	  -0.02152
   0.16249	  -0.02170
   0.17143	  -0.02187
   0.18037	  -0.02202
   0.18930	  -0.02216
   0.19823	  -0.02228
   0.20715	  -0.02238
   0.21608	  -0.02246
   0.22501	  -0.02253
   0.23396	  -0.02259
   0.24291	  -0.02263
   0.25188	  -0.02266
   0.26086	  -0.02269
   0.26984	  -0.02270
   0.27884	  -0.02271
   0.28784	  -0.02271
   0.29685	  -0.02271
   0.30586	  -0.02271
   0.31488	  -0.02271
   0.32390	  -0.02270
   0.33292	  -0.02269
   0.34194	  -0.02268
   0.35097	  -0.02268
   0.35999	  -0.02267
   0.36902	  -0.02266
   0.37804	  -0.02265
   0.38706	  -0.02264
   0.39608	  -0.02263
   0.40510	  -0.02262
   0.41411	  -0.02261
   0.42313	  -0.02261
   0.43213	  -0.02260
   0.44114	  -0.02259
   0.45014	  -0.02258
   0.45913	  -0.02256
   0.46813	  -0.02254
   0.47712	  -0.02252
   0.48610	  -0.02249
   0.49509	  -0.02246
   0.50407	  -0.02242
   0.51306	  -0.02237
   0.52204	  -0.02232
   0.53103	  -0.02225
   0.54002	  -0.02218
   0.54900	  -0.02211
   0.55799	  -0.02203
   0.56699	  -0.02194
   0.57598	  -0.02184
   0.58497	  -0.02174
   0.59396	  -0.02163
   0.60294	  -0.02151
   0.61193	  -0.02139
   0.62090	  -0.02126
   0.62987	  -0.02112
   0.63884	  -0.02097
   0.64779	  -0.02081
   0.65674	  -0.02065
   0.66569	  -0.02047
   0.67463	  -0.02028
   0.68356	  -0.02007
   0.69250	  -0.01986
   0.70143	  -0.01963
   0.71037	  -0.01938
   0.71932	  -0.01912
   0.72827	  -0.01884
   0.73723	  -0.01855
   0.74620	  -0.01824
   0.75516	  -0.01791
   0.76413	  -0.01756
   0.77309	  -0.01719
   0.78205	  -0.01681
   0.79098	  -0.01640
   0.79989	  -0.01598
   0.80877	  -0.01554
   0.81762	  -0.01508
   0.82642	  -0.01460
   0.83517	  -0.01411
   0.84390	  -0.01359
   0.85259	  -0.01306
   0.86127	  -0.01251
   0.86994	  -0.01193
   0.87863	  -0.01134
   0.88735	  -0.01072
   0.89614	  -0.01008
   0.90501	  -0.00941
   0.91397	  -0.00870
   0.92287	  -0.00798
   0.93175	  -0.00722
   0.94068	  -0.00642
   0.94942	  -0.00560
   0.95773	  -0.00478
   0.96551	  -0.00398
   0.97274	  -0.00320
   0.97942	  -0.00246
   0.98559	  -0.00174
   0.99132	  -0.00106
   0.99665	  -0.00042
   1.00000	   0.00000
