BE6556C
   1.00000	   0.00400
   0.99703	   0.00495
   0.99230	   0.00646
   0.98718	   0.00809
   0.98160	   0.00987
   0.97550	   0.01183
   0.96880	   0.01397
   0.96145	   0.01633
   0.95345	   0.01889
   0.94496	   0.02162
   0.93658	   0.02430
   0.92827	   0.02694
   0.91987	   0.02956
   0.91129	   0.03218
   0.90277	   0.03470
   0.89443	   0.03708
   0.88622	   0.03933
   0.87807	   0.04147
   0.86994	   0.04354
   0.86181	   0.04554
   0.85363	   0.04748
   0.84539	   0.04938
   0.83707	   0.05124
   0.82866	   0.05308
   0.82013	   0.05488
   0.81151	   0.05667
   0.80278	   0.05844
   0.79398	   0.06020
   0.78512	   0.06193
   0.77622	   0.06364
   0.76730	   0.06532
   0.75838	   0.06695
   0.74947	   0.06855
   0.74058	   0.07009
   0.73172	   0.07158
   0.72288	   0.07302
   0.71407	   0.07440
   0.70529	   0.07573
   0.69653	   0.07699
   0.68778	   0.07820
   0.67903	   0.07935
   0.67029	   0.08045
   0.66153	   0.08150
   0.65277	   0.08250
   0.64399	   0.08345
   0.63520	   0.08435
   0.62639	   0.08521
   0.61755	   0.08602
   0.60870	   0.08679
   0.59983	   0.08751
   0.59094	   0.08820
   0.58204	   0.08884
   0.57313	   0.08945
   0.56420	   0.09001
   0.55526	   0.09054
   0.54632	   0.09103
   0.53737	   0.09148
   0.52841	   0.09190
   0.51946	   0.09228
   0.51051	   0.09263
   0.50155	   0.09295
   0.49260	   0.09323
   0.48366	   0.09349
   0.47473	   0.09371
   0.46580	   0.09390
   0.45688	   0.09404
   0.44798	   0.09415
   0.43908	   0.09422
   0.43018	   0.09425
   0.42130	   0.09423
   0.41242	   0.09417
   0.40354	   0.09406
   0.39466	   0.09390
   0.38578	   0.09369
   0.37690	   0.09344
   0.36801	   0.09314
   0.35911	   0.09279
   0.35020	   0.09240
   0.34129	   0.09197
   0.33237	   0.09151
   0.32344	   0.09100
   0.31451	   0.09046
   0.30558	   0.08988
   0.29665	   0.08927
   0.28772	   0.08862
   0.27881	   0.08795
   0.26991	   0.08723
   0.26102	   0.08648
   0.25215	   0.08568
   0.24330	   0.08484
   0.23446	   0.08396
   0.22564	   0.08302
   0.21684	   0.08204
   0.20805	   0.08100
   0.19928	   0.07991
   0.19052	   0.07876
   0.18176	   0.07754
   0.17303	   0.07626
   0.16431	   0.07490
   0.15564	   0.07347
   0.14703	   0.07197
   0.13850	   0.07039
   0.13007	   0.06872
   0.12175	   0.06693
   0.11354	   0.06502
   0.10543	   0.06297
   0.09740	   0.06076
   0.08943	   0.05841
   0.08142	   0.05596
   0.07324	   0.05347
   0.06473	   0.05090
   0.05622	   0.04819
   0.04860	   0.04547
   0.04239	   0.04297
   0.03721	   0.04065
   0.03259	   0.03836
   0.02813	   0.03590
   0.02312	   0.03278
   0.01717	   0.02853
   0.01152	   0.02425
   0.00843	   0.02185
   0.00637	   0.02016
   0.00484	   0.01879
   0.00362	   0.01762
   0.00264	   0.01658
   0.00184	   0.01562
   0.00120	   0.01474
   0.00069	   0.01392
   0.00030	   0.01314
   0.00003	   0.01239
  -0.00012	   0.01168
  -0.00016	   0.01099
  -0.00008	   0.01032
   0.00012	   0.00966
   0.00047	   0.00901
   0.00095	   0.00837
   0.00158	   0.00772
   0.00238	   0.00706
   0.00336	   0.00638
   0.00458	   0.00567
   0.00612	   0.00490
   0.00812	   0.00404
   0.01092	   0.00302
   0.01537	   0.00166
   0.02161	   0.00035
   0.02670	  -0.00008
   0.03124	  -0.00005
   0.03588	   0.00027
   0.04105	   0.00084
   0.04736	   0.00166
   0.05545	   0.00262
   0.06422	   0.00348
   0.07294	   0.00429
   0.08116	   0.00518
   0.08934	   0.00616
   0.09781	   0.00723
   0.10666	   0.00831
   0.11556	   0.00934
   0.12437	   0.01032
   0.13320	   0.01126
   0.14210	   0.01219
   0.15109	   0.01311
   0.16005	   0.01402
   0.16897	   0.01492
   0.17789	   0.01582
   0.18683	   0.01670
   0.19581	   0.01759
   0.20481	   0.01847
   0.21383	   0.01935
   0.22286	   0.02021
   0.23187	   0.02107
   0.24090	   0.02191
   0.24993	   0.02274
   0.25895	   0.02355
   0.26796	   0.02434
   0.27695	   0.02512
   0.28592	   0.02587
   0.29489	   0.02660
   0.30384	   0.02730
   0.31278	   0.02798
   0.32172	   0.02863
   0.33066	   0.02927
   0.33959	   0.02988
   0.34854	   0.03047
   0.35748	   0.03104
   0.36644	   0.03159
   0.37540	   0.03212
   0.38437	   0.03264
   0.39335	   0.03314
   0.40235	   0.03362
   0.41136	   0.03409
   0.42037	   0.03455
   0.42940	   0.03499
   0.43844	   0.03542
   0.44749	   0.03583
   0.45654	   0.03623
   0.46560	   0.03662
   0.47466	   0.03700
   0.48371	   0.03737
   0.49276	   0.03772
   0.50179	   0.03807
   0.51081	   0.03840
   0.51981	   0.03872
   0.52878	   0.03902
   0.53773	   0.03929
   0.54665	   0.03952
   0.55554	   0.03972
   0.56441	   0.03988
   0.57326	   0.03999
   0.58209	   0.04005
   0.59090	   0.04006
   0.59972	   0.04000
   0.60853	   0.03988
   0.61735	   0.03970
   0.62618	   0.03946
   0.63504	   0.03917
   0.64391	   0.03883
   0.65282	   0.03846
   0.66175	   0.03804
   0.67071	   0.03760
   0.67969	   0.03713
   0.68870	   0.03663
   0.69772	   0.03613
   0.70676	   0.03561
   0.71581	   0.03509
   0.72485	   0.03455
   0.73388	   0.03398
   0.74290	   0.03338
   0.75189	   0.03275
   0.76086	   0.03208
   0.76978	   0.03137
   0.77867	   0.03060
   0.78750	   0.02978
   0.79629	   0.02889
   0.80502	   0.02795
   0.81369	   0.02694
   0.82230	   0.02588
   0.83086	   0.02477
   0.83938	   0.02363
   0.84787	   0.02246
   0.85634	   0.02126
   0.86482	   0.02005
   0.87334	   0.01882
   0.88190	   0.01759
   0.89056	   0.01634
   0.89935	   0.01509
   0.90828	   0.01384
   0.91707	   0.01263
   0.92573	   0.01143
   0.93435	   0.01024
   0.94308	   0.00900
   0.95188	   0.00772
   0.96015	   0.00649
   0.96774	   0.00532
   0.97466	   0.00422
   0.98097	   0.00321
   0.98674	   0.00225
   0.99204	   0.00137
   0.99693	   0.00053
   1.00000	   0.00000
