BE7505D
   1.00000	   0.00200
   0.99635	   0.00297
   0.99056	   0.00449
   0.98438	   0.00609
   0.97776	   0.00778
   0.97066	   0.00955
   0.96308	   0.01140
   0.95502	   0.01332
   0.94653	   0.01530
   0.93772	   0.01731
   0.92872	   0.01931
   0.91974	   0.02127
   0.91075	   0.02321
   0.90172	   0.02513
   0.89275	   0.02704
   0.88383	   0.02892
   0.87494	   0.03078
   0.86606	   0.03263
   0.85718	   0.03447
   0.84830	   0.03629
   0.83941	   0.03811
   0.83050	   0.03992
   0.82156	   0.04172
   0.81260	   0.04351
   0.80362	   0.04529
   0.79462	   0.04706
   0.78560	   0.04881
   0.77658	   0.05055
   0.76756	   0.05227
   0.75853	   0.05397
   0.74951	   0.05566
   0.74049	   0.05732
   0.73148	   0.05896
   0.72247	   0.06057
   0.71347	   0.06216
   0.70448	   0.06373
   0.69549	   0.06527
   0.68650	   0.06679
   0.67750	   0.06828
   0.66851	   0.06974
   0.65951	   0.07118
   0.65051	   0.07259
   0.64150	   0.07398
   0.63249	   0.07534
   0.62348	   0.07667
   0.61446	   0.07797
   0.60545	   0.07924
   0.59644	   0.08049
   0.58743	   0.08170
   0.57843	   0.08288
   0.56945	   0.08402
   0.56047	   0.08513
   0.55150	   0.08619
   0.54254	   0.08722
   0.53359	   0.08820
   0.52464	   0.08914
   0.51570	   0.09004
   0.50675	   0.09089
   0.49780	   0.09169
   0.48884	   0.09245
   0.47986	   0.09316
   0.47086	   0.09382
   0.46184	   0.09443
   0.45280	   0.09501
   0.44374	   0.09554
   0.43467	   0.09602
   0.42559	   0.09647
   0.41652	   0.09687
   0.40744	   0.09723
   0.39839	   0.09755
   0.38937	   0.09784
   0.38038	   0.09807
   0.37144	   0.09826
   0.36255	   0.09840
   0.35371	   0.09848
   0.34491	   0.09850
   0.33614	   0.09845
   0.32740	   0.09834
   0.31868	   0.09816
   0.30995	   0.09790
   0.30120	   0.09755
   0.29240	   0.09713
   0.28354	   0.09662
   0.27462	   0.09607
   0.26563	   0.09549
   0.25662	   0.09491
   0.24763	   0.09436
   0.23872	   0.09383
   0.22993	   0.09331
   0.22129	   0.09275
   0.21277	   0.09213
   0.20433	   0.09142
   0.19592	   0.09057
   0.18747	   0.08958
   0.17891	   0.08845
   0.17021	   0.08720
   0.16139	   0.08584
   0.15249	   0.08441
   0.14362	   0.08294
   0.13488	   0.08143
   0.12636	   0.07986
   0.11807	   0.07821
   0.10999	   0.07645
   0.10208	   0.07454
   0.09427	   0.07244
   0.08649	   0.07016
   0.07865	   0.06770
   0.07070	   0.06505
   0.06263	   0.06224
   0.05472	   0.05932
   0.04743	   0.05648
   0.04107	   0.05381
   0.03559	   0.05124
   0.03079	   0.04867
   0.02649	   0.04602
   0.02254	   0.04320
   0.01887	   0.04027
   0.01555	   0.03751
   0.01270	   0.03516
   0.01032	   0.03323
   0.00844	   0.03148
   0.00698	   0.02976
   0.00571	   0.02813
   0.00454	   0.02669
   0.00352	   0.02535
   0.00265	   0.02406
   0.00189	   0.02282
   0.00123	   0.02164
   0.00071	   0.02054
   0.00032	   0.01950
   0.00008	   0.01851
  -0.00002	   0.01756
   0.00005	   0.01661
   0.00028	   0.01567
   0.00068	   0.01469
   0.00123	   0.01368
   0.00192	   0.01262
   0.00272	   0.01154
   0.00367	   0.01050
   0.00484	   0.00957
   0.00622	   0.00865
   0.00774	   0.00766
   0.00951	   0.00670
   0.01163	   0.00581
   0.01416	   0.00495
   0.01721	   0.00410
   0.02091	   0.00326
   0.02537	   0.00244
   0.03063	   0.00162
   0.03662	   0.00088
   0.04308	   0.00032
   0.04975	   0.00001
   0.05661	  -0.00002
   0.06382	   0.00023
   0.07154	   0.00072
   0.07980	   0.00142
   0.08848	   0.00228
   0.09742	   0.00322
   0.10649	   0.00420
   0.11562	   0.00518
   0.12475	   0.00617
   0.13386	   0.00717
   0.14293	   0.00819
   0.15196	   0.00923
   0.16097	   0.01030
   0.16995	   0.01138
   0.17894	   0.01247
   0.18794	   0.01356
   0.19696	   0.01464
   0.20600	   0.01570
   0.21507	   0.01673
   0.22415	   0.01774
   0.23325	   0.01873
   0.24237	   0.01970
   0.25150	   0.02066
   0.26063	   0.02160
   0.26976	   0.02253
   0.27889	   0.02344
   0.28802	   0.02434
   0.29714	   0.02523
   0.30626	   0.02609
   0.31539	   0.02694
   0.32452	   0.02777
   0.33365	   0.02859
   0.34279	   0.02939
   0.35194	   0.03017
   0.36110	   0.03094
   0.37025	   0.03169
   0.37941	   0.03242
   0.38856	   0.03313
   0.39771	   0.03383
   0.40684	   0.03451
   0.41595	   0.03516
   0.42503	   0.03579
   0.43409	   0.03639
   0.44312	   0.03695
   0.45212	   0.03748
   0.46110	   0.03796
   0.47005	   0.03840
   0.47899	   0.03879
   0.48792	   0.03913
   0.49684	   0.03941
   0.50577	   0.03964
   0.51472	   0.03981
   0.52369	   0.03992
   0.53269	   0.03999
   0.54172	   0.04002
   0.55079	   0.04001
   0.55990	   0.03996
   0.56904	   0.03989
   0.57822	   0.03979
   0.58742	   0.03968
   0.59663	   0.03955
   0.60585	   0.03941
   0.61506	   0.03927
   0.62425	   0.03911
   0.63341	   0.03893
   0.64254	   0.03872
   0.65163	   0.03849
   0.66067	   0.03822
   0.66968	   0.03791
   0.67866	   0.03756
   0.68760	   0.03715
   0.69652	   0.03670
   0.70542	   0.03618
   0.71431	   0.03560
   0.72321	   0.03496
   0.73211	   0.03427
   0.74102	   0.03352
   0.74996	   0.03272
   0.75891	   0.03188
   0.76789	   0.03099
   0.77688	   0.03006
   0.78590	   0.02909
   0.79493	   0.02808
   0.80397	   0.02704
   0.81301	   0.02598
   0.82205	   0.02489
   0.83109	   0.02379
   0.84011	   0.02268
   0.84913	   0.02157
   0.85814	   0.02047
   0.86713	   0.01937
   0.87613	   0.01828
   0.88512	   0.01721
   0.89411	   0.01617
   0.90311	   0.01515
   0.91212	   0.01416
   0.92112	   0.01315
   0.93005	   0.01211
   0.93883	   0.01103
   0.94738	   0.00988
   0.95560	   0.00866
   0.96342	   0.00739
   0.97082	   0.00609
   0.97779	   0.00477
   0.98435	   0.00346
   0.99051	   0.00215
   0.99632	   0.00085
   1.00000	   0.00000
