BE8353B2
   1.00000	   0.00400
   0.99682	   0.00447
   0.99175	   0.00523
   0.98625	   0.00605
   0.98026	   0.00695
   0.97371	   0.00793
   0.96653	   0.00901
   0.95868	   0.01019
   0.95017	   0.01147
   0.94131	   0.01281
   0.93264	   0.01413
   0.92404	   0.01542
   0.91536	   0.01673
   0.90651	   0.01804
   0.89758	   0.01935
   0.88878	   0.02063
   0.88008	   0.02188
   0.87145	   0.02310
   0.86283	   0.02431
   0.85422	   0.02551
   0.84558	   0.02671
   0.83689	   0.02791
   0.82815	   0.02912
   0.81934	   0.03033
   0.81047	   0.03155
   0.80153	   0.03279
   0.79253	   0.03404
   0.78356	   0.03529
   0.77461	   0.03654
   0.76568	   0.03779
   0.75676	   0.03904
   0.74783	   0.04030
   0.73890	   0.04155
   0.72995	   0.04281
   0.72099	   0.04407
   0.71200	   0.04533
   0.70300	   0.04658
   0.69401	   0.04783
   0.68505	   0.04907
   0.67611	   0.05030
   0.66719	   0.05151
   0.65828	   0.05270
   0.64938	   0.05388
   0.64050	   0.05504
   0.63162	   0.05617
   0.62274	   0.05728
   0.61387	   0.05837
   0.60499	   0.05942
   0.59611	   0.06045
   0.58721	   0.06144
   0.57830	   0.06241
   0.56938	   0.06335
   0.56044	   0.06427
   0.55148	   0.06516
   0.54251	   0.06604
   0.53352	   0.06690
   0.52451	   0.06775
   0.51550	   0.06859
   0.50647	   0.06941
   0.49745	   0.07023
   0.48842	   0.07104
   0.47940	   0.07184
   0.47039	   0.07262
   0.46139	   0.07339
   0.45240	   0.07414
   0.44343	   0.07487
   0.43448	   0.07557
   0.42553	   0.07624
   0.41660	   0.07689
   0.40768	   0.07750
   0.39877	   0.07808
   0.38987	   0.07862
   0.38096	   0.07913
   0.37205	   0.07960
   0.36315	   0.08003
   0.35424	   0.08042
   0.34532	   0.08078
   0.33641	   0.08110
   0.32749	   0.08138
   0.31857	   0.08162
   0.30966	   0.08183
   0.30075	   0.08199
   0.29185	   0.08211
   0.28297	   0.08219
   0.27410	   0.08221
   0.26526	   0.08219
   0.25644	   0.08210
   0.24766	   0.08195
   0.23890	   0.08174
   0.23018	   0.08146
   0.22148	   0.08112
   0.21279	   0.08072
   0.20408	   0.08024
   0.19532	   0.07970
   0.18647	   0.07909
   0.17752	   0.07841
   0.16850	   0.07767
   0.15946	   0.07688
   0.15050	   0.07605
   0.14175	   0.07519
   0.13329	   0.07429
   0.12515	   0.07329
   0.11727	   0.07218
   0.10959	   0.07091
   0.10202	   0.06943
   0.09443	   0.06771
   0.08667	   0.06572
   0.07860	   0.06351
   0.07009	   0.06112
   0.06170	   0.05869
   0.05328	   0.05608
   0.04603	   0.05362
   0.04022	   0.05143
   0.03532	   0.04937
   0.03092	   0.04728
   0.02668	   0.04500
   0.02209	   0.04211
   0.01630	   0.03790
   0.01177	   0.03444
   0.00893	   0.03224
   0.00691	   0.03060
   0.00536	   0.02925
   0.00412	   0.02807
   0.00310	   0.02701
   0.00227	   0.02604
   0.00158	   0.02513
   0.00102	   0.02427
   0.00059	   0.02345
   0.00027	   0.02266
   0.00005	   0.02190
  -0.00006	   0.02115
  -0.00005	   0.02042
   0.00007	   0.01969
   0.00030	   0.01897
   0.00066	   0.01824
   0.00114	   0.01750
   0.00175	   0.01675
   0.00251	   0.01598
   0.00342	   0.01518
   0.00452	   0.01433
   0.00587	   0.01343
   0.00753	   0.01243
   0.00967	   0.01131
   0.01258	   0.00996
   0.01682	   0.00832
   0.02254	   0.00660
   0.02828	   0.00527
   0.03403	   0.00416
   0.04017	   0.00319
   0.04703	   0.00231
   0.05479	   0.00157
   0.06323	   0.00101
   0.07195	   0.00061
   0.08062	   0.00031
   0.08913	   0.00009
   0.09746	  -0.00000
   0.10565	   0.00007
   0.11381	   0.00029
   0.12200	   0.00062
   0.13028	   0.00102
   0.13869	   0.00145
   0.14724	   0.00188
   0.15593	   0.00224
   0.16472	   0.00254
   0.17358	   0.00279
   0.18247	   0.00302
   0.19137	   0.00325
   0.20024	   0.00351
   0.20908	   0.00380
   0.21786	   0.00411
   0.22660	   0.00441
   0.23529	   0.00468
   0.24395	   0.00490
   0.25258	   0.00503
   0.26120	   0.00508
   0.26982	   0.00507
   0.27847	   0.00503
   0.28713	   0.00499
   0.29583	   0.00498
   0.30456	   0.00504
   0.31330	   0.00516
   0.32207	   0.00535
   0.33086	   0.00558
   0.33966	   0.00586
   0.34847	   0.00617
   0.35729	   0.00649
   0.36612	   0.00683
   0.37497	   0.00716
   0.38382	   0.00748
   0.39269	   0.00778
   0.40157	   0.00804
   0.41046	   0.00827
   0.41937	   0.00845
   0.42831	   0.00860
   0.43726	   0.00871
   0.44623	   0.00880
   0.45523	   0.00887
   0.46425	   0.00892
   0.47329	   0.00895
   0.48234	   0.00897
   0.49141	   0.00899
   0.50049	   0.00900
   0.50959	   0.00902
   0.51868	   0.00903
   0.52778	   0.00905
   0.53687	   0.00906
   0.54596	   0.00907
   0.55505	   0.00907
   0.56413	   0.00908
   0.57320	   0.00907
   0.58226	   0.00905
   0.59131	   0.00903
   0.60036	   0.00900
   0.60940	   0.00895
   0.61843	   0.00890
   0.62747	   0.00883
   0.63649	   0.00876
   0.64552	   0.00867
   0.65456	   0.00858
   0.66359	   0.00848
   0.67263	   0.00837
   0.68167	   0.00825
   0.69073	   0.00813
   0.69979	   0.00800
   0.70886	   0.00787
   0.71795	   0.00773
   0.72704	   0.00758
   0.73612	   0.00742
   0.74518	   0.00725
   0.75424	   0.00708
   0.76330	   0.00689
   0.77237	   0.00669
   0.78145	   0.00648
   0.79053	   0.00625
   0.79957	   0.00601
   0.80856	   0.00576
   0.81750	   0.00549
   0.82638	   0.00522
   0.83520	   0.00494
   0.84396	   0.00466
   0.85269	   0.00439
   0.86139	   0.00411
   0.87010	   0.00384
   0.87882	   0.00358
   0.88761	   0.00333
   0.89648	   0.00309
   0.90549	   0.00286
   0.91448	   0.00265
   0.92331	   0.00245
   0.93208	   0.00225
   0.94093	   0.00204
   0.94989	   0.00180
   0.95841	   0.00156
   0.96629	   0.00131
   0.97350	   0.00106
   0.98009	   0.00082
   0.98612	   0.00058
   0.99167	   0.00036
   0.99679	   0.00014
   1.00000	   0.00000
