BE8456D
   1.00000	   0.00300
   0.99652	   0.00382
   0.99095	   0.00514
   0.98493	   0.00658
   0.97838	   0.00814
   0.97124	   0.00986
   0.96347	   0.01173
   0.95506	   0.01377
   0.94608	   0.01596
   0.93672	   0.01824
   0.92720	   0.02056
   0.91771	   0.02285
   0.90835	   0.02506
   0.89917	   0.02719
   0.89011	   0.02923
   0.88114	   0.03119
   0.87221	   0.03310
   0.86328	   0.03495
   0.85433	   0.03677
   0.84532	   0.03855
   0.83625	   0.04031
   0.82710	   0.04205
   0.81785	   0.04377
   0.80851	   0.04547
   0.79908	   0.04716
   0.78957	   0.04884
   0.77999	   0.05051
   0.77035	   0.05217
   0.76069	   0.05382
   0.75105	   0.05545
   0.74141	   0.05707
   0.73177	   0.05868
   0.72212	   0.06030
   0.71245	   0.06191
   0.70281	   0.06353
   0.69321	   0.06514
   0.68366	   0.06675
   0.67415	   0.06835
   0.66470	   0.06993
   0.65529	   0.07149
   0.64593	   0.07302
   0.63660	   0.07451
   0.62730	   0.07597
   0.61801	   0.07739
   0.60873	   0.07876
   0.59944	   0.08008
   0.59012	   0.08135
   0.58076	   0.08257
   0.57134	   0.08376
   0.56187	   0.08492
   0.55234	   0.08605
   0.54274	   0.08717
   0.53310	   0.08827
   0.52342	   0.08936
   0.51373	   0.09045
   0.50404	   0.09154
   0.49440	   0.09264
   0.48482	   0.09373
   0.47533	   0.09480
   0.46595	   0.09584
   0.45667	   0.09683
   0.44749	   0.09777
   0.43840	   0.09864
   0.42939	   0.09945
   0.42043	   0.10017
   0.41150	   0.10082
   0.40256	   0.10136
   0.39359	   0.10181
   0.38454	   0.10215
   0.37539	   0.10241
   0.36611	   0.10258
   0.35669	   0.10267
   0.34713	   0.10268
   0.33744	   0.10263
   0.32766	   0.10252
   0.31786	   0.10237
   0.30806	   0.10218
   0.29836	   0.10196
   0.28885	   0.10173
   0.27958	   0.10146
   0.27052	   0.10113
   0.26164	   0.10071
   0.25286	   0.10020
   0.24407	   0.09955
   0.23515	   0.09877
   0.22601	   0.09787
   0.21664	   0.09687
   0.20709	   0.09581
   0.19752	   0.09472
   0.18816	   0.09364
   0.17918	   0.09254
   0.17059	   0.09140
   0.16233	   0.09017
   0.15430	   0.08881
   0.14637	   0.08727
   0.13837	   0.08553
   0.13018	   0.08359
   0.12174	   0.08149
   0.11309	   0.07929
   0.10444	   0.07710
   0.09607	   0.07505
   0.08827	   0.07315
   0.08103	   0.07126
   0.07422	   0.06925
   0.06762	   0.06701
   0.06109	   0.06448
   0.05461	   0.06168
   0.04833	   0.05868
   0.04244	   0.05562
   0.03706	   0.05261
   0.03216	   0.04967
   0.02767	   0.04680
   0.02350	   0.04395
   0.01958	   0.04111
   0.01607	   0.03839
   0.01312	   0.03601
   0.01069	   0.03397
   0.00869	   0.03222
   0.00704	   0.03068
   0.00566	   0.02929
   0.00449	   0.02801
   0.00349	   0.02682
   0.00265	   0.02569
   0.00193	   0.02462
   0.00134	   0.02359
   0.00085	   0.02260
   0.00047	   0.02164
   0.00019	   0.02069
   0.00001	   0.01977
  -0.00007	   0.01886
  -0.00005	   0.01795
   0.00008	   0.01705
   0.00030	   0.01615
   0.00064	   0.01525
   0.00107	   0.01435
   0.00161	   0.01344
   0.00225	   0.01253
   0.00300	   0.01160
   0.00386	   0.01067
   0.00485	   0.00974
   0.00598	   0.00879
   0.00727	   0.00784
   0.00872	   0.00690
   0.01038	   0.00598
   0.01225	   0.00510
   0.01438	   0.00432
   0.01680	   0.00367
   0.01959	   0.00315
   0.02282	   0.00274
   0.02656	   0.00232
   0.03081	   0.00179
   0.03551	   0.00119
   0.04046	   0.00062
   0.04552	   0.00018
   0.05065	  -0.00001
   0.05594	   0.00011
   0.06161	   0.00051
   0.06788	   0.00117
   0.07502	   0.00200
   0.08303	   0.00284
   0.09154	   0.00366
   0.10013	   0.00451
   0.10867	   0.00546
   0.11718	   0.00649
   0.12573	   0.00756
   0.13435	   0.00865
   0.14305	   0.00971
   0.15186	   0.01070
   0.16076	   0.01160
   0.16976	   0.01242
   0.17885	   0.01320
   0.18802	   0.01397
   0.19727	   0.01476
   0.20661	   0.01560
   0.21605	   0.01650
   0.22558	   0.01746
   0.23519	   0.01845
   0.24487	   0.01946
   0.25457	   0.02048
   0.26424	   0.02149
   0.27385	   0.02248
   0.28339	   0.02343
   0.29285	   0.02434
   0.30225	   0.02520
   0.31162	   0.02600
   0.32098	   0.02676
   0.33035	   0.02747
   0.33976	   0.02815
   0.34922	   0.02881
   0.35873	   0.02944
   0.36831	   0.03005
   0.37794	   0.03065
   0.38764	   0.03125
   0.39738	   0.03184
   0.40714	   0.03244
   0.41692	   0.03303
   0.42669	   0.03362
   0.43643	   0.03420
   0.44614	   0.03477
   0.45582	   0.03532
   0.46546	   0.03584
   0.47506	   0.03634
   0.48462	   0.03681
   0.49416	   0.03725
   0.50369	   0.03765
   0.51322	   0.03802
   0.52276	   0.03835
   0.53232	   0.03865
   0.54191	   0.03892
   0.55153	   0.03916
   0.56117	   0.03938
   0.57084	   0.03957
   0.58052	   0.03973
   0.59021	   0.03987
   0.59989	   0.04000
   0.60955	   0.04010
   0.61916	   0.04018
   0.62872	   0.04023
   0.63822	   0.04024
   0.64765	   0.04021
   0.65703	   0.04014
   0.66634	   0.04001
   0.67561	   0.03982
   0.68484	   0.03957
   0.69404	   0.03925
   0.70324	   0.03885
   0.71246	   0.03838
   0.72171	   0.03783
   0.73101	   0.03722
   0.74036	   0.03653
   0.74978	   0.03578
   0.75925	   0.03497
   0.76878	   0.03411
   0.77835	   0.03320
   0.78794	   0.03225
   0.79752	   0.03126
   0.80706	   0.03025
   0.81654	   0.02922
   0.82592	   0.02816
   0.83520	   0.02708
   0.84437	   0.02596
   0.85346	   0.02481
   0.86247	   0.02362
   0.87143	   0.02238
   0.88037	   0.02108
   0.88933	   0.01972
   0.89835	   0.01827
   0.90750	   0.01673
   0.91682	   0.01509
   0.92631	   0.01338
   0.93586	   0.01162
   0.94530	   0.00987
   0.95438	   0.00819
   0.96292	   0.00663
   0.97082	   0.00519
   0.97808	   0.00389
   0.98473	   0.00270
   0.99084	   0.00161
   0.99647	   0.00062
   1.00000	   0.00000
