BE8505E
   1.00000	   0.00000
   0.99662	   0.00063
   0.99124	   0.00163
   0.98541	   0.00270
   0.97907	   0.00385
   0.97216	   0.00510
   0.96461	   0.00644
   0.95639	   0.00789
   0.94754	   0.00943
   0.93820	   0.01102
   0.92877	   0.01262
   0.91939	   0.01421
   0.90995	   0.01581
   0.90049	   0.01742
   0.89117	   0.01902
   0.88195	   0.02062
   0.87279	   0.02223
   0.86365	   0.02384
   0.85452	   0.02545
   0.84538	   0.02707
   0.83621	   0.02869
   0.82699	   0.03031
   0.81772	   0.03193
   0.80840	   0.03355
   0.79902	   0.03517
   0.78961	   0.03677
   0.78016	   0.03836
   0.77068	   0.03994
   0.76119	   0.04151
   0.75169	   0.04308
   0.74218	   0.04463
   0.73268	   0.04618
   0.72317	   0.04773
   0.71367	   0.04928
   0.70416	   0.05082
   0.69466	   0.05237
   0.68514	   0.05393
   0.67562	   0.05549
   0.66609	   0.05706
   0.65656	   0.05862
   0.64704	   0.06020
   0.63753	   0.06177
   0.62802	   0.06334
   0.61851	   0.06492
   0.60898	   0.06651
   0.59946	   0.06809
   0.58996	   0.06967
   0.58049	   0.07124
   0.57107	   0.07279
   0.56169	   0.07432
   0.55235	   0.07582
   0.54306	   0.07728
   0.53382	   0.07870
   0.52460	   0.08007
   0.51542	   0.08139
   0.50626	   0.08266
   0.49711	   0.08388
   0.48796	   0.08503
   0.47880	   0.08613
   0.46963	   0.08717
   0.46044	   0.08816
   0.45122	   0.08911
   0.44197	   0.09000
   0.43270	   0.09086
   0.42340	   0.09166
   0.41408	   0.09243
   0.40474	   0.09315
   0.39540	   0.09383
   0.38606	   0.09447
   0.37672	   0.09506
   0.36740	   0.09560
   0.35811	   0.09608
   0.34885	   0.09650
   0.33962	   0.09685
   0.33043	   0.09713
   0.32129	   0.09733
   0.31219	   0.09746
   0.30314	   0.09750
   0.29413	   0.09746
   0.28518	   0.09734
   0.27626	   0.09713
   0.26736	   0.09683
   0.25846	   0.09644
   0.24951	   0.09597
   0.24047	   0.09541
   0.23130	   0.09475
   0.22201	   0.09401
   0.21264	   0.09319
   0.20329	   0.09232
   0.19411	   0.09141
   0.18522	   0.09047
   0.17665	   0.08948
   0.16837	   0.08840
   0.16028	   0.08723
   0.15227	   0.08591
   0.14416	   0.08439
   0.13575	   0.08264
   0.12689	   0.08064
   0.11763	   0.07842
   0.10838	   0.07612
   0.09923	   0.07380
   0.09089	   0.07167
   0.08342	   0.06962
   0.07649	   0.06750
   0.06968	   0.06510
   0.06252	   0.06230
   0.05485	   0.05908
   0.04725	   0.05582
   0.04065	   0.05293
   0.03513	   0.05038
   0.03039	   0.04801
   0.02618	   0.04569
   0.02229	   0.04331
   0.01862	   0.04080
   0.01532	   0.03830
   0.01252	   0.03602
   0.01021	   0.03403
   0.00830	   0.03229
   0.00673	   0.03075
   0.00540	   0.02935
   0.00427	   0.02807
   0.00331	   0.02687
   0.00249	   0.02574
   0.00180	   0.02467
   0.00122	   0.02365
   0.00075	   0.02267
   0.00037	   0.02172
   0.00010	   0.02080
  -0.00009	   0.01990
  -0.00018	   0.01903
  -0.00017	   0.01817
  -0.00007	   0.01732
   0.00015	   0.01648
   0.00047	   0.01564
   0.00090	   0.01480
   0.00143	   0.01396
   0.00209	   0.01312
   0.00286	   0.01226
   0.00376	   0.01139
   0.00481	   0.01050
   0.00603	   0.00959
   0.00744	   0.00865
   0.00908	   0.00769
   0.01099	   0.00669
   0.01324	   0.00569
   0.01587	   0.00471
   0.01895	   0.00379
   0.02256	   0.00296
   0.02669	   0.00221
   0.03138	   0.00149
   0.03661	   0.00085
   0.04231	   0.00035
   0.04840	   0.00004
   0.05488	  -0.00002
   0.06191	   0.00019
   0.06969	   0.00063
   0.07829	   0.00124
   0.08737	   0.00193
   0.09643	   0.00268
   0.10531	   0.00350
   0.11405	   0.00437
   0.12276	   0.00528
   0.13147	   0.00620
   0.14023	   0.00708
   0.14905	   0.00792
   0.15790	   0.00866
   0.16676	   0.00934
   0.17560	   0.01000
   0.18440	   0.01067
   0.19316	   0.01138
   0.20187	   0.01218
   0.21054	   0.01308
   0.21919	   0.01406
   0.22785	   0.01506
   0.23652	   0.01606
   0.24523	   0.01701
   0.25401	   0.01789
   0.26286	   0.01867
   0.27181	   0.01939
   0.28085	   0.02007
   0.28998	   0.02074
   0.29920	   0.02144
   0.30848	   0.02218
   0.31780	   0.02296
   0.32713	   0.02377
   0.33647	   0.02461
   0.34579	   0.02545
   0.35510	   0.02629
   0.36437	   0.02712
   0.37362	   0.02792
   0.38285	   0.02869
   0.39206	   0.02941
   0.40127	   0.03009
   0.41048	   0.03071
   0.41970	   0.03128
   0.42896	   0.03180
   0.43825	   0.03229
   0.44758	   0.03274
   0.45695	   0.03318
   0.46638	   0.03359
   0.47585	   0.03399
   0.48536	   0.03439
   0.49490	   0.03478
   0.50447	   0.03519
   0.51405	   0.03561
   0.52364	   0.03603
   0.53322	   0.03645
   0.54278	   0.03686
   0.55232	   0.03727
   0.56184	   0.03766
   0.57134	   0.03803
   0.58080	   0.03838
   0.59025	   0.03870
   0.59966	   0.03899
   0.60906	   0.03925
   0.61844	   0.03946
   0.62781	   0.03964
   0.63716	   0.03978
   0.64651	   0.03988
   0.65584	   0.03993
   0.66516	   0.03993
   0.67448	   0.03989
   0.68377	   0.03979
   0.69305	   0.03965
   0.70231	   0.03944
   0.71154	   0.03919
   0.72074	   0.03887
   0.72990	   0.03849
   0.73903	   0.03804
   0.74812	   0.03753
   0.75717	   0.03694
   0.76618	   0.03627
   0.77515	   0.03553
   0.78409	   0.03470
   0.79300	   0.03379
   0.80188	   0.03278
   0.81073	   0.03168
   0.81958	   0.03050
   0.82842	   0.02925
   0.83727	   0.02793
   0.84613	   0.02655
   0.85503	   0.02511
   0.86397	   0.02363
   0.87298	   0.02212
   0.88207	   0.02057
   0.89128	   0.01899
   0.90061	   0.01740
   0.91008	   0.01579
   0.91949	   0.01420
   0.92882	   0.01262
   0.93822	   0.01102
   0.94757	   0.00942
   0.95642	   0.00788
   0.96463	   0.00644
   0.97217	   0.00509
   0.97908	   0.00385
   0.98541	   0.00270
   0.99124	   0.00163
   0.99662	   0.00063
   1.00000	   0.00000
