Benedek 8405 A
   1.00000	   0.00280
   0.99640	   0.00386
   0.99068	   0.00554
   0.98453	   0.00733
   0.97790	   0.00924
   0.97073	   0.01129
   0.96300	   0.01348
   0.95470	   0.01580
   0.94588	   0.01824
   0.93666	   0.02075
   0.92722	   0.02329
   0.91769	   0.02582
   0.90818	   0.02830
   0.89874	   0.03072
   0.88937	   0.03309
   0.88004	   0.03540
   0.87073	   0.03767
   0.86142	   0.03991
   0.85209	   0.04211
   0.84274	   0.04427
   0.83335	   0.04641
   0.82393	   0.04852
   0.81445	   0.05060
   0.80494	   0.05265
   0.79538	   0.05467
   0.78580	   0.05666
   0.77618	   0.05862
   0.76655	   0.06054
   0.75691	   0.06243
   0.74726	   0.06428
   0.73760	   0.06609
   0.72795	   0.06787
   0.71830	   0.06961
   0.70865	   0.07131
   0.69901	   0.07297
   0.68937	   0.07460
   0.67974	   0.07618
   0.67011	   0.07773
   0.66048	   0.07924
   0.65085	   0.08071
   0.64123	   0.08214
   0.63161	   0.08353
   0.62199	   0.08488
   0.61236	   0.08619
   0.60273	   0.08745
   0.59310	   0.08867
   0.58347	   0.08985
   0.57382	   0.09098
   0.56417	   0.09207
   0.55451	   0.09313
   0.54484	   0.09414
   0.53516	   0.09511
   0.52547	   0.09604
   0.51578	   0.09693
   0.50607	   0.09779
   0.49635	   0.09860
   0.48662	   0.09938
   0.47688	   0.10012
   0.46714	   0.10082
   0.45738	   0.10148
   0.44763	   0.10211
   0.43786	   0.10269
   0.42810	   0.10324
   0.41834	   0.10375
   0.40859	   0.10422
   0.39884	   0.10465
   0.38911	   0.10504
   0.37940	   0.10539
   0.36971	   0.10569
   0.36005	   0.10593
   0.35043	   0.10612
   0.34085	   0.10625
   0.33131	   0.10631
   0.32182	   0.10630
   0.31239	   0.10622
   0.30302	   0.10607
   0.29372	   0.10584
   0.28449	   0.10552
   0.27534	   0.10512
   0.26624	   0.10463
   0.25720	   0.10404
   0.24821	   0.10335
   0.23923	   0.10255
   0.23025	   0.10165
   0.22128	   0.10063
   0.21230	   0.09951
   0.20333	   0.09828
   0.19438	   0.09695
   0.18547	   0.09553
   0.17661	   0.09400
   0.16779	   0.09238
   0.15899	   0.09066
   0.15019	   0.08884
   0.14135	   0.08690
   0.13245	   0.08484
   0.12350	   0.08266
   0.11459	   0.08038
   0.10583	   0.07802
   0.09737	   0.07565
   0.08934	   0.07328
   0.08176	   0.07090
   0.07454	   0.06844
   0.06756	   0.06585
   0.06075	   0.06313
   0.05417	   0.06034
   0.04797	   0.05759
   0.04233	   0.05496
   0.03728	   0.05249
   0.03280	   0.05017
   0.02880	   0.04800
   0.02523	   0.04594
   0.02201	   0.04397
   0.01910	   0.04207
   0.01648	   0.04024
   0.01413	   0.03849
   0.01205	   0.03683
   0.01020	   0.03528
   0.00857	   0.03381
   0.00715	   0.03244
   0.00591	   0.03114
   0.00481	   0.02990
   0.00386	   0.02871
   0.00303	   0.02756
   0.00231	   0.02645
   0.00170	   0.02537
   0.00119	   0.02431
   0.00077	   0.02327
   0.00044	   0.02224
   0.00020	   0.02123
   0.00005	   0.02022
  -0.00001	   0.01922
   0.00002	   0.01822
   0.00014	   0.01722
   0.00035	   0.01622
   0.00065	   0.01521
   0.00104	   0.01420
   0.00150	   0.01319
   0.00206	   0.01217
   0.00269	   0.01115
   0.00342	   0.01014
   0.00424	   0.00912
   0.00516	   0.00811
   0.00619	   0.00711
   0.00732	   0.00612
   0.00857	   0.00516
   0.00996	   0.00424
   0.01149	   0.00338
   0.01317	   0.00262
   0.01502	   0.00197
   0.01707	   0.00145
   0.01936	   0.00106
   0.02194	   0.00079
   0.02486	   0.00061
   0.02818	   0.00045
   0.03197	   0.00030
   0.03627	   0.00019
   0.04108	   0.00012
   0.04633	   0.00013
   0.05198	   0.00025
   0.05806	   0.00050
   0.06468	   0.00090
   0.07194	   0.00144
   0.07983	   0.00214
   0.08822	   0.00297
   0.09691	   0.00394
   0.10577	   0.00501
   0.11480	   0.00618
   0.12399	   0.00744
   0.13334	   0.00875
   0.14283	   0.01009
   0.15243	   0.01144
   0.16208	   0.01276
   0.17177	   0.01405
   0.18145	   0.01530
   0.19113	   0.01652
   0.20081	   0.01770
   0.21053	   0.01884
   0.22030	   0.01996
   0.23014	   0.02105
   0.24003	   0.02213
   0.24993	   0.02319
   0.25980	   0.02424
   0.26958	   0.02525
   0.27925	   0.02622
   0.28881	   0.02712
   0.29826	   0.02795
   0.30764	   0.02871
   0.31699	   0.02939
   0.32633	   0.03000
   0.33569	   0.03056
   0.34510	   0.03106
   0.35456	   0.03151
   0.36410	   0.03192
   0.37371	   0.03228
   0.38341	   0.03261
   0.39319	   0.03291
   0.40305	   0.03318
   0.41296	   0.03343
   0.42292	   0.03365
   0.43291	   0.03385
   0.44291	   0.03402
   0.45293	   0.03417
   0.46294	   0.03430
   0.47293	   0.03441
   0.48292	   0.03450
   0.49289	   0.03456
   0.50284	   0.03461
   0.51278	   0.03464
   0.52270	   0.03465
   0.53261	   0.03464
   0.54251	   0.03460
   0.55239	   0.03454
   0.56227	   0.03446
   0.57213	   0.03435
   0.58199	   0.03422
   0.59184	   0.03406
   0.60168	   0.03387
   0.61152	   0.03364
   0.62135	   0.03339
   0.63117	   0.03311
   0.64099	   0.03280
   0.65080	   0.03246
   0.66062	   0.03209
   0.67043	   0.03169
   0.68024	   0.03126
   0.69006	   0.03080
   0.69989	   0.03031
   0.70973	   0.02979
   0.71958	   0.02924
   0.72945	   0.02865
   0.73933	   0.02804
   0.74921	   0.02740
   0.75911	   0.02672
   0.76900	   0.02602
   0.77888	   0.02528
   0.78873	   0.02451
   0.79855	   0.02372
   0.80833	   0.02290
   0.81804	   0.02205
   0.82769	   0.02117
   0.83727	   0.02027
   0.84679	   0.01933
   0.85627	   0.01837
   0.86571	   0.01737
   0.87514	   0.01633
   0.88459	   0.01525
   0.89409	   0.01412
   0.90368	   0.01294
   0.91339	   0.01170
   0.92323	   0.01041
   0.93309	   0.00909
   0.94283	   0.00778
   0.95222	   0.00650
   0.96109	   0.00529
   0.96932	   0.00417
   0.97691	   0.00314
   0.98390	   0.00219
   0.99033	   0.00131
   0.99628	   0.00051
   1.00000	   0.00000
