Benedek 12355 B
   1.00000	   0.00250
   0.99642	   0.00352
   0.99087	   0.00509
   0.98510	   0.00672
   0.97908	   0.00841
   0.97279	   0.01017
   0.96622	   0.01200
   0.95935	   0.01391
   0.95216	   0.01589
   0.94463	   0.01796
   0.93674	   0.02012
   0.92848	   0.02236
   0.91987	   0.02469
   0.91090	   0.02709
   0.90160	   0.02957
   0.89203	   0.03211
   0.88227	   0.03468
   0.87257	   0.03721
   0.86294	   0.03971
   0.85332	   0.04218
   0.84367	   0.04464
   0.83396	   0.04709
   0.82417	   0.04955
   0.81436	   0.05198
   0.80463	   0.05437
   0.79498	   0.05672
   0.78538	   0.05903
   0.77581	   0.06130
   0.76627	   0.06355
   0.75674	   0.06576
   0.74721	   0.06793
   0.73768	   0.07008
   0.72813	   0.07219
   0.71858	   0.07427
   0.70901	   0.07631
   0.69943	   0.07832
   0.68986	   0.08028
   0.68028	   0.08220
   0.67072	   0.08407
   0.66116	   0.08590
   0.65161	   0.08768
   0.64207	   0.08941
   0.63254	   0.09110
   0.62300	   0.09274
   0.61346	   0.09433
   0.60389	   0.09588
   0.59430	   0.09739
   0.58466	   0.09886
   0.57497	   0.10030
   0.56523	   0.10171
   0.55543	   0.10311
   0.54559	   0.10451
   0.53572	   0.10590
   0.52583	   0.10729
   0.51595	   0.10869
   0.50611	   0.11011
   0.49635	   0.11154
   0.48670	   0.11297
   0.47717	   0.11439
   0.46779	   0.11577
   0.45855	   0.11710
   0.44944	   0.11837
   0.44045	   0.11955
   0.43157	   0.12065
   0.42275	   0.12164
   0.41399	   0.12253
   0.40524	   0.12330
   0.39647	   0.12394
   0.38763	   0.12446
   0.37870	   0.12486
   0.36963	   0.12515
   0.36041	   0.12536
   0.35102	   0.12548
   0.34147	   0.12555
   0.33178	   0.12556
   0.32197	   0.12555
   0.31212	   0.12552
   0.30230	   0.12550
   0.29259	   0.12551
   0.28308	   0.12551
   0.27380	   0.12549
   0.26473	   0.12539
   0.25583	   0.12520
   0.24704	   0.12488
   0.23828	   0.12442
   0.22948	   0.12382
   0.22063	   0.12308
   0.21171	   0.12222
   0.20277	   0.12123
   0.19387	   0.12013
   0.18509	   0.11893
   0.17648	   0.11762
   0.16807	   0.11618
   0.15984	   0.11462
   0.15177	   0.11290
   0.14380	   0.11102
   0.13589	   0.10896
   0.12801	   0.10672
   0.12012	   0.10430
   0.11224	   0.10170
   0.10438	   0.09892
   0.09656	   0.09599
   0.08884	   0.09292
   0.08127	   0.08975
   0.07386	   0.08649
   0.06664	   0.08315
   0.05971	   0.07975
   0.05320	   0.07636
   0.04726	   0.07305
   0.04195	   0.06989
   0.03723	   0.06689
   0.03299	   0.06402
   0.02915	   0.06124
   0.02563	   0.05851
   0.02236	   0.05579
   0.01929	   0.05308
   0.01646	   0.05047
   0.01393	   0.04808
   0.01172	   0.04595
   0.00980	   0.04407
   0.00815	   0.04239
   0.00673	   0.04087
   0.00550	   0.03947
   0.00444	   0.03817
   0.00352	   0.03694
   0.00273	   0.03577
   0.00205	   0.03465
   0.00147	   0.03358
   0.00099	   0.03253
   0.00060	   0.03151
   0.00031	   0.03052
   0.00010	   0.02954
  -0.00002	   0.02857
  -0.00005	   0.02761
   0.00002	   0.02665
   0.00018	   0.02570
   0.00043	   0.02474
   0.00078	   0.02377
   0.00121	   0.02280
   0.00174	   0.02182
   0.00237	   0.02082
   0.00309	   0.01982
   0.00392	   0.01880
   0.00487	   0.01776
   0.00594	   0.01671
   0.00715	   0.01565
   0.00851	   0.01457
   0.01004	   0.01348
   0.01177	   0.01241
   0.01371	   0.01137
   0.01588	   0.01040
   0.01833	   0.00950
   0.02110	   0.00866
   0.02424	   0.00788
   0.02781	   0.00707
   0.03188	   0.00623
   0.03649	   0.00536
   0.04168	   0.00449
   0.04741	   0.00364
   0.05366	   0.00285
   0.06044	   0.00214
   0.06777	   0.00151
   0.07559	   0.00096
   0.08377	   0.00051
   0.09213	   0.00018
   0.10056	  -0.00001
   0.10910	  -0.00004
   0.11782	   0.00008
   0.12680	   0.00032
   0.13608	   0.00067
   0.14566	   0.00109
   0.15550	   0.00157
   0.16547	   0.00206
   0.17548	   0.00255
   0.18545	   0.00303
   0.19535	   0.00349
   0.20520	   0.00392
   0.21503	   0.00432
   0.22487	   0.00468
   0.23474	   0.00502
   0.24466	   0.00534
   0.25461	   0.00563
   0.26457	   0.00591
   0.27454	   0.00616
   0.28450	   0.00639
   0.29444	   0.00660
   0.30438	   0.00678
   0.31432	   0.00694
   0.32427	   0.00707
   0.33424	   0.00719
   0.34423	   0.00730
   0.35425	   0.00739
   0.36429	   0.00747
   0.37436	   0.00754
   0.38445	   0.00760
   0.39457	   0.00767
   0.40471	   0.00773
   0.41486	   0.00779
   0.42501	   0.00785
   0.43516	   0.00791
   0.44530	   0.00797
   0.45544	   0.00802
   0.46557	   0.00807
   0.47569	   0.00812
   0.48579	   0.00816
   0.49588	   0.00819
   0.50596	   0.00821
   0.51603	   0.00823
   0.52610	   0.00824
   0.53615	   0.00823
   0.54621	   0.00822
   0.55626	   0.00820
   0.56631	   0.00817
   0.57636	   0.00813
   0.58642	   0.00808
   0.59647	   0.00802
   0.60652	   0.00795
   0.61658	   0.00787
   0.62664	   0.00778
   0.63670	   0.00767
   0.64676	   0.00755
   0.65682	   0.00742
   0.66688	   0.00728
   0.67693	   0.00712
   0.68697	   0.00695
   0.69700	   0.00676
   0.70702	   0.00656
   0.71701	   0.00634
   0.72699	   0.00612
   0.73696	   0.00588
   0.74691	   0.00564
   0.75686	   0.00539
   0.76681	   0.00514
   0.77677	   0.00489
   0.78677	   0.00463
   0.79682	   0.00438
   0.80693	   0.00413
   0.81702	   0.00388
   0.82701	   0.00364
   0.83692	   0.00341
   0.84676	   0.00318
   0.85655	   0.00296
   0.86635	   0.00273
   0.87618	   0.00252
   0.88613	   0.00230
   0.89620	   0.00208
   0.90608	   0.00187
   0.91563	   0.00167
   0.92479	   0.00148
   0.93356	   0.00130
   0.94192	   0.00113
   0.94988	   0.00097
   0.95747	   0.00082
   0.96470	   0.00068
   0.97160	   0.00054
   0.97818	   0.00041
   0.98447	   0.00029
   0.99050	   0.00018
   0.99628	   0.00007
   1.00000	   0.00000
