Benedek 8353 B-2
   1.00000	   0.00400
   0.99683	   0.00447
   0.99177	   0.00523
   0.98630	   0.00604
   0.98033	   0.00694
   0.97382	   0.00791
   0.96667	   0.00899
   0.95885	   0.01016
   0.95039	   0.01144
   0.94156	   0.01278
   0.93291	   0.01409
   0.92433	   0.01538
   0.91568	   0.01668
   0.90688	   0.01799
   0.89797	   0.01930
   0.88919	   0.02057
   0.88052	   0.02181
   0.87191	   0.02304
   0.86332	   0.02424
   0.85474	   0.02544
   0.84612	   0.02664
   0.83747	   0.02783
   0.82876	   0.02903
   0.81999	   0.03024
   0.81114	   0.03146
   0.80224	   0.03269
   0.79327	   0.03393
   0.78432	   0.03518
   0.77540	   0.03643
   0.76650	   0.03768
   0.75761	   0.03893
   0.74871	   0.04018
   0.73981	   0.04143
   0.73089	   0.04268
   0.72196	   0.04393
   0.71300	   0.04519
   0.70403	   0.04644
   0.69507	   0.04768
   0.68614	   0.04892
   0.67722	   0.05014
   0.66832	   0.05135
   0.65944	   0.05255
   0.65057	   0.05372
   0.64172	   0.05488
   0.63286	   0.05601
   0.62402	   0.05712
   0.61517	   0.05821
   0.60632	   0.05926
   0.59747	   0.06029
   0.58860	   0.06129
   0.57973	   0.06225
   0.57083	   0.06320
   0.56193	   0.06411
   0.55300	   0.06501
   0.54406	   0.06589
   0.53510	   0.06675
   0.52613	   0.06760
   0.51714	   0.06844
   0.50815	   0.06926
   0.49915	   0.07008
   0.49015	   0.07089
   0.48116	   0.07168
   0.47217	   0.07247
   0.46320	   0.07324
   0.45424	   0.07399
   0.44529	   0.07472
   0.43636	   0.07542
   0.42745	   0.07610
   0.41854	   0.07675
   0.40965	   0.07737
   0.40076	   0.07795
   0.39189	   0.07850
   0.38301	   0.07901
   0.37413	   0.07949
   0.36525	   0.07993
   0.35637	   0.08033
   0.34749	   0.08070
   0.33860	   0.08103
   0.32971	   0.08132
   0.32083	   0.08157
   0.31194	   0.08178
   0.30306	   0.08195
   0.29418	   0.08208
   0.28533	   0.08217
   0.27648	   0.08221
   0.26766	   0.08220
   0.25886	   0.08213
   0.25010	   0.08200
   0.24136	   0.08181
   0.23266	   0.08155
   0.22399	   0.08123
   0.21532	   0.08084
   0.20665	   0.08039
   0.19793	   0.07987
   0.18914	   0.07928
   0.18025	   0.07862
   0.17128	   0.07790
   0.16226	   0.07713
   0.15329	   0.07631
   0.14449	   0.07547
   0.13596	   0.07459
   0.12775	   0.07363
   0.11981	   0.07256
   0.11211	   0.07135
   0.10454	   0.06995
   0.09699	   0.06832
   0.08933	   0.06642
   0.08141	   0.06429
   0.07307	   0.06196
   0.06461	   0.05955
   0.05619	   0.05701
   0.04842	   0.05446
   0.04217	   0.05219
   0.03701	   0.05011
   0.03249	   0.04806
   0.02824	   0.04588
   0.02390	   0.04331
   0.01854	   0.03958
   0.01322	   0.03555
   0.00989	   0.03300
   0.00762	   0.03119
   0.00592	   0.02975
   0.00458	   0.02852
   0.00348	   0.02742
   0.00258	   0.02642
   0.00184	   0.02549
   0.00124	   0.02462
   0.00075	   0.02378
   0.00039	   0.02299
   0.00013	   0.02221
  -0.00003	   0.02146
  -0.00007	   0.02073
   0.00000	   0.02000
   0.00019	   0.01928
   0.00049	   0.01855
   0.00092	   0.01783
   0.00147	   0.01708
   0.00216	   0.01632
   0.00299	   0.01554
   0.00400	   0.01472
   0.00523	   0.01384
   0.00673	   0.01290
   0.00862	   0.01184
   0.01111	   0.01062
   0.01464	   0.00912
   0.01978	   0.00736
   0.02561	   0.00586
   0.03128	   0.00467
   0.03717	   0.00364
   0.04363	   0.00272
   0.05094	   0.00191
   0.05907	   0.00126
   0.06767	   0.00079
   0.07636	   0.00045
   0.08493	   0.00018
   0.09332	   0.00002
   0.10156	   0.00001
   0.10971	   0.00016
   0.11787	   0.00043
   0.12609	   0.00080
   0.13443	   0.00122
   0.14292	   0.00166
   0.15155	   0.00207
   0.16030	   0.00241
   0.16914	   0.00270
   0.17804	   0.00295
   0.18697	   0.00318
   0.19592	   0.00340
   0.20489	   0.00363
   0.21388	   0.00388
   0.22288	   0.00414
   0.23191	   0.00442
   0.24095	   0.00471
   0.25000	   0.00500
   0.25905	   0.00529
   0.26809	   0.00558
   0.27710	   0.00586
   0.28609	   0.00613
   0.29506	   0.00637
   0.30401	   0.00660
   0.31294	   0.00680
   0.32188	   0.00697
   0.33081	   0.00713
   0.33976	   0.00728
   0.34872	   0.00741
   0.35769	   0.00752
   0.36668	   0.00763
   0.37568	   0.00774
   0.38470	   0.00783
   0.39374	   0.00793
   0.40279	   0.00803
   0.41185	   0.00813
   0.42091	   0.00824
   0.42997	   0.00834
   0.43904	   0.00844
   0.44809	   0.00854
   0.45714	   0.00864
   0.46618	   0.00873
   0.47522	   0.00881
   0.48425	   0.00889
   0.49327	   0.00896
   0.50229	   0.00901
   0.51130	   0.00906
   0.52031	   0.00910
   0.52933	   0.00912
   0.53834	   0.00914
   0.54735	   0.00914
   0.55637	   0.00914
   0.56539	   0.00913
   0.57442	   0.00911
   0.58345	   0.00908
   0.59248	   0.00904
   0.60151	   0.00899
   0.61054	   0.00894
   0.61956	   0.00887
   0.62859	   0.00880
   0.63762	   0.00873
   0.64664	   0.00864
   0.65566	   0.00855
   0.66468	   0.00845
   0.67370	   0.00835
   0.68272	   0.00823
   0.69174	   0.00811
   0.70078	   0.00799
   0.70982	   0.00786
   0.71887	   0.00772
   0.72794	   0.00757
   0.73699	   0.00741
   0.74603	   0.00724
   0.75507	   0.00707
   0.76410	   0.00688
   0.77315	   0.00668
   0.78220	   0.00646
   0.79125	   0.00623
   0.80026	   0.00599
   0.80922	   0.00574
   0.81813	   0.00547
   0.82698	   0.00520
   0.83577	   0.00492
   0.84450	   0.00464
   0.85320	   0.00437
   0.86188	   0.00409
   0.87056	   0.00383
   0.87926	   0.00357
   0.88802	   0.00332
   0.89687	   0.00308
   0.90586	   0.00286
   0.91481	   0.00265
   0.92361	   0.00245
   0.93236	   0.00225
   0.94117	   0.00203
   0.95011	   0.00180
   0.95859	   0.00155
   0.96643	   0.00130
   0.97361	   0.00105
   0.98016	   0.00081
   0.98617	   0.00058
   0.99169	   0.00036
   0.99680	   0.00014
   1.00000	   0.00000
