BOEING VERTOL V43015-2,48
   1.00000	   0.00000
   0.99602	   0.00087
   0.98968	   0.00225
   0.98284	   0.00374
   0.97543	   0.00535
   0.96740	   0.00710
   0.95869	   0.00900
   0.94927	   0.01106
   0.93921	   0.01325
   0.92862	   0.01556
   0.91767	   0.01793
   0.90649	   0.02032
   0.89519	   0.02271
   0.88379	   0.02509
   0.87229	   0.02746
   0.86071	   0.02981
   0.84905	   0.03214
   0.83732	   0.03445
   0.82552	   0.03675
   0.81367	   0.03902
   0.80178	   0.04127
   0.78984	   0.04349
   0.77787	   0.04569
   0.76588	   0.04787
   0.75387	   0.05002
   0.74184	   0.05214
   0.72981	   0.05424
   0.71776	   0.05630
   0.70572	   0.05834
   0.69366	   0.06035
   0.68160	   0.06234
   0.66954	   0.06429
   0.65747	   0.06622
   0.64540	   0.06812
   0.63333	   0.06999
   0.62127	   0.07183
   0.60920	   0.07364
   0.59715	   0.07542
   0.58512	   0.07716
   0.57310	   0.07887
   0.56111	   0.08055
   0.54914	   0.08218
   0.53720	   0.08378
   0.52529	   0.08533
   0.51340	   0.08685
   0.50154	   0.08831
   0.48971	   0.08973
   0.47790	   0.09111
   0.46610	   0.09244
   0.45433	   0.09373
   0.44257	   0.09497
   0.43082	   0.09617
   0.41908	   0.09732
   0.40734	   0.09843
   0.39560	   0.09949
   0.38386	   0.10051
   0.37211	   0.10148
   0.36036	   0.10240
   0.34864	   0.10326
   0.33697	   0.10406
   0.32539	   0.10480
   0.31393	   0.10547
   0.30263	   0.10607
   0.29154	   0.10660
   0.28068	   0.10704
   0.27005	   0.10740
   0.25962	   0.10765
   0.24935	   0.10781
   0.23917	   0.10785
   0.22904	   0.10779
   0.21897	   0.10764
   0.20900	   0.10739
   0.19920	   0.10707
   0.18968	   0.10668
   0.18051	   0.10620
   0.17171	   0.10563
   0.16328	   0.10496
   0.15521	   0.10418
   0.14746	   0.10329
   0.14001	   0.10229
   0.13282	   0.10118
   0.12586	   0.09996
   0.11912	   0.09863
   0.11257	   0.09721
   0.10625	   0.09571
   0.10016	   0.09414
   0.09435	   0.09254
   0.08884	   0.09091
   0.08362	   0.08922
   0.07867	   0.08749
   0.07396	   0.08569
   0.06945	   0.08382
   0.06512	   0.08189
   0.06096	   0.07990
   0.05697	   0.07789
   0.05315	   0.07586
   0.04951	   0.07382
   0.04606	   0.07180
   0.04280	   0.06980
   0.03972	   0.06781
   0.03681	   0.06584
   0.03406	   0.06388
   0.03146	   0.06193
   0.02899	   0.06000
   0.02666	   0.05810
   0.02445	   0.05623
   0.02238	   0.05439
   0.02042	   0.05260
   0.01859	   0.05085
   0.01687	   0.04913
   0.01524	   0.04743
   0.01371	   0.04573
   0.01225	   0.04403
   0.01087	   0.04233
   0.00956	   0.04061
   0.00832	   0.03889
   0.00714	   0.03716
   0.00603	   0.03544
   0.00500	   0.03373
   0.00403	   0.03204
   0.00314	   0.03037
   0.00231	   0.02872
   0.00156	   0.02709
   0.00087	   0.02549
   0.00024	   0.02391
  -0.00032	   0.02236
  -0.00081	   0.02083
  -0.00124	   0.01932
  -0.00161	   0.01784
  -0.00191	   0.01639
  -0.00215	   0.01496
  -0.00233	   0.01355
  -0.00245	   0.01217
  -0.00250	   0.01081
  -0.00248	   0.00947
  -0.00240	   0.00815
  -0.00224	   0.00686
  -0.00202	   0.00559
  -0.00173	   0.00433
  -0.00135	   0.00311
  -0.00090	   0.00190
  -0.00037	   0.00071
   0.00026	  -0.00045
   0.00097	  -0.00160
   0.00178	  -0.00272
   0.00267	  -0.00381
   0.00365	  -0.00487
   0.00471	  -0.00589
   0.00587	  -0.00688
   0.00710	  -0.00781
   0.00842	  -0.00869
   0.00983	  -0.00951
   0.01132	  -0.01025
   0.01289	  -0.01091
   0.01455	  -0.01151
   0.01630	  -0.01205
   0.01815	  -0.01255
   0.02010	  -0.01302
   0.02214	  -0.01348
   0.02428	  -0.01393
   0.02654	  -0.01437
   0.02891	  -0.01481
   0.03142	  -0.01525
   0.03406	  -0.01569
   0.03686	  -0.01613
   0.03982	  -0.01657
   0.04297	  -0.01702
   0.04632	  -0.01746
   0.04988	  -0.01789
   0.05369	  -0.01830
   0.05777	  -0.01869
   0.06214	  -0.01909
   0.06683	  -0.01949
   0.07187	  -0.01992
   0.07728	  -0.02041
   0.08310	  -0.02100
   0.08936	  -0.02169
   0.09608	  -0.02250
   0.10332	  -0.02344
   0.11111	  -0.02451
   0.11950	  -0.02571
   0.12853	  -0.02700
   0.13817	  -0.02836
   0.14833	  -0.02977
   0.15886	  -0.03122
   0.16956	  -0.03267
   0.18027	  -0.03408
   0.19090	  -0.03542
   0.20144	  -0.03666
   0.21195	  -0.03781
   0.22248	  -0.03886
   0.23309	  -0.03983
   0.24380	  -0.04072
   0.25462	  -0.04154
   0.26555	  -0.04227
   0.27657	  -0.04294
   0.28768	  -0.04353
   0.29887	  -0.04405
   0.31012	  -0.04451
   0.32144	  -0.04490
   0.33281	  -0.04524
   0.34423	  -0.04551
   0.35569	  -0.04572
   0.36721	  -0.04587
   0.37876	  -0.04597
   0.39035	  -0.04601
   0.40199	  -0.04599
   0.41367	  -0.04593
   0.42540	  -0.04581
   0.43718	  -0.04564
   0.44900	  -0.04542
   0.46087	  -0.04516
   0.47277	  -0.04485
   0.48472	  -0.04450
   0.49669	  -0.04411
   0.50868	  -0.04369
   0.52069	  -0.04322
   0.53270	  -0.04272
   0.54471	  -0.04218
   0.55671	  -0.04160
   0.56872	  -0.04098
   0.58072	  -0.04033
   0.59273	  -0.03964
   0.60475	  -0.03891
   0.61680	  -0.03814
   0.62887	  -0.03733
   0.64097	  -0.03649
   0.65312	  -0.03562
   0.66532	  -0.03471
   0.67755	  -0.03378
   0.68984	  -0.03281
   0.70216	  -0.03183
   0.71451	  -0.03082
   0.72689	  -0.02978
   0.73929	  -0.02873
   0.75169	  -0.02766
   0.76409	  -0.02657
   0.77647	  -0.02546
   0.78881	  -0.02434
   0.80111	  -0.02320
   0.81333	  -0.02205
   0.82548	  -0.02088
   0.83752	  -0.01970
   0.84946	  -0.01850
   0.86128	  -0.01727
   0.87296	  -0.01603
   0.88450	  -0.01477
   0.89589	  -0.01348
   0.90713	  -0.01216
   0.91820	  -0.01083
   0.92899	  -0.00949
   0.93941	  -0.00817
   0.94932	  -0.00689
   0.95861	  -0.00567
   0.96726	  -0.00451
   0.97527	  -0.00343
   0.98268	  -0.00242
   0.98956	  -0.00146
   0.99597	  -0.00057
   1.00000	   0.00000
