BOEING-VERTOL VR-1
   1.00000	   0.00000
   0.99655	   0.00057
   0.99073	   0.00153
   0.98398	   0.00264
   0.97619	   0.00392
   0.96751	   0.00533
   0.95827	   0.00684
   0.94884	   0.00838
   0.93936	   0.00994
   0.92974	   0.01153
   0.91988	   0.01317
   0.90976	   0.01485
   0.89944	   0.01657
   0.88914	   0.01827
   0.87889	   0.01997
   0.86863	   0.02165
   0.85833	   0.02334
   0.84797	   0.02504
   0.83765	   0.02671
   0.82740	   0.02837
   0.81720	   0.03001
   0.80704	   0.03163
   0.79691	   0.03323
   0.78680	   0.03481
   0.77669	   0.03638
   0.76658	   0.03792
   0.75648	   0.03945
   0.74638	   0.04095
   0.73630	   0.04243
   0.72623	   0.04388
   0.71617	   0.04530
   0.70614	   0.04669
   0.69612	   0.04805
   0.68611	   0.04937
   0.67612	   0.05067
   0.66615	   0.05193
   0.65618	   0.05315
   0.64622	   0.05434
   0.63626	   0.05549
   0.62632	   0.05661
   0.61639	   0.05769
   0.60647	   0.05873
   0.59657	   0.05973
   0.58669	   0.06069
   0.57683	   0.06160
   0.56698	   0.06247
   0.55715	   0.06329
   0.54733	   0.06407
   0.53753	   0.06479
   0.52774	   0.06547
   0.51795	   0.06610
   0.50817	   0.06668
   0.49838	   0.06720
   0.48860	   0.06768
   0.47882	   0.06811
   0.46903	   0.06849
   0.45924	   0.06883
   0.44944	   0.06911
   0.43964	   0.06934
   0.42983	   0.06953
   0.42001	   0.06967
   0.41019	   0.06976
   0.40037	   0.06980
   0.39053	   0.06979
   0.38070	   0.06974
   0.37086	   0.06964
   0.36101	   0.06950
   0.35116	   0.06931
   0.34130	   0.06907
   0.33144	   0.06879
   0.32158	   0.06846
   0.31173	   0.06809
   0.30190	   0.06767
   0.29210	   0.06721
   0.28233	   0.06670
   0.27259	   0.06614
   0.26288	   0.06554
   0.25319	   0.06489
   0.24351	   0.06418
   0.23383	   0.06342
   0.22413	   0.06261
   0.21438	   0.06174
   0.20461	   0.06081
   0.19483	   0.05984
   0.18510	   0.05884
   0.17547	   0.05779
   0.16597	   0.05670
   0.15658	   0.05557
   0.14727	   0.05436
   0.13801	   0.05309
   0.12877	   0.05175
   0.11957	   0.05035
   0.11048	   0.04890
   0.10158	   0.04743
   0.09296	   0.04594
   0.08470	   0.04446
   0.07688	   0.04299
   0.06957	   0.04154
   0.06282	   0.04010
   0.05665	   0.03868
   0.05105	   0.03730
   0.04598	   0.03594
   0.04141	   0.03463
   0.03728	   0.03336
   0.03355	   0.03213
   0.03019	   0.03094
   0.02713	   0.02978
   0.02433	   0.02865
   0.02178	   0.02754
   0.01943	   0.02645
   0.01727	   0.02538
   0.01528	   0.02431
   0.01346	   0.02325
   0.01179	   0.02217
   0.01026	   0.02108
   0.00888	   0.01998
   0.00761	   0.01885
   0.00647	   0.01770
   0.00543	   0.01654
   0.00449	   0.01535
   0.00365	   0.01415
   0.00290	   0.01295
   0.00224	   0.01175
   0.00166	   0.01056
   0.00117	   0.00937
   0.00075	   0.00819
   0.00041	   0.00702
   0.00015	   0.00586
  -0.00004	   0.00470
  -0.00015	   0.00356
  -0.00019	   0.00243
  -0.00015	   0.00130
  -0.00003	   0.00018
   0.00018	  -0.00093
   0.00046	  -0.00203
   0.00083	  -0.00312
   0.00127	  -0.00420
   0.00180	  -0.00527
   0.00241	  -0.00631
   0.00311	  -0.00732
   0.00389	  -0.00831
   0.00476	  -0.00925
   0.00574	  -0.01013
   0.00681	  -0.01096
   0.00799	  -0.01172
   0.00929	  -0.01243
   0.01071	  -0.01309
   0.01226	  -0.01371
   0.01396	  -0.01431
   0.01581	  -0.01489
   0.01782	  -0.01550
   0.01997	  -0.01615
   0.02227	  -0.01687
   0.02474	  -0.01765
   0.02739	  -0.01849
   0.03028	  -0.01935
   0.03346	  -0.02023
   0.03699	  -0.02113
   0.04094	  -0.02206
   0.04538	  -0.02302
   0.05038	  -0.02404
   0.05598	  -0.02511
   0.06216	  -0.02623
   0.06882	  -0.02736
   0.07583	  -0.02846
   0.08309	  -0.02948
   0.09064	  -0.03042
   0.09860	  -0.03129
   0.10708	  -0.03213
   0.11608	  -0.03295
   0.12543	  -0.03377
   0.13489	  -0.03454
   0.14431	  -0.03524
   0.15368	  -0.03587
   0.16308	  -0.03644
   0.17261	  -0.03695
   0.18231	  -0.03745
   0.19214	  -0.03795
   0.20196	  -0.03846
   0.21164	  -0.03896
   0.22113	  -0.03941
   0.23044	  -0.03979
   0.23964	  -0.04007
   0.24881	  -0.04028
   0.25803	  -0.04041
   0.26735	  -0.04049
   0.27681	  -0.04052
   0.28645	  -0.04051
   0.29627	  -0.04049
   0.30624	  -0.04046
   0.31633	  -0.04045
   0.32643	  -0.04045
   0.33651	  -0.04045
   0.34652	  -0.04043
   0.35646	  -0.04038
   0.36638	  -0.04028
   0.37630	  -0.04015
   0.38625	  -0.03998
   0.39624	  -0.03978
   0.40629	  -0.03955
   0.41640	  -0.03929
   0.42658	  -0.03900
   0.43682	  -0.03869
   0.44710	  -0.03836
   0.45741	  -0.03801
   0.46773	  -0.03765
   0.47806	  -0.03727
   0.48839	  -0.03687
   0.49871	  -0.03645
   0.50902	  -0.03602
   0.51933	  -0.03558
   0.52964	  -0.03512
   0.53994	  -0.03465
   0.55022	  -0.03417
   0.56046	  -0.03366
   0.57063	  -0.03315
   0.58074	  -0.03260
   0.59080	  -0.03203
   0.60087	  -0.03143
   0.61098	  -0.03078
   0.62119	  -0.03011
   0.63149	  -0.02942
   0.64185	  -0.02872
   0.65222	  -0.02802
   0.66257	  -0.02732
   0.67288	  -0.02662
   0.68315	  -0.02589
   0.69339	  -0.02516
   0.70364	  -0.02440
   0.71388	  -0.02364
   0.72414	  -0.02285
   0.73441	  -0.02205
   0.74471	  -0.02124
   0.75501	  -0.02041
   0.76533	  -0.01956
   0.77566	  -0.01871
   0.78600	  -0.01784
   0.79634	  -0.01696
   0.80669	  -0.01608
   0.81707	  -0.01519
   0.82748	  -0.01429
   0.83793	  -0.01339
   0.84839	  -0.01248
   0.85879	  -0.01158
   0.86914	  -0.01068
   0.87947	  -0.00978
   0.88981	  -0.00888
   0.90023	  -0.00797
   0.91062	  -0.00706
   0.92079	  -0.00616
   0.93069	  -0.00529
   0.94033	  -0.00445
   0.94978	  -0.00365
   0.95907	  -0.00288
   0.96807	  -0.00216
   0.97648	  -0.00153
   0.98405	  -0.00099
   0.99071	  -0.00056
   0.99652	  -0.00020
   1.00000	   0.00000
