BOEING-VERTOL VR-11X
   1.00000	   0.00300
   0.99649	   0.00323
   0.99093	   0.00360
   0.98521	   0.00398
   0.97955	   0.00432
   0.97418	   0.00461
   0.96910	   0.00512
   0.96401	   0.00604
   0.95852	   0.00733
   0.95226	   0.00885
   0.94511	   0.01046
   0.93723	   0.01213
   0.92886	   0.01389
   0.92018	   0.01576
   0.91132	   0.01770
   0.90239	   0.01972
   0.89347	   0.02176
   0.88459	   0.02376
   0.87579	   0.02567
   0.86709	   0.02749
   0.85850	   0.02927
   0.84997	   0.03109
   0.84145	   0.03302
   0.83285	   0.03508
   0.82408	   0.03726
   0.81512	   0.03952
   0.80602	   0.04180
   0.79689	   0.04402
   0.78782	   0.04614
   0.77885	   0.04815
   0.76998	   0.05004
   0.76114	   0.05182
   0.75228	   0.05350
   0.74335	   0.05509
   0.73436	   0.05659
   0.72534	   0.05800
   0.71633	   0.05931
   0.70736	   0.06052
   0.69840	   0.06163
   0.68942	   0.06263
   0.68032	   0.06354
   0.67103	   0.06439
   0.66151	   0.06520
   0.65177	   0.06600
   0.64191	   0.06683
   0.63205	   0.06766
   0.62227	   0.06847
   0.61262	   0.06924
   0.60306	   0.06995
   0.59355	   0.07059
   0.58400	   0.07117
   0.57437	   0.07172
   0.56462	   0.07224
   0.55475	   0.07277
   0.54482	   0.07332
   0.53488	   0.07388
   0.52499	   0.07444
   0.51516	   0.07498
   0.50539	   0.07549
   0.49566	   0.07595
   0.48591	   0.07636
   0.47611	   0.07673
   0.46624	   0.07706
   0.45630	   0.07736
   0.44628	   0.07764
   0.43623	   0.07790
   0.42617	   0.07813
   0.41612	   0.07834
   0.40611	   0.07852
   0.39615	   0.07866
   0.38623	   0.07878
   0.37635	   0.07886
   0.36651	   0.07891
   0.35667	   0.07892
   0.34681	   0.07889
   0.33689	   0.07881
   0.32688	   0.07871
   0.31679	   0.07857
   0.30664	   0.07842
   0.29648	   0.07826
   0.28638	   0.07809
   0.27640	   0.07790
   0.26657	   0.07768
   0.25687	   0.07741
   0.24729	   0.07708
   0.23777	   0.07669
   0.22829	   0.07623
   0.21879	   0.07572
   0.20926	   0.07514
   0.19967	   0.07451
   0.19002	   0.07381
   0.18029	   0.07306
   0.17053	   0.07225
   0.16082	   0.07139
   0.15126	   0.07050
   0.14197	   0.06958
   0.13305	   0.06862
   0.12453	   0.06758
   0.11641	   0.06645
   0.10865	   0.06521
   0.10122	   0.06384
   0.09407	   0.06234
   0.08716	   0.06069
   0.08045	   0.05890
   0.07391	   0.05696
   0.06752	   0.05487
   0.06128	   0.05264
   0.05530	   0.05031
   0.04968	   0.04796
   0.04453	   0.04565
   0.03987	   0.04339
   0.03566	   0.04118
   0.03186	   0.03899
   0.02839	   0.03682
   0.02521	   0.03465
   0.02226	   0.03246
   0.01953	   0.03028
   0.01701	   0.02817
   0.01470	   0.02616
   0.01261	   0.02430
   0.01073	   0.02259
   0.00908	   0.02100
   0.00764	   0.01946
   0.00639	   0.01795
   0.00531	   0.01646
   0.00437	   0.01501
   0.00354	   0.01359
   0.00280	   0.01220
   0.00216	   0.01084
   0.00158	   0.00952
   0.00108	   0.00824
   0.00066	   0.00700
   0.00033	   0.00579
   0.00008	   0.00462
  -0.00008	   0.00348
  -0.00016	   0.00236
  -0.00014	   0.00126
  -0.00003	   0.00017
   0.00019	  -0.00092
   0.00053	  -0.00199
   0.00099	  -0.00303
   0.00161	  -0.00401
   0.00239	  -0.00490
   0.00334	  -0.00570
   0.00445	  -0.00640
   0.00568	  -0.00704
   0.00702	  -0.00761
   0.00848	  -0.00816
   0.01007	  -0.00869
   0.01182	  -0.00921
   0.01373	  -0.00974
   0.01583	  -0.01028
   0.01815	  -0.01085
   0.02074	  -0.01143
   0.02362	  -0.01203
   0.02685	  -0.01265
   0.03052	  -0.01329
   0.03470	  -0.01395
   0.03950	  -0.01464
   0.04500	  -0.01537
   0.05121	  -0.01615
   0.05811	  -0.01700
   0.06559	  -0.01788
   0.07351	  -0.01875
   0.08184	  -0.01957
   0.09061	  -0.02034
   0.09984	  -0.02109
   0.10943	  -0.02182
   0.11922	  -0.02253
   0.12908	  -0.02321
   0.13892	  -0.02384
   0.14871	  -0.02443
   0.15849	  -0.02497
   0.16832	  -0.02547
   0.17825	  -0.02595
   0.18828	  -0.02641
   0.19841	  -0.02685
   0.20856	  -0.02729
   0.21867	  -0.02771
   0.22871	  -0.02811
   0.23866	  -0.02848
   0.24856	  -0.02881
   0.25844	  -0.02909
   0.26837	  -0.02935
   0.27838	  -0.02957
   0.28848	  -0.02978
   0.29867	  -0.02997
   0.30889	  -0.03016
   0.31909	  -0.03035
   0.32926	  -0.03052
   0.33936	  -0.03067
   0.34942	  -0.03079
   0.35947	  -0.03090
   0.36952	  -0.03097
   0.37960	  -0.03103
   0.38972	  -0.03107
   0.39987	  -0.03110
   0.41003	  -0.03111
   0.42018	  -0.03111
   0.43029	  -0.03110
   0.44038	  -0.03106
   0.45043	  -0.03100
   0.46047	  -0.03091
   0.47050	  -0.03080
   0.48055	  -0.03067
   0.49061	  -0.03051
   0.50068	  -0.03034
   0.51077	  -0.03014
   0.52088	  -0.02992
   0.53100	  -0.02969
   0.54113	  -0.02943
   0.55127	  -0.02917
   0.56143	  -0.02888
   0.57160	  -0.02858
   0.58179	  -0.02828
   0.59200	  -0.02796
   0.60222	  -0.02763
   0.61245	  -0.02729
   0.62268	  -0.02695
   0.63291	  -0.02660
   0.64313	  -0.02624
   0.65334	  -0.02588
   0.66356	  -0.02551
   0.67376	  -0.02513
   0.68396	  -0.02474
   0.69413	  -0.02434
   0.70427	  -0.02392
   0.71437	  -0.02350
   0.72443	  -0.02306
   0.73448	  -0.02259
   0.74455	  -0.02210
   0.75463	  -0.02161
   0.76473	  -0.02111
   0.77482	  -0.02062
   0.78487	  -0.02014
   0.79486	  -0.01966
   0.80481	  -0.01917
   0.81476	  -0.01865
   0.82476	  -0.01809
   0.83483	  -0.01751
   0.84491	  -0.01691
   0.85491	  -0.01630
   0.86472	  -0.01568
   0.87434	  -0.01502
   0.88385	  -0.01430
   0.89335	  -0.01352
   0.90290	  -0.01270
   0.91248	  -0.01189
   0.92199	  -0.01111
   0.93130	  -0.01032
   0.94034	  -0.00951
   0.94904	  -0.00865
   0.95736	  -0.00773
   0.96527	  -0.00674
   0.97272	  -0.00571
   0.97965	  -0.00466
   0.98594	  -0.00360
   0.99159	  -0.00245
   0.99674	  -0.00109
   1.00000	   0.00000
