BOEING 737 ROOT
   1.00000	   0.00030
   0.99509	   0.00110
   0.98745	   0.00231
   0.97946	   0.00356
   0.97109	   0.00484
   0.96232	   0.00615
   0.95313	   0.00749
   0.94348	   0.00886
   0.93337	   0.01025
   0.92280	   0.01166
   0.91177	   0.01309
   0.90033	   0.01452
   0.88851	   0.01595
   0.87638	   0.01740
   0.86399	   0.01888
   0.85141	   0.02039
   0.83866	   0.02195
   0.82578	   0.02359
   0.81275	   0.02532
   0.79958	   0.02711
   0.78627	   0.02898
   0.77281	   0.03092
   0.75923	   0.03292
   0.74551	   0.03497
   0.73168	   0.03707
   0.71774	   0.03920
   0.70372	   0.04136
   0.68962	   0.04354
   0.67548	   0.04572
   0.66132	   0.04789
   0.64717	   0.05005
   0.63306	   0.05217
   0.61901	   0.05425
   0.60502	   0.05628
   0.59110	   0.05826
   0.57722	   0.06019
   0.56337	   0.06206
   0.54956	   0.06388
   0.53578	   0.06565
   0.52204	   0.06736
   0.50836	   0.06901
   0.49475	   0.07060
   0.48123	   0.07213
   0.46779	   0.07357
   0.45441	   0.07494
   0.44104	   0.07623
   0.42761	   0.07745
   0.41410	   0.07861
   0.40051	   0.07972
   0.38689	   0.08079
   0.37332	   0.08181
   0.35984	   0.08277
   0.34642	   0.08366
   0.33302	   0.08448
   0.31960	   0.08524
   0.30619	   0.08597
   0.29289	   0.08667
   0.27979	   0.08734
   0.26695	   0.08796
   0.25444	   0.08853
   0.24230	   0.08904
   0.23055	   0.08949
   0.21922	   0.08988
   0.20836	   0.09020
   0.19797	   0.09046
   0.18809	   0.09065
   0.17871	   0.09078
   0.16983	   0.09083
   0.16143	   0.09081
   0.15350	   0.09071
   0.14601	   0.09054
   0.13893	   0.09030
   0.13224	   0.08998
   0.12590	   0.08958
   0.11988	   0.08911
   0.11415	   0.08857
   0.10869	   0.08795
   0.10348	   0.08727
   0.09849	   0.08652
   0.09369	   0.08571
   0.08909	   0.08484
   0.08467	   0.08393
   0.08042	   0.08298
   0.07635	   0.08200
   0.07245	   0.08099
   0.06871	   0.07997
   0.06515	   0.07891
   0.06174	   0.07782
   0.05849	   0.07669
   0.05538	   0.07552
   0.05240	   0.07429
   0.04953	   0.07302
   0.04678	   0.07168
   0.04412	   0.07029
   0.04154	   0.06887
   0.03904	   0.06741
   0.03661	   0.06593
   0.03424	   0.06444
   0.03194	   0.06294
   0.02970	   0.06146
   0.02752	   0.05999
   0.02541	   0.05855
   0.02336	   0.05714
   0.02139	   0.05575
   0.01951	   0.05437
   0.01773	   0.05297
   0.01605	   0.05155
   0.01449	   0.05009
   0.01303	   0.04858
   0.01167	   0.04702
   0.01040	   0.04543
   0.00920	   0.04382
   0.00807	   0.04220
   0.00700	   0.04058
   0.00600	   0.03897
   0.00507	   0.03734
   0.00424	   0.03570
   0.00349	   0.03404
   0.00282	   0.03237
   0.00223	   0.03070
   0.00172	   0.02903
   0.00127	   0.02736
   0.00090	   0.02571
   0.00059	   0.02406
   0.00035	   0.02242
   0.00017	   0.02079
   0.00006	   0.01917
  -0.00000	   0.01755
  -0.00000	   0.01592
   0.00006	   0.01430
   0.00019	   0.01267
   0.00038	   0.01104
   0.00065	   0.00941
   0.00100	   0.00778
   0.00142	   0.00614
   0.00194	   0.00452
   0.00255	   0.00290
   0.00326	   0.00130
   0.00405	  -0.00029
   0.00493	  -0.00185
   0.00589	  -0.00340
   0.00693	  -0.00493
   0.00806	  -0.00642
   0.00929	  -0.00787
   0.01061	  -0.00930
   0.01201	  -0.01070
   0.01348	  -0.01209
   0.01501	  -0.01346
   0.01663	  -0.01481
   0.01831	  -0.01614
   0.02006	  -0.01746
   0.02188	  -0.01876
   0.02377	  -0.02005
   0.02573	  -0.02133
   0.02776	  -0.02260
   0.02986	  -0.02387
   0.03204	  -0.02514
   0.03428	  -0.02641
   0.03659	  -0.02770
   0.03898	  -0.02899
   0.04142	  -0.03032
   0.04393	  -0.03167
   0.04650	  -0.03305
   0.04911	  -0.03448
   0.05175	  -0.03595
   0.05444	  -0.03745
   0.05716	  -0.03894
   0.05992	  -0.04042
   0.06273	  -0.04186
   0.06560	  -0.04323
   0.06855	  -0.04452
   0.07159	  -0.04570
   0.07475	  -0.04675
   0.07804	  -0.04769
   0.08149	  -0.04854
   0.08510	  -0.04931
   0.08891	  -0.05003
   0.09291	  -0.05074
   0.09712	  -0.05146
   0.10152	  -0.05225
   0.10612	  -0.05311
   0.11089	  -0.05404
   0.11582	  -0.05501
   0.12090	  -0.05600
   0.12612	  -0.05701
   0.13146	  -0.05800
   0.13692	  -0.05895
   0.14251	  -0.05984
   0.14825	  -0.06063
   0.15419	  -0.06131
   0.16039	  -0.06187
   0.16691	  -0.06232
   0.17382	  -0.06268
   0.18121	  -0.06293
   0.18916	  -0.06311
   0.19775	  -0.06323
   0.20699	  -0.06331
   0.21685	  -0.06334
   0.22726	  -0.06334
   0.23814	  -0.06329
   0.24943	  -0.06321
   0.26109	  -0.06309
   0.27313	  -0.06294
   0.28555	  -0.06275
   0.29831	  -0.06253
   0.31133	  -0.06227
   0.32454	  -0.06196
   0.33787	  -0.06161
   0.35125	  -0.06121
   0.36465	  -0.06077
   0.37807	  -0.06028
   0.39149	  -0.05972
   0.40494	  -0.05910
   0.41843	  -0.05841
   0.43199	  -0.05766
   0.44560	  -0.05685
   0.45923	  -0.05598
   0.47286	  -0.05507
   0.48645	  -0.05411
   0.49998	  -0.05309
   0.51347	  -0.05201
   0.52693	  -0.05087
   0.54037	  -0.04966
   0.55383	  -0.04837
   0.56729	  -0.04702
   0.58080	  -0.04558
   0.59436	  -0.04408
   0.60800	  -0.04250
   0.62175	  -0.04085
   0.63562	  -0.03913
   0.64959	  -0.03736
   0.66362	  -0.03556
   0.67764	  -0.03373
   0.69160	  -0.03191
   0.70545	  -0.03010
   0.71917	  -0.02831
   0.73274	  -0.02655
   0.74616	  -0.02484
   0.75943	  -0.02317
   0.77256	  -0.02156
   0.78559	  -0.02000
   0.79853	  -0.01849
   0.81141	  -0.01705
   0.82428	  -0.01567
   0.83718	  -0.01435
   0.85015	  -0.01309
   0.86320	  -0.01188
   0.87631	  -0.01071
   0.88939	  -0.00958
   0.90233	  -0.00849
   0.91498	  -0.00744
   0.92719	  -0.00644
   0.93883	  -0.00548
   0.94982	  -0.00457
   0.96012	  -0.00371
   0.96974	  -0.00289
   0.97873	  -0.00213
   0.98714	  -0.00141
   0.99501	  -0.00073
   1.00000	  -0.00030
