CLARKY18
   1.00000	   0.00150
   0.99542	   0.00314
   0.98822	   0.00571
   0.98060	   0.00840
   0.97252	   0.01123
   0.96397	   0.01420
   0.95493	   0.01731
   0.94544	   0.02055
   0.93552	   0.02390
   0.92524	   0.02733
   0.91468	   0.03082
   0.90389	   0.03434
   0.89292	   0.03788
   0.88181	   0.04142
   0.87058	   0.04496
   0.85925	   0.04848
   0.84784	   0.05199
   0.83638	   0.05546
   0.82488	   0.05890
   0.81336	   0.06231
   0.80182	   0.06567
   0.79027	   0.06900
   0.77871	   0.07228
   0.76714	   0.07551
   0.75558	   0.07870
   0.74401	   0.08184
   0.73245	   0.08493
   0.72089	   0.08796
   0.70935	   0.09093
   0.69782	   0.09385
   0.68631	   0.09670
   0.67482	   0.09949
   0.66336	   0.10222
   0.65192	   0.10487
   0.64051	   0.10746
   0.62912	   0.10998
   0.61774	   0.11242
   0.60638	   0.11480
   0.59502	   0.11710
   0.58365	   0.11933
   0.57228	   0.12149
   0.56090	   0.12358
   0.54951	   0.12560
   0.53811	   0.12754
   0.52672	   0.12941
   0.51534	   0.13120
   0.50399	   0.13292
   0.49267	   0.13455
   0.48141	   0.13610
   0.47022	   0.13756
   0.45909	   0.13893
   0.44802	   0.14021
   0.43702	   0.14140
   0.42605	   0.14249
   0.41512	   0.14348
   0.40418	   0.14438
   0.39322	   0.14518
   0.38220	   0.14589
   0.37111	   0.14650
   0.35993	   0.14703
   0.34867	   0.14748
   0.33734	   0.14784
   0.32599	   0.14812
   0.31465	   0.14833
   0.30339	   0.14847
   0.29229	   0.14855
   0.28140	   0.14855
   0.27077	   0.14846
   0.26042	   0.14827
   0.25036	   0.14796
   0.24058	   0.14754
   0.23106	   0.14700
   0.22177	   0.14632
   0.21269	   0.14551
   0.20379	   0.14456
   0.19505	   0.14346
   0.18643	   0.14221
   0.17793	   0.14082
   0.16955	   0.13930
   0.16130	   0.13767
   0.15319	   0.13592
   0.14526	   0.13409
   0.13754	   0.13218
   0.13006	   0.13019
   0.12283	   0.12814
   0.11588	   0.12604
   0.10920	   0.12389
   0.10281	   0.12170
   0.09670	   0.11949
   0.09086	   0.11725
   0.08530	   0.11502
   0.08001	   0.11279
   0.07500	   0.11060
   0.07024	   0.10844
   0.06575	   0.10630
   0.06152	   0.10419
   0.05752	   0.10209
   0.05376	   0.10001
   0.05022	   0.09793
   0.04688	   0.09587
   0.04374	   0.09381
   0.04078	   0.09177
   0.03799	   0.08975
   0.03537	   0.08774
   0.03289	   0.08574
   0.03056	   0.08376
   0.02835	   0.08179
   0.02627	   0.07984
   0.02430	   0.07790
   0.02244	   0.07597
   0.02067	   0.07404
   0.01899	   0.07213
   0.01739	   0.07023
   0.01586	   0.06836
   0.01440	   0.06650
   0.01301	   0.06468
   0.01168	   0.06289
   0.01042	   0.06114
   0.00923	   0.05944
   0.00812	   0.05777
   0.00708	   0.05615
   0.00612	   0.05457
   0.00524	   0.05302
   0.00443	   0.05151
   0.00369	   0.05002
   0.00303	   0.04857
   0.00243	   0.04714
   0.00189	   0.04573
   0.00143	   0.04434
   0.00103	   0.04296
   0.00069	   0.04160
   0.00042	   0.04025
   0.00021	   0.03891
   0.00008	   0.03757
   0.00000	   0.03624
   0.00000	   0.03490
   0.00007	   0.03357
   0.00021	   0.03223
   0.00042	   0.03088
   0.00069	   0.02953
   0.00104	   0.02817
   0.00145	   0.02681
   0.00192	   0.02544
   0.00247	   0.02406
   0.00309	   0.02267
   0.00378	   0.02127
   0.00454	   0.01987
   0.00538	   0.01846
   0.00631	   0.01705
   0.00731	   0.01564
   0.00840	   0.01423
   0.00958	   0.01283
   0.01085	   0.01144
   0.01222	   0.01007
   0.01368	   0.00873
   0.01524	   0.00743
   0.01690	   0.00616
   0.01865	   0.00493
   0.02051	   0.00372
   0.02246	   0.00253
   0.02452	   0.00137
   0.02667	   0.00020
   0.02893	  -0.00095
   0.03130	  -0.00211
   0.03379	  -0.00325
   0.03640	  -0.00439
   0.03915	  -0.00552
   0.04204	  -0.00664
   0.04509	  -0.00775
   0.04830	  -0.00885
   0.05169	  -0.00993
   0.05528	  -0.01099
   0.05908	  -0.01204
   0.06312	  -0.01308
   0.06740	  -0.01412
   0.07197	  -0.01515
   0.07683	  -0.01619
   0.08201	  -0.01724
   0.08753	  -0.01830
   0.09341	  -0.01937
   0.09967	  -0.02044
   0.10630	  -0.02151
   0.11333	  -0.02257
   0.12074	  -0.02359
   0.12851	  -0.02459
   0.13664	  -0.02553
   0.14509	  -0.02643
   0.15386	  -0.02725
   0.16294	  -0.02801
   0.17233	  -0.02870
   0.18203	  -0.02931
   0.19204	  -0.02984
   0.20235	  -0.03030
   0.21296	  -0.03067
   0.22387	  -0.03098
   0.23506	  -0.03121
   0.24651	  -0.03137
   0.25821	  -0.03147
   0.27012	  -0.03152
   0.28221	  -0.03153
   0.29446	  -0.03151
   0.30682	  -0.03148
   0.31926	  -0.03143
   0.33174	  -0.03137
   0.34423	  -0.03130
   0.35672	  -0.03121
   0.36919	  -0.03109
   0.38163	  -0.03095
   0.39405	  -0.03079
   0.40645	  -0.03060
   0.41885	  -0.03037
   0.43125	  -0.03012
   0.44368	  -0.02985
   0.45613	  -0.02954
   0.46860	  -0.02922
   0.48111	  -0.02887
   0.49365	  -0.02850
   0.50621	  -0.02810
   0.51879	  -0.02769
   0.53139	  -0.02726
   0.54399	  -0.02681
   0.55659	  -0.02635
   0.56920	  -0.02586
   0.58181	  -0.02536
   0.59441	  -0.02484
   0.60701	  -0.02430
   0.61961	  -0.02374
   0.63221	  -0.02317
   0.64481	  -0.02258
   0.65740	  -0.02198
   0.67000	  -0.02135
   0.68260	  -0.02071
   0.69520	  -0.02005
   0.70781	  -0.01938
   0.72041	  -0.01869
   0.73302	  -0.01798
   0.74562	  -0.01726
   0.75823	  -0.01652
   0.77083	  -0.01578
   0.78344	  -0.01502
   0.79604	  -0.01424
   0.80863	  -0.01346
   0.82122	  -0.01267
   0.83379	  -0.01187
   0.84632	  -0.01107
   0.85879	  -0.01026
   0.87117	  -0.00944
   0.88341	  -0.00862
   0.89549	  -0.00781
   0.90736	  -0.00700
   0.91898	  -0.00619
   0.93027	  -0.00540
   0.94115	  -0.00463
   0.95153	  -0.00389
   0.96136	  -0.00318
   0.97062	  -0.00250
   0.97931	  -0.00186
   0.98747	  -0.00125
   0.99514	  -0.00067
   1.00000	  -0.00030
