CONA
   1.00000	   0.00258
   0.99703	   0.00302
   0.99246	   0.00369
   0.98775	   0.00438
   0.98289	   0.00510
   0.97786	   0.00584
   0.97267	   0.00661
   0.96729	   0.00740
   0.96171	   0.00823
   0.95593	   0.00908
   0.94992	   0.00997
   0.94368	   0.01089
   0.93719	   0.01185
   0.93043	   0.01285
   0.92339	   0.01390
   0.91606	   0.01498
   0.90844	   0.01611
   0.90051	   0.01729
   0.89228	   0.01851
   0.88376	   0.01978
   0.87498	   0.02108
   0.86616	   0.02240
   0.85750	   0.02368
   0.84896	   0.02495
   0.84050	   0.02621
   0.83208	   0.02745
   0.82367	   0.02869
   0.81526	   0.02993
   0.80680	   0.03116
   0.79830	   0.03240
   0.78973	   0.03363
   0.78109	   0.03487
   0.77236	   0.03611
   0.76354	   0.03735
   0.75464	   0.03858
   0.74575	   0.03980
   0.73691	   0.04100
   0.72812	   0.04217
   0.71936	   0.04333
   0.71063	   0.04446
   0.70191	   0.04558
   0.69319	   0.04669
   0.68448	   0.04778
   0.67575	   0.04885
   0.66702	   0.04991
   0.65826	   0.05096
   0.64949	   0.05200
   0.64069	   0.05303
   0.63187	   0.05404
   0.62302	   0.05504
   0.61415	   0.05602
   0.60526	   0.05700
   0.59635	   0.05796
   0.58742	   0.05891
   0.57848	   0.05984
   0.56954	   0.06076
   0.56060	   0.06166
   0.55166	   0.06255
   0.54273	   0.06342
   0.53380	   0.06427
   0.52487	   0.06510
   0.51595	   0.06592
   0.50702	   0.06672
   0.49809	   0.06750
   0.48914	   0.06826
   0.48017	   0.06901
   0.47119	   0.06974
   0.46221	   0.07045
   0.45326	   0.07115
   0.44432	   0.07184
   0.43541	   0.07251
   0.42650	   0.07316
   0.41760	   0.07381
   0.40870	   0.07444
   0.39979	   0.07506
   0.39086	   0.07568
   0.38190	   0.07629
   0.37291	   0.07690
   0.36396	   0.07749
   0.35509	   0.07804
   0.34629	   0.07854
   0.33756	   0.07896
   0.32889	   0.07928
   0.32027	   0.07949
   0.31168	   0.07957
   0.30309	   0.07951
   0.29448	   0.07932
   0.28585	   0.07901
   0.27717	   0.07859
   0.26844	   0.07807
   0.25966	   0.07747
   0.25084	   0.07680
   0.24198	   0.07606
   0.23311	   0.07528
   0.22422	   0.07445
   0.21533	   0.07358
   0.20644	   0.07267
   0.19754	   0.07173
   0.18864	   0.07076
   0.17973	   0.06976
   0.17080	   0.06871
   0.16188	   0.06760
   0.15299	   0.06639
   0.14417	   0.06508
   0.13549	   0.06364
   0.12700	   0.06207
   0.11875	   0.06038
   0.11079	   0.05857
   0.10308	   0.05666
   0.09560	   0.05465
   0.08826	   0.05253
   0.08098	   0.05028
   0.07366	   0.04787
   0.06612	   0.04523
   0.05812	   0.04224
   0.05011	   0.03891
   0.04259	   0.03522
   0.03530	   0.03080
   0.02973	   0.02659
   0.02556	   0.02301
   0.02206	   0.01999
   0.01874	   0.01738
   0.01517	   0.01508
   0.01067	   0.01272
   0.00690	   0.01033
   0.00462	   0.00849
   0.00308	   0.00704
   0.00197	   0.00581
   0.00113	   0.00474
   0.00052	   0.00378
   0.00008	   0.00290
  -0.00019	   0.00210
  -0.00030	   0.00136
  -0.00025	   0.00067
  -0.00001	   0.00003
   0.00042	  -0.00057
   0.00109	  -0.00113
   0.00201	  -0.00168
   0.00329	  -0.00222
   0.00510	  -0.00277
   0.00795	  -0.00338
   0.01382	  -0.00412
   0.02068	  -0.00472
   0.02796	  -0.00543
   0.03648	  -0.00633
   0.04452	  -0.00721
   0.05255	  -0.00809
   0.06112	  -0.00899
   0.06959	  -0.00981
   0.07769	  -0.01053
   0.08565	  -0.01119
   0.09363	  -0.01182
   0.10175	  -0.01243
   0.11009	  -0.01305
   0.11869	  -0.01370
   0.12755	  -0.01438
   0.13650	  -0.01510
   0.14537	  -0.01582
   0.15424	  -0.01654
   0.16316	  -0.01725
   0.17212	  -0.01792
   0.18100	  -0.01854
   0.18980	  -0.01909
   0.19855	  -0.01955
   0.20727	  -0.01994
   0.21600	  -0.02027
   0.22474	  -0.02052
   0.23351	  -0.02071
   0.24231	  -0.02084
   0.25115	  -0.02091
   0.26002	  -0.02091
   0.26891	  -0.02087
   0.27782	  -0.02080
   0.28674	  -0.02071
   0.29567	  -0.02060
   0.30461	  -0.02050
   0.31355	  -0.02042
   0.32250	  -0.02036
   0.33145	  -0.02033
   0.34042	  -0.02031
   0.34940	  -0.02030
   0.35838	  -0.02030
   0.36738	  -0.02030
   0.37638	  -0.02030
   0.38538	  -0.02029
   0.39439	  -0.02027
   0.40341	  -0.02025
   0.41243	  -0.02023
   0.42144	  -0.02019
   0.43046	  -0.02015
   0.43948	  -0.02011
   0.44850	  -0.02007
   0.45752	  -0.02002
   0.46654	  -0.01997
   0.47556	  -0.01992
   0.48458	  -0.01986
   0.49360	  -0.01981
   0.50262	  -0.01975
   0.51165	  -0.01970
   0.52067	  -0.01965
   0.52968	  -0.01959
   0.53870	  -0.01953
   0.54771	  -0.01947
   0.55672	  -0.01940
   0.56574	  -0.01933
   0.57476	  -0.01925
   0.58377	  -0.01916
   0.59277	  -0.01906
   0.60175	  -0.01896
   0.61070	  -0.01884
   0.61963	  -0.01872
   0.62853	  -0.01858
   0.63740	  -0.01843
   0.64625	  -0.01827
   0.65506	  -0.01809
   0.66386	  -0.01790
   0.67263	  -0.01769
   0.68139	  -0.01746
   0.69014	  -0.01722
   0.69888	  -0.01695
   0.70763	  -0.01667
   0.71639	  -0.01636
   0.72517	  -0.01603
   0.73399	  -0.01567
   0.74285	  -0.01529
   0.75176	  -0.01488
   0.76074	  -0.01443
   0.76969	  -0.01397
   0.77855	  -0.01349
   0.78732	  -0.01299
   0.79600	  -0.01248
   0.80462	  -0.01196
   0.81318	  -0.01143
   0.82170	  -0.01090
   0.83020	  -0.01036
   0.83871	  -0.00981
   0.84725	  -0.00926
   0.85586	  -0.00870
   0.86459	  -0.00813
   0.87347	  -0.00756
   0.88236	  -0.00699
   0.89099	  -0.00644
   0.89932	  -0.00592
   0.90736	  -0.00542
   0.91509	  -0.00494
   0.92252	  -0.00449
   0.92965	  -0.00406
   0.93649	  -0.00365
   0.94307	  -0.00326
   0.94939	  -0.00288
   0.95547	  -0.00253
   0.96132	  -0.00219
   0.96695	  -0.00186
   0.97239	  -0.00155
   0.97764	  -0.00125
   0.98272	  -0.00096
   0.98763	  -0.00069
   0.99239	  -0.00042
   0.99700	  -0.00017
   1.00000	   0.00000
