DFVLR R-4
   1.00000	   0.00255
   0.99672	   0.00364
   0.99131	   0.00514
   0.98510	   0.00677
   0.97801	   0.00864
   0.97011	   0.01067
   0.96168	   0.01279
   0.95285	   0.01494
   0.94361	   0.01714
   0.93411	   0.01940
   0.92462	   0.02163
   0.91516	   0.02378
   0.90551	   0.02588
   0.89556	   0.02802
   0.88547	   0.03019
   0.87548	   0.03233
   0.86575	   0.03438
   0.85623	   0.03631
   0.84670	   0.03817
   0.83711	   0.04003
   0.82754	   0.04190
   0.81805	   0.04373
   0.80846	   0.04548
   0.79867	   0.04720
   0.78876	   0.04891
   0.77885	   0.05057
   0.76896	   0.05217
   0.75904	   0.05373
   0.74911	   0.05525
   0.73917	   0.05671
   0.72924	   0.05813
   0.71932	   0.05950
   0.70944	   0.06081
   0.69964	   0.06205
   0.68988	   0.06322
   0.68012	   0.06431
   0.67036	   0.06534
   0.66061	   0.06629
   0.65081	   0.06717
   0.64090	   0.06800
   0.63091	   0.06878
   0.62091	   0.06952
   0.61090	   0.07021
   0.60087	   0.07085
   0.59084	   0.07144
   0.58082	   0.07198
   0.57074	   0.07246
   0.56053	   0.07291
   0.55028	   0.07335
   0.54015	   0.07375
   0.53007	   0.07408
   0.51986	   0.07437
   0.50953	   0.07464
   0.49920	   0.07490
   0.48896	   0.07513
   0.47883	   0.07532
   0.46870	   0.07544
   0.45847	   0.07553
   0.44814	   0.07559
   0.43782	   0.07564
   0.42760	   0.07566
   0.41748	   0.07564
   0.40737	   0.07556
   0.39720	   0.07543
   0.38696	   0.07528
   0.37674	   0.07513
   0.36659	   0.07494
   0.35649	   0.07471
   0.34637	   0.07442
   0.33614	   0.07409
   0.32581	   0.07373
   0.31553	   0.07337
   0.30549	   0.07299
   0.29565	   0.07254
   0.28574	   0.07200
   0.27565	   0.07142
   0.26559	   0.07083
   0.25563	   0.07020
   0.24563	   0.06951
   0.23553	   0.06878
   0.22554	   0.06805
   0.21574	   0.06727
   0.20594	   0.06640
   0.19601	   0.06546
   0.18601	   0.06448
   0.17607	   0.06345
   0.16624	   0.06239
   0.15652	   0.06128
   0.14684	   0.06009
   0.13723	   0.05885
   0.12781	   0.05757
   0.11865	   0.05624
   0.10966	   0.05482
   0.10081	   0.05332
   0.09223	   0.05178
   0.08408	   0.05023
   0.07646	   0.04868
   0.06940	   0.04714
   0.06310	   0.04565
   0.05734	   0.04405
   0.05193	   0.04254
   0.04700	   0.04100
   0.04243	   0.03944
   0.03828	   0.03791
   0.03444	   0.03622
   0.03086	   0.03455
   0.02762	   0.03289
   0.02463	   0.03119
   0.02186	   0.02959
   0.01935	   0.02805
   0.01710	   0.02650
   0.01506	   0.02494
   0.01318	   0.02341
   0.01146	   0.02194
   0.00990	   0.02051
   0.00850	   0.01911
   0.00723	   0.01775
   0.00609	   0.01641
   0.00506	   0.01510
   0.00412	   0.01382
   0.00328	   0.01258
   0.00254	   0.01137
   0.00188	   0.01019
   0.00135	   0.00902
   0.00096	   0.00784
   0.00054	   0.00671
   0.00023	   0.00558
   0.00005	   0.00445
  -0.00007	   0.00332
  -0.00013	   0.00220
  -0.00012	   0.00109
   0.00000	  -0.00002
   0.00026	  -0.00112
   0.00066	  -0.00223
   0.00118	  -0.00334
   0.00175	  -0.00447
   0.00240	  -0.00560
   0.00319	  -0.00671
   0.00412	  -0.00780
   0.00517	  -0.00887
   0.00634	  -0.00994
   0.00765	  -0.01100
   0.00910	  -0.01206
   0.01070	  -0.01312
   0.01246	  -0.01420
   0.01440	  -0.01531
   0.01654	  -0.01647
   0.01888	  -0.01768
   0.02146	  -0.01890
   0.02433	  -0.02015
   0.02753	  -0.02142
   0.03111	  -0.02272
   0.03510	  -0.02407
   0.03952	  -0.02551
   0.04431	  -0.02698
   0.04947	  -0.02836
   0.05507	  -0.02983
   0.06110	  -0.03129
   0.06760	  -0.03275
   0.07452	  -0.03421
   0.08203	  -0.03560
   0.09006	  -0.03711
   0.09838	  -0.03864
   0.10691	  -0.04010
   0.11579	  -0.04150
   0.12504	  -0.04286
   0.13460	  -0.04420
   0.14432	  -0.04551
   0.15408	  -0.04678
   0.16381	  -0.04799
   0.17351	  -0.04911
   0.18323	  -0.05017
   0.19307	  -0.05117
   0.20302	  -0.05212
   0.21289	  -0.05303
   0.22266	  -0.05386
   0.23250	  -0.05462
   0.24247	  -0.05533
   0.25238	  -0.05600
   0.26216	  -0.05659
   0.27199	  -0.05710
   0.28196	  -0.05757
   0.29183	  -0.05800
   0.30148	  -0.05834
   0.31114	  -0.05856
   0.32102	  -0.05872
   0.33107	  -0.05884
   0.34110	  -0.05892
   0.35101	  -0.05896
   0.36083	  -0.05892
   0.37068	  -0.05881
   0.38067	  -0.05863
   0.39063	  -0.05842
   0.40045	  -0.05814
   0.41030	  -0.05778
   0.42036	  -0.05735
   0.43049	  -0.05692
   0.44051	  -0.05645
   0.45048	  -0.05593
   0.46048	  -0.05536
   0.47041	  -0.05475
   0.48019	  -0.05409
   0.48991	  -0.05336
   0.49959	  -0.05265
   0.50918	  -0.05189
   0.51888	  -0.05103
   0.52879	  -0.05009
   0.53877	  -0.04910
   0.54871	  -0.04807
   0.55864	  -0.04699
   0.56858	  -0.04586
   0.57846	  -0.04469
   0.58822	  -0.04347
   0.59792	  -0.04218
   0.60761	  -0.04081
   0.61739	  -0.03936
   0.62725	  -0.03784
   0.63706	  -0.03630
   0.64674	  -0.03471
   0.65637	  -0.03305
   0.66600	  -0.03132
   0.67556	  -0.02954
   0.68499	  -0.02770
   0.69434	  -0.02579
   0.70373	  -0.02385
   0.71321	  -0.02195
   0.72276	  -0.02006
   0.73238	  -0.01811
   0.74211	  -0.01610
   0.75190	  -0.01410
   0.76169	  -0.01215
   0.77149	  -0.01025
   0.78135	  -0.00838
   0.79110	  -0.00656
   0.80053	  -0.00486
   0.80976	  -0.00332
   0.81905	  -0.00188
   0.82842	  -0.00050
   0.83758	   0.00076
   0.84648	   0.00187
   0.85531	   0.00281
   0.86423	   0.00362
   0.87325	   0.00433
   0.88225	   0.00492
   0.89116	   0.00539
   0.89996	   0.00573
   0.90869	   0.00593
   0.91741	   0.00599
   0.92607	   0.00594
   0.93449	   0.00577
   0.94258	   0.00546
   0.95038	   0.00499
   0.95797	   0.00436
   0.96535	   0.00359
   0.97243	   0.00268
   0.97914	   0.00167
   0.98540	   0.00054
   0.99121	  -0.00067
   0.99660	  -0.00187
   1.00000	  -0.00255
