DU 86-137-25
   1.00000	   0.00000
   0.99580	   0.00046
   0.98925	   0.00119
   0.98238	   0.00196
   0.97515	   0.00277
   0.96753	   0.00364
   0.95950	   0.00456
   0.95100	   0.00555
   0.94202	   0.00660
   0.93253	   0.00773
   0.92251	   0.00893
   0.91198	   0.01021
   0.90099	   0.01157
   0.88985	   0.01295
   0.87895	   0.01432
   0.86817	   0.01568
   0.85744	   0.01703
   0.84665	   0.01839
   0.83573	   0.01976
   0.82460	   0.02114
   0.81347	   0.02251
   0.80264	   0.02384
   0.79214	   0.02517
   0.78193	   0.02657
   0.77194	   0.02806
   0.76212	   0.02969
   0.75236	   0.03150
   0.74259	   0.03348
   0.73274	   0.03557
   0.72274	   0.03774
   0.71260	   0.03995
   0.70230	   0.04212
   0.69191	   0.04420
   0.68149	   0.04617
   0.67106	   0.04803
   0.66064	   0.04978
   0.65022	   0.05140
   0.63976	   0.05292
   0.62923	   0.05434
   0.61861	   0.05566
   0.60790	   0.05691
   0.59711	   0.05809
   0.58630	   0.05919
   0.57552	   0.06022
   0.56480	   0.06117
   0.55415	   0.06205
   0.54358	   0.06285
   0.53304	   0.06359
   0.52249	   0.06425
   0.51187	   0.06486
   0.50106	   0.06540
   0.48996	   0.06589
   0.47875	   0.06634
   0.46774	   0.06673
   0.45669	   0.06711
   0.44550	   0.06750
   0.43503	   0.06784
   0.42542	   0.06805
   0.41639	   0.06804
   0.40757	   0.06778
   0.39857	   0.06738
   0.38921	   0.06697
   0.37962	   0.06676
   0.37030	   0.06693
   0.36182	   0.06752
   0.35441	   0.06844
   0.34803	   0.06946
   0.34246	   0.07041
   0.33753	   0.07120
   0.33307	   0.07182
   0.32899	   0.07225
   0.32520	   0.07250
   0.32165	   0.07254
   0.31830	   0.07239
   0.31510	   0.07201
   0.31204	   0.07140
   0.30908	   0.07052
   0.30619	   0.06933
   0.30336	   0.06777
   0.30053	   0.06573
   0.29759	   0.06331
   0.29427	   0.06095
   0.29049	   0.05877
   0.28614	   0.05682
   0.28117	   0.05520
   0.27550	   0.05397
   0.26913	   0.05321
   0.26211	   0.05298
   0.25460	   0.05325
   0.24681	   0.05392
   0.23894	   0.05487
   0.23115	   0.05595
   0.22353	   0.05703
   0.21609	   0.05799
   0.20884	   0.05875
   0.20173	   0.05923
   0.19468	   0.05933
   0.18756	   0.05902
   0.18023	   0.05833
   0.17252	   0.05728
   0.16426	   0.05593
   0.15531	   0.05436
   0.14570	   0.05275
   0.13573	   0.05117
   0.12574	   0.04960
   0.11591	   0.04798
   0.10623	   0.04623
   0.09659	   0.04429
   0.08695	   0.04217
   0.07739	   0.03989
   0.06813	   0.03751
   0.05935	   0.03508
   0.05116	   0.03260
   0.04356	   0.03010
   0.03662	   0.02759
   0.03053	   0.02515
   0.02537	   0.02287
   0.02106	   0.02078
   0.01745	   0.01886
   0.01439	   0.01707
   0.01178	   0.01539
   0.00954	   0.01382
   0.00761	   0.01232
   0.00596	   0.01089
   0.00455	   0.00950
   0.00334	   0.00813
   0.00233	   0.00677
   0.00152	   0.00541
   0.00088	   0.00408
   0.00043	   0.00278
   0.00014	   0.00152
   0.00001	   0.00031
   0.00003	  -0.00087
   0.00020	  -0.00203
   0.00051	  -0.00318
   0.00095	  -0.00435
   0.00152	  -0.00552
   0.00222	  -0.00670
   0.00303	  -0.00788
   0.00393	  -0.00901
   0.00491	  -0.01002
   0.00596	  -0.01086
   0.00709	  -0.01146
   0.00831	  -0.01179
   0.00962	  -0.01186
   0.01104	  -0.01173
   0.01256	  -0.01150
   0.01418	  -0.01126
   0.01587	  -0.01115
   0.01765	  -0.01123
   0.01952	  -0.01153
   0.02147	  -0.01207
   0.02353	  -0.01287
   0.02568	  -0.01397
   0.02792	  -0.01535
   0.03026	  -0.01700
   0.03268	  -0.01889
   0.03517	  -0.02093
   0.03774	  -0.02305
   0.04038	  -0.02515
   0.04313	  -0.02713
   0.04603	  -0.02892
   0.04911	  -0.03045
   0.05244	  -0.03175
   0.05607	  -0.03287
   0.06006	  -0.03385
   0.06452	  -0.03474
   0.06956	  -0.03565
   0.07528	  -0.03677
   0.08165	  -0.03831
   0.08852	  -0.04019
   0.09566	  -0.04222
   0.10295	  -0.04415
   0.11045	  -0.04580
   0.11830	  -0.04721
   0.12663	  -0.04843
   0.13561	  -0.04953
   0.14536	  -0.05061
   0.15592	  -0.05178
   0.16706	  -0.05308
   0.17803	  -0.05441
   0.18889	  -0.05574
   0.19983	  -0.05708
   0.21098	  -0.05842
   0.22204	  -0.05969
   0.23281	  -0.06085
   0.24337	  -0.06189
   0.25384	  -0.06280
   0.26432	  -0.06361
   0.27490	  -0.06434
   0.28564	  -0.06499
   0.29653	  -0.06558
   0.30753	  -0.06613
   0.31858	  -0.06663
   0.32963	  -0.06707
   0.34063	  -0.06745
   0.35159	  -0.06776
   0.36251	  -0.06802
   0.37342	  -0.06821
   0.38434	  -0.06834
   0.39529	  -0.06842
   0.40626	  -0.06844
   0.41727	  -0.06840
   0.42829	  -0.06832
   0.43934	  -0.06817
   0.45041	  -0.06798
   0.46147	  -0.06772
   0.47255	  -0.06741
   0.48361	  -0.06703
   0.49467	  -0.06660
   0.50572	  -0.06610
   0.51675	  -0.06554
   0.52776	  -0.06491
   0.53875	  -0.06422
   0.54972	  -0.06347
   0.56066	  -0.06265
   0.57157	  -0.06176
   0.58246	  -0.06080
   0.59332	  -0.05977
   0.60415	  -0.05868
   0.61495	  -0.05751
   0.62573	  -0.05627
   0.63647	  -0.05496
   0.64720	  -0.05357
   0.65789	  -0.05211
   0.66857	  -0.05058
   0.67923	  -0.04896
   0.68987	  -0.04726
   0.70050	  -0.04549
   0.71111	  -0.04363
   0.72173	  -0.04169
   0.73234	  -0.03969
   0.74297	  -0.03764
   0.75361	  -0.03554
   0.76429	  -0.03341
   0.77499	  -0.03126
   0.78574	  -0.02910
   0.79654	  -0.02693
   0.80740	  -0.02478
   0.81833	  -0.02265
   0.82934	  -0.02056
   0.84040	  -0.01851
   0.85149	  -0.01652
   0.86256	  -0.01461
   0.87357	  -0.01280
   0.88444	  -0.01110
   0.89510	  -0.00954
   0.90549	  -0.00812
   0.91555	  -0.00685
   0.92524	  -0.00571
   0.93453	  -0.00471
   0.94343	  -0.00383
   0.95194	  -0.00306
   0.96007	  -0.00238
   0.96785	  -0.00180
   0.97529	  -0.00130
   0.98240	  -0.00086
   0.98923	  -0.00049
   0.99578	  -0.00018
   1.00000	   0.00000
