Dunham
   1.00000	   0.00000
   0.99692	   0.00043
   0.99199	   0.00112
   0.98666	   0.00186
   0.98086	   0.00266
   0.97451	   0.00352
   0.96755	   0.00447
   0.95991	   0.00549
   0.95159	   0.00659
   0.94289	   0.00773
   0.93440	   0.00883
   0.92600	   0.00991
   0.91756	   0.01098
   0.90899	   0.01207
   0.90023	   0.01317
   0.89146	   0.01427
   0.88281	   0.01536
   0.87425	   0.01643
   0.86572	   0.01749
   0.85722	   0.01855
   0.84870	   0.01960
   0.84015	   0.02064
   0.83156	   0.02168
   0.82292	   0.02271
   0.81421	   0.02374
   0.80545	   0.02477
   0.79663	   0.02579
   0.78778	   0.02679
   0.77892	   0.02779
   0.77008	   0.02876
   0.76125	   0.02972
   0.75242	   0.03067
   0.74358	   0.03160
   0.73473	   0.03252
   0.72587	   0.03343
   0.71699	   0.03432
   0.70812	   0.03520
   0.69927	   0.03607
   0.69043	   0.03692
   0.68160	   0.03776
   0.67277	   0.03859
   0.66395	   0.03940
   0.65513	   0.04019
   0.64630	   0.04097
   0.63748	   0.04174
   0.62865	   0.04248
   0.61982	   0.04322
   0.61099	   0.04393
   0.60214	   0.04463
   0.59330	   0.04532
   0.58444	   0.04598
   0.57558	   0.04663
   0.56671	   0.04726
   0.55784	   0.04788
   0.54897	   0.04849
   0.54009	   0.04908
   0.53120	   0.04966
   0.52232	   0.05023
   0.51343	   0.05078
   0.50455	   0.05133
   0.49566	   0.05186
   0.48678	   0.05238
   0.47791	   0.05290
   0.46904	   0.05339
   0.46017	   0.05387
   0.45132	   0.05434
   0.44246	   0.05478
   0.43362	   0.05521
   0.42478	   0.05561
   0.41594	   0.05599
   0.40710	   0.05634
   0.39827	   0.05666
   0.38943	   0.05696
   0.38060	   0.05722
   0.37176	   0.05746
   0.36291	   0.05766
   0.35406	   0.05782
   0.34521	   0.05795
   0.33637	   0.05804
   0.32752	   0.05810
   0.31869	   0.05811
   0.30986	   0.05808
   0.30105	   0.05801
   0.29227	   0.05790
   0.28351	   0.05773
   0.27479	   0.05752
   0.26609	   0.05725
   0.25743	   0.05693
   0.24880	   0.05654
   0.24020	   0.05609
   0.23162	   0.05557
   0.22305	   0.05498
   0.21448	   0.05431
   0.20590	   0.05356
   0.19730	   0.05273
   0.18866	   0.05180
   0.17997	   0.05081
   0.17123	   0.04977
   0.16245	   0.04871
   0.15367	   0.04764
   0.14491	   0.04660
   0.13622	   0.04556
   0.12764	   0.04450
   0.11919	   0.04336
   0.11088	   0.04211
   0.10269	   0.04071
   0.09462	   0.03912
   0.08661	   0.03736
   0.07850	   0.03546
   0.07011	   0.03339
   0.06200	   0.03130
   0.05395	   0.02912
   0.04600	   0.02682
   0.03965	   0.02480
   0.03436	   0.02288
   0.02956	   0.02087
   0.02472	   0.01845
   0.01858	   0.01476
   0.01312	   0.01151
   0.00993	   0.00968
   0.00771	   0.00834
   0.00600	   0.00724
   0.00464	   0.00629
   0.00352	   0.00543
   0.00260	   0.00464
   0.00184	   0.00389
   0.00122	   0.00318
   0.00074	   0.00251
   0.00038	   0.00185
   0.00013	   0.00120
   0.00001	   0.00057
   0.00001	  -0.00006
   0.00013	  -0.00069
   0.00038	  -0.00133
   0.00075	  -0.00197
   0.00125	  -0.00263
   0.00188	  -0.00331
   0.00266	  -0.00401
   0.00361	  -0.00475
   0.00477	  -0.00553
   0.00618	  -0.00637
   0.00795	  -0.00730
   0.01027	  -0.00838
   0.01361	  -0.00971
   0.01931	  -0.01150
   0.02688	  -0.01318
   0.03394	  -0.01458
   0.04134	  -0.01598
   0.04956	  -0.01752
   0.05832	  -0.01918
   0.06684	  -0.02071
   0.07492	  -0.02199
   0.08283	  -0.02300
   0.09089	  -0.02387
   0.09926	  -0.02472
   0.10793	  -0.02568
   0.11676	  -0.02673
   0.12560	  -0.02782
   0.13442	  -0.02893
   0.14316	  -0.03000
   0.15181	  -0.03100
   0.16040	  -0.03193
   0.16896	  -0.03277
   0.17753	  -0.03354
   0.18613	  -0.03424
   0.19476	  -0.03486
   0.20343	  -0.03541
   0.21214	  -0.03589
   0.22088	  -0.03630
   0.22966	  -0.03665
   0.23846	  -0.03694
   0.24729	  -0.03719
   0.25615	  -0.03740
   0.26502	  -0.03757
   0.27390	  -0.03770
   0.28280	  -0.03782
   0.29171	  -0.03792
   0.30063	  -0.03801
   0.30955	  -0.03809
   0.31847	  -0.03817
   0.32739	  -0.03824
   0.33631	  -0.03830
   0.34522	  -0.03836
   0.35413	  -0.03840
   0.36303	  -0.03843
   0.37192	  -0.03845
   0.38081	  -0.03845
   0.38969	  -0.03844
   0.39857	  -0.03841
   0.40743	  -0.03836
   0.41630	  -0.03829
   0.42515	  -0.03820
   0.43401	  -0.03809
   0.44285	  -0.03796
   0.45170	  -0.03781
   0.46054	  -0.03764
   0.46939	  -0.03745
   0.47823	  -0.03723
   0.48707	  -0.03699
   0.49592	  -0.03673
   0.50477	  -0.03644
   0.51363	  -0.03613
   0.52249	  -0.03580
   0.53136	  -0.03545
   0.54023	  -0.03508
   0.54911	  -0.03469
   0.55800	  -0.03428
   0.56690	  -0.03386
   0.57579	  -0.03343
   0.58469	  -0.03299
   0.59359	  -0.03253
   0.60249	  -0.03207
   0.61138	  -0.03160
   0.62025	  -0.03112
   0.62912	  -0.03063
   0.63798	  -0.03012
   0.64682	  -0.02960
   0.65565	  -0.02906
   0.66447	  -0.02850
   0.67328	  -0.02792
   0.68208	  -0.02732
   0.69088	  -0.02669
   0.69968	  -0.02602
   0.70849	  -0.02533
   0.71732	  -0.02461
   0.72615	  -0.02387
   0.73501	  -0.02311
   0.74388	  -0.02235
   0.75277	  -0.02157
   0.76166	  -0.02080
   0.77055	  -0.02003
   0.77945	  -0.01927
   0.78832	  -0.01853
   0.79717	  -0.01782
   0.80597	  -0.01714
   0.81471	  -0.01649
   0.82338	  -0.01585
   0.83198	  -0.01523
   0.84052	  -0.01460
   0.84900	  -0.01397
   0.85743	  -0.01332
   0.86583	  -0.01264
   0.87423	  -0.01192
   0.88264	  -0.01116
   0.89112	  -0.01033
   0.89969	  -0.00943
   0.90840	  -0.00845
   0.91721	  -0.00740
   0.92590	  -0.00635
   0.93455	  -0.00532
   0.94331	  -0.00432
   0.95194	  -0.00340
   0.96006	  -0.00262
   0.96757	  -0.00198
   0.97447	  -0.00145
   0.98078	  -0.00101
   0.98658	  -0.00066
   0.99193	  -0.00037
   0.99689	  -0.00013
   1.00000	   0.00000
