E228
   0.98646	   0.00032
   0.98008	   0.00061
   0.97038	   0.00114
   0.96050	   0.00178
   0.95043	   0.00252
   0.94020	   0.00335
   0.92979	   0.00426
   0.91923	   0.00522
   0.90853	   0.00624
   0.89771	   0.00730
   0.88677	   0.00840
   0.87574	   0.00953
   0.86461	   0.01069
   0.85340	   0.01188
   0.84213	   0.01307
   0.83081	   0.01429
   0.81944	   0.01551
   0.80804	   0.01674
   0.79662	   0.01798
   0.78518	   0.01921
   0.77373	   0.02045
   0.76228	   0.02168
   0.75082	   0.02290
   0.73937	   0.02412
   0.72792	   0.02532
   0.71648	   0.02651
   0.70504	   0.02769
   0.69361	   0.02886
   0.68219	   0.03001
   0.67078	   0.03114
   0.65938	   0.03226
   0.64798	   0.03336
   0.63660	   0.03444
   0.62523	   0.03550
   0.61387	   0.03653
   0.60252	   0.03755
   0.59118	   0.03854
   0.57985	   0.03951
   0.56853	   0.04045
   0.55722	   0.04137
   0.54592	   0.04226
   0.53463	   0.04312
   0.52336	   0.04396
   0.51209	   0.04476
   0.50084	   0.04554
   0.48960	   0.04629
   0.47838	   0.04700
   0.46717	   0.04768
   0.45598	   0.04833
   0.44480	   0.04894
   0.43365	   0.04952
   0.42251	   0.05005
   0.41139	   0.05055
   0.40029	   0.05102
   0.38923	   0.05144
   0.37819	   0.05182
   0.36718	   0.05215
   0.35620	   0.05244
   0.34526	   0.05269
   0.33436	   0.05288
   0.32352	   0.05303
   0.31272	   0.05314
   0.30200	   0.05319
   0.29134	   0.05319
   0.28076	   0.05313
   0.27028	   0.05302
   0.25991	   0.05286
   0.24965	   0.05263
   0.23953	   0.05236
   0.22955	   0.05202
   0.21975	   0.05163
   0.21014	   0.05119
   0.20073	   0.05069
   0.19156	   0.05015
   0.18264	   0.04955
   0.17398	   0.04892
   0.16561	   0.04824
   0.15754	   0.04752
   0.14978	   0.04677
   0.14233	   0.04600
   0.13520	   0.04520
   0.12839	   0.04438
   0.12190	   0.04354
   0.11571	   0.04269
   0.10983	   0.04183
   0.10423	   0.04097
   0.09891	   0.04011
   0.09385	   0.03924
   0.08905	   0.03837
   0.08448	   0.03751
   0.08013	   0.03665
   0.07600	   0.03579
   0.07207	   0.03494
   0.06832	   0.03409
   0.06475	   0.03325
   0.06134	   0.03241
   0.05808	   0.03157
   0.05497	   0.03074
   0.05199	   0.02992
   0.04913	   0.02909
   0.04640	   0.02827
   0.04377	   0.02745
   0.04125	   0.02663
   0.03883	   0.02582
   0.03650	   0.02501
   0.03427	   0.02420
   0.03212	   0.02338
   0.03005	   0.02257
   0.02806	   0.02175
   0.02614	   0.02094
   0.02430	   0.02012
   0.02252	   0.01929
   0.02081	   0.01846
   0.01916	   0.01763
   0.01757	   0.01679
   0.01603	   0.01595
   0.01454	   0.01510
   0.01310	   0.01424
   0.01170	   0.01337
   0.01035	   0.01250
   0.00905	   0.01161
   0.00782	   0.01071
   0.00665	   0.00978
   0.00556	   0.00883
   0.00455	   0.00785
   0.00364	   0.00684
   0.00281	   0.00579
   0.00208	   0.00470
   0.00144	   0.00357
   0.00088	   0.00242
   0.00040	   0.00122
   0.00019	   0.00062
   0.00000	   0.00000
   0.00039	  -0.00127
   0.00087	  -0.00247
   0.00145	  -0.00363
   0.00213	  -0.00474
   0.00293	  -0.00580
   0.00383	  -0.00680
   0.00485	  -0.00775
   0.00596	  -0.00866
   0.00716	  -0.00953
   0.00844	  -0.01038
   0.00979	  -0.01119
   0.01119	  -0.01200
   0.01264	  -0.01280
   0.01412	  -0.01360
   0.01564	  -0.01439
   0.01721	  -0.01518
   0.01883	  -0.01597
   0.02051	  -0.01674
   0.02224	  -0.01752
   0.02403	  -0.01829
   0.02589	  -0.01905
   0.02783	  -0.01981
   0.02984	  -0.02056
   0.03194	  -0.02132
   0.03412	  -0.02207
   0.03638	  -0.02281
   0.03874	  -0.02356
   0.04120	  -0.02431
   0.04375	  -0.02506
   0.04641	  -0.02581
   0.04918	  -0.02657
   0.05208	  -0.02732
   0.05510	  -0.02808
   0.05826	  -0.02885
   0.06156	  -0.02961
   0.06502	  -0.03038
   0.06865	  -0.03115
   0.07245	  -0.03192
   0.07645	  -0.03270
   0.08066	  -0.03348
   0.08508	  -0.03426
   0.08974	  -0.03504
   0.09464	  -0.03582
   0.09981	  -0.03659
   0.10525	  -0.03736
   0.11098	  -0.03813
   0.11702	  -0.03889
   0.12338	  -0.03963
   0.13006	  -0.04037
   0.13708	  -0.04108
   0.14443	  -0.04178
   0.15212	  -0.04245
   0.16015	  -0.04310
   0.16850	  -0.04371
   0.17716	  -0.04429
   0.18612	  -0.04483
   0.19535	  -0.04533
   0.20485	  -0.04578
   0.21458	  -0.04618
   0.22452	  -0.04654
   0.23466	  -0.04684
   0.24498	  -0.04709
   0.25544	  -0.04729
   0.26605	  -0.04745
   0.27677	  -0.04755
   0.28760	  -0.04761
   0.29852	  -0.04762
   0.30952	  -0.04759
   0.32058	  -0.04752
   0.33171	  -0.04740
   0.34289	  -0.04724
   0.35411	  -0.04704
   0.36538	  -0.04681
   0.37668	  -0.04653
   0.38802	  -0.04623
   0.39938	  -0.04589
   0.41078	  -0.04551
   0.42219	  -0.04511
   0.43362	  -0.04468
   0.44508	  -0.04422
   0.45654	  -0.04373
   0.46802	  -0.04321
   0.47952	  -0.04267
   0.49102	  -0.04210
   0.50254	  -0.04150
   0.51407	  -0.04088
   0.52561	  -0.04024
   0.53716	  -0.03958
   0.54872	  -0.03889
   0.56029	  -0.03818
   0.57187	  -0.03746
   0.58345	  -0.03671
   0.59504	  -0.03594
   0.60664	  -0.03516
   0.61824	  -0.03436
   0.62984	  -0.03354
   0.64145	  -0.03270
   0.65307	  -0.03184
   0.66469	  -0.03097
   0.67631	  -0.03009
   0.68793	  -0.02918
   0.69956	  -0.02827
   0.71119	  -0.02733
   0.72282	  -0.02639
   0.73446	  -0.02543
   0.74609	  -0.02445
   0.75772	  -0.02347
   0.76935	  -0.02248
   0.78096	  -0.02147
   0.79257	  -0.02045
   0.80417	  -0.01942
   0.81576	  -0.01838
   0.82732	  -0.01734
   0.83885	  -0.01629
   0.85035	  -0.01524
   0.86179	  -0.01417
   0.87318	  -0.01310
   0.88451	  -0.01202
   0.89576	  -0.01096
   0.90690	  -0.00991
   0.91792	  -0.00886
   0.92879	  -0.00780
   0.93949	  -0.00672
   0.95001	  -0.00561
   0.96034	  -0.00447
   0.97047	  -0.00331
   0.98036	  -0.00214
   0.98681	  -0.00136
