Eiffel 428
   1.00000	   0.00000
   0.99667	   0.00085
   0.99138	   0.00217
   0.98569	   0.00355
   0.97957	   0.00501
   0.97295	   0.00654
   0.96580	   0.00814
   0.95808	   0.00981
   0.94982	   0.01154
   0.94108	   0.01329
   0.93201	   0.01504
   0.92277	   0.01679
   0.91348	   0.01851
   0.90424	   0.02021
   0.89508	   0.02192
   0.88598	   0.02363
   0.87692	   0.02534
   0.86790	   0.02706
   0.85888	   0.02878
   0.84986	   0.03051
   0.84082	   0.03225
   0.83177	   0.03398
   0.82268	   0.03572
   0.81356	   0.03745
   0.80440	   0.03918
   0.79521	   0.04089
   0.78598	   0.04260
   0.77673	   0.04429
   0.76745	   0.04598
   0.75814	   0.04766
   0.74883	   0.04933
   0.73951	   0.05099
   0.73019	   0.05265
   0.72088	   0.05430
   0.71156	   0.05595
   0.70224	   0.05760
   0.69294	   0.05925
   0.68366	   0.06090
   0.67441	   0.06254
   0.66518	   0.06416
   0.65598	   0.06576
   0.64681	   0.06734
   0.63767	   0.06890
   0.62855	   0.07043
   0.61944	   0.07192
   0.61035	   0.07338
   0.60126	   0.07481
   0.59216	   0.07619
   0.58306	   0.07753
   0.57395	   0.07884
   0.56481	   0.08011
   0.55565	   0.08134
   0.54648	   0.08253
   0.53729	   0.08369
   0.52808	   0.08481
   0.51887	   0.08590
   0.50967	   0.08694
   0.50048	   0.08795
   0.49131	   0.08892
   0.48219	   0.08984
   0.47311	   0.09070
   0.46409	   0.09151
   0.45512	   0.09225
   0.44621	   0.09291
   0.43735	   0.09350
   0.42854	   0.09400
   0.41977	   0.09441
   0.41102	   0.09474
   0.40229	   0.09496
   0.39357	   0.09508
   0.38483	   0.09510
   0.37606	   0.09503
   0.36725	   0.09488
   0.35840	   0.09465
   0.34948	   0.09436
   0.34049	   0.09401
   0.33141	   0.09361
   0.32225	   0.09316
   0.31300	   0.09269
   0.30365	   0.09220
   0.29422	   0.09169
   0.28485	   0.09118
   0.27557	   0.09066
   0.26635	   0.09013
   0.25717	   0.08957
   0.24800	   0.08897
   0.23882	   0.08834
   0.22956	   0.08764
   0.22020	   0.08688
   0.21088	   0.08606
   0.20181	   0.08518
   0.19301	   0.08426
   0.18452	   0.08328
   0.17632	   0.08221
   0.16834	   0.08104
   0.16053	   0.07974
   0.15279	   0.07828
   0.14503	   0.07661
   0.13711	   0.07473
   0.12894	   0.07265
   0.12051	   0.07041
   0.11194	   0.06811
   0.10349	   0.06589
   0.09548	   0.06387
   0.08811	   0.06202
   0.08131	   0.06017
   0.07489	   0.05816
   0.06859	   0.05586
   0.06214	   0.05323
   0.05535	   0.05031
   0.04826	   0.04726
   0.04123	   0.04432
   0.03473	   0.04163
   0.02896	   0.03921
   0.02392	   0.03702
   0.01953	   0.03499
   0.01587	   0.03306
   0.01293	   0.03128
   0.01054	   0.02966
   0.00858	   0.02820
   0.00697	   0.02687
   0.00561	   0.02564
   0.00445	   0.02449
   0.00347	   0.02341
   0.00263	   0.02237
   0.00193	   0.02138
   0.00134	   0.02042
   0.00086	   0.01949
   0.00048	   0.01858
   0.00021	   0.01769
   0.00003	   0.01682
  -0.00004	   0.01595
  -0.00001	   0.01509
   0.00013	   0.01424
   0.00037	   0.01339
   0.00072	   0.01253
   0.00117	   0.01167
   0.00174	   0.01080
   0.00241	   0.00991
   0.00321	   0.00902
   0.00414	   0.00810
   0.00522	   0.00717
   0.00646	   0.00621
   0.00791	   0.00523
   0.00959	   0.00423
   0.01155	   0.00323
   0.01383	   0.00226
   0.01648	   0.00140
   0.01955	   0.00069
   0.02305	   0.00018
   0.02701	  -0.00014
   0.03149	  -0.00031
   0.03662	  -0.00032
   0.04250	  -0.00020
   0.04921	  -0.00002
   0.05670	   0.00008
   0.06482	   0.00007
   0.07332	   0.00001
   0.08206	  -0.00002
   0.09098	  -0.00000
   0.10001	  -0.00000
   0.10907	  -0.00003
   0.11809	  -0.00009
   0.12703	  -0.00013
   0.13588	  -0.00014
   0.14466	  -0.00008
   0.15340	   0.00007
   0.16216	   0.00032
   0.17099	   0.00065
   0.17993	   0.00104
   0.18900	   0.00147
   0.19821	   0.00191
   0.20753	   0.00235
   0.21695	   0.00277
   0.22640	   0.00317
   0.23582	   0.00354
   0.24523	   0.00389
   0.25466	   0.00422
   0.26411	   0.00453
   0.27355	   0.00481
   0.28295	   0.00508
   0.29232	   0.00532
   0.30166	   0.00554
   0.31098	   0.00574
   0.32029	   0.00591
   0.32960	   0.00608
   0.33892	   0.00623
   0.34826	   0.00636
   0.35761	   0.00649
   0.36699	   0.00661
   0.37639	   0.00673
   0.38582	   0.00684
   0.39526	   0.00695
   0.40472	   0.00705
   0.41418	   0.00717
   0.42365	   0.00728
   0.43312	   0.00739
   0.44258	   0.00749
   0.45203	   0.00759
   0.46147	   0.00769
   0.47089	   0.00778
   0.48031	   0.00786
   0.48972	   0.00793
   0.49911	   0.00799
   0.50851	   0.00805
   0.51790	   0.00808
   0.52729	   0.00811
   0.53668	   0.00813
   0.54608	   0.00814
   0.55548	   0.00813
   0.56488	   0.00812
   0.57430	   0.00810
   0.58371	   0.00807
   0.59313	   0.00803
   0.60255	   0.00799
   0.61197	   0.00793
   0.62138	   0.00787
   0.63079	   0.00780
   0.64020	   0.00772
   0.64960	   0.00763
   0.65899	   0.00754
   0.66838	   0.00743
   0.67777	   0.00731
   0.68715	   0.00719
   0.69655	   0.00705
   0.70595	   0.00691
   0.71536	   0.00675
   0.72479	   0.00658
   0.73424	   0.00641
   0.74370	   0.00622
   0.75316	   0.00603
   0.76261	   0.00583
   0.77205	   0.00563
   0.78150	   0.00542
   0.79095	   0.00521
   0.80041	   0.00499
   0.80984	   0.00477
   0.81922	   0.00455
   0.82856	   0.00432
   0.83785	   0.00408
   0.84709	   0.00383
   0.85630	   0.00356
   0.86547	   0.00328
   0.87462	   0.00297
   0.88378	   0.00265
   0.89296	   0.00229
   0.90218	   0.00191
   0.91148	   0.00149
   0.92083	   0.00108
   0.93017	   0.00068
   0.93938	   0.00033
   0.94830	   0.00005
   0.95677	  -0.00015
   0.96471	  -0.00027
   0.97209	  -0.00032
   0.97892	  -0.00031
   0.98524	  -0.00027
   0.99110	  -0.00019
   0.99656	  -0.00008
   1.00000	   0.00000
