EIFFL32
   1.00000	   0.01000
   0.99714	   0.01011
   0.99271	   0.01029
   0.98810	   0.01049
   0.98328	   0.01069
   0.97824	   0.01092
   0.97295	   0.01116
   0.96740	   0.01142
   0.96154	   0.01171
   0.95537	   0.01202
   0.94883	   0.01236
   0.94190	   0.01274
   0.93454	   0.01315
   0.92672	   0.01361
   0.91842	   0.01411
   0.90964	   0.01467
   0.90039	   0.01527
   0.89105	   0.01591
   0.88198	   0.01655
   0.87306	   0.01720
   0.86422	   0.01787
   0.85539	   0.01856
   0.84654	   0.01926
   0.83761	   0.02000
   0.82858	   0.02076
   0.81942	   0.02155
   0.81013	   0.02238
   0.80071	   0.02323
   0.79127	   0.02411
   0.78191	   0.02500
   0.77259	   0.02591
   0.76330	   0.02682
   0.75401	   0.02775
   0.74471	   0.02868
   0.73539	   0.02964
   0.72603	   0.03060
   0.71664	   0.03157
   0.70720	   0.03255
   0.69774	   0.03354
   0.68828	   0.03452
   0.67884	   0.03552
   0.66941	   0.03652
   0.65998	   0.03753
   0.65056	   0.03856
   0.64113	   0.03960
   0.63170	   0.04068
   0.62226	   0.04178
   0.61281	   0.04291
   0.60336	   0.04408
   0.59391	   0.04528
   0.58448	   0.04652
   0.57506	   0.04779
   0.56564	   0.04909
   0.55623	   0.05042
   0.54682	   0.05176
   0.53741	   0.05313
   0.52800	   0.05452
   0.51859	   0.05591
   0.50918	   0.05732
   0.49976	   0.05874
   0.49035	   0.06015
   0.48094	   0.06156
   0.47154	   0.06296
   0.46214	   0.06435
   0.45274	   0.06571
   0.44333	   0.06705
   0.43392	   0.06836
   0.42450	   0.06962
   0.41506	   0.07085
   0.40559	   0.07203
   0.39612	   0.07315
   0.38665	   0.07421
   0.37719	   0.07520
   0.36775	   0.07610
   0.35833	   0.07691
   0.34892	   0.07762
   0.33952	   0.07821
   0.33013	   0.07869
   0.32074	   0.07904
   0.31134	   0.07925
   0.30192	   0.07931
   0.29247	   0.07921
   0.28306	   0.07896
   0.27373	   0.07858
   0.26448	   0.07810
   0.25527	   0.07753
   0.24610	   0.07689
   0.23694	   0.07620
   0.22775	   0.07547
   0.21849	   0.07471
   0.20911	   0.07394
   0.19955	   0.07316
   0.19000	   0.07241
   0.18067	   0.07164
   0.17159	   0.07080
   0.16277	   0.06985
   0.15420	   0.06873
   0.14584	   0.06742
   0.13765	   0.06586
   0.12961	   0.06401
   0.12164	   0.06181
   0.11369	   0.05916
   0.10566	   0.05595
   0.09745	   0.05199
   0.08953	   0.04766
   0.08180	   0.04346
   0.07346	   0.03954
   0.06567	   0.03654
   0.05890	   0.03399
   0.05243	   0.03112
   0.04604	   0.02725
   0.04180	   0.02419
   0.03829	   0.02171
   0.03479	   0.01949
   0.03064	   0.01733
   0.02368	   0.01482
   0.01809	   0.01352
   0.01459	   0.01289
   0.01193	   0.01245
   0.00977	   0.01212
   0.00796	   0.01185
   0.00642	   0.01162
   0.00510	   0.01142
   0.00396	   0.01123
   0.00299	   0.01106
   0.00217	   0.01090
   0.00148	   0.01074
   0.00093	   0.01058
   0.00051	   0.01042
   0.00021	   0.01027
   0.00004	   0.01011
   0.00000	   0.00994
   0.00010	   0.00977
   0.00032	   0.00959
   0.00067	   0.00940
   0.00115	   0.00920
   0.00176	   0.00899
   0.00251	   0.00877
   0.00341	   0.00853
   0.00447	   0.00827
   0.00572	   0.00799
   0.00719	   0.00768
   0.00892	   0.00733
   0.01100	   0.00693
   0.01357	   0.00645
   0.01693	   0.00584
   0.02206	   0.00488
   0.02993	   0.00325
   0.03506	   0.00211
   0.03956	   0.00119
   0.04455	   0.00044
   0.05161	   0.00027
   0.05876	   0.00115
   0.06606	   0.00257
   0.07454	   0.00422
   0.08367	   0.00542
   0.09250	   0.00615
   0.10167	   0.00684
   0.11063	   0.00774
   0.11921	   0.00882
   0.12757	   0.01003
   0.13583	   0.01136
   0.14408	   0.01278
   0.15237	   0.01428
   0.16077	   0.01583
   0.16933	   0.01742
   0.17809	   0.01901
   0.18708	   0.02056
   0.19629	   0.02205
   0.20569	   0.02340
   0.21502	   0.02456
   0.22427	   0.02556
   0.23348	   0.02641
   0.24267	   0.02713
   0.25189	   0.02772
   0.26115	   0.02821
   0.27046	   0.02860
   0.27984	   0.02890
   0.28928	   0.02913
   0.29879	   0.02928
   0.30829	   0.02938
   0.31776	   0.02942
   0.32721	   0.02941
   0.33664	   0.02934
   0.34607	   0.02921
   0.35551	   0.02903
   0.36495	   0.02879
   0.37441	   0.02849
   0.38388	   0.02813
   0.39337	   0.02772
   0.40287	   0.02725
   0.41238	   0.02672
   0.42188	   0.02615
   0.43138	   0.02552
   0.44086	   0.02485
   0.45035	   0.02414
   0.45983	   0.02340
   0.46931	   0.02264
   0.47880	   0.02184
   0.48828	   0.02103
   0.49778	   0.02020
   0.50726	   0.01936
   0.51675	   0.01851
   0.52623	   0.01766
   0.53570	   0.01681
   0.54517	   0.01596
   0.55464	   0.01512
   0.56411	   0.01429
   0.57358	   0.01347
   0.58306	   0.01267
   0.59254	   0.01190
   0.60204	   0.01114
   0.61154	   0.01041
   0.62103	   0.00971
   0.63051	   0.00905
   0.63999	   0.00842
   0.64946	   0.00782
   0.65893	   0.00726
   0.66840	   0.00674
   0.67788	   0.00626
   0.68736	   0.00582
   0.69687	   0.00542
   0.70638	   0.00507
   0.71585	   0.00476
   0.72529	   0.00449
   0.73469	   0.00425
   0.74405	   0.00402
   0.75339	   0.00381
   0.76272	   0.00361
   0.77205	   0.00340
   0.78141	   0.00318
   0.79080	   0.00295
   0.80028	   0.00269
   0.80974	   0.00241
   0.81907	   0.00210
   0.82827	   0.00179
   0.83734	   0.00149
   0.84630	   0.00119
   0.85519	   0.00091
   0.86405	   0.00065
   0.87291	   0.00043
   0.88186	   0.00024
   0.89096	   0.00009
   0.90032	  -0.00000
   0.90958	  -0.00003
   0.91837	   0.00002
   0.92668	   0.00011
   0.93451	   0.00025
   0.94187	   0.00042
   0.94881	   0.00063
   0.95535	   0.00085
   0.96153	   0.00110
   0.96739	   0.00136
   0.97295	   0.00163
   0.97824	   0.00191
   0.98328	   0.00220
   0.98810	   0.00249
   0.99271	   0.00279
   0.99714	   0.00310
   1.00000	   0.00330
