EL 25108
   1.00000	   0.00000
   0.99684	   0.00058
   0.99179	   0.00149
   0.98634	   0.00247
   0.98041	   0.00352
   0.97394	   0.00465
   0.96687	   0.00587
   0.95914	   0.00718
   0.95076	   0.00857
   0.94191	   0.01002
   0.93317	   0.01142
   0.92453	   0.01279
   0.91584	   0.01415
   0.90703	   0.01551
   0.89808	   0.01690
   0.88919	   0.01826
   0.88040	   0.01962
   0.87166	   0.02096
   0.86295	   0.02229
   0.85424	   0.02363
   0.84552	   0.02497
   0.83676	   0.02632
   0.82796	   0.02767
   0.81911	   0.02904
   0.81020	   0.03041
   0.80125	   0.03181
   0.79227	   0.03321
   0.78328	   0.03461
   0.77430	   0.03602
   0.76533	   0.03742
   0.75635	   0.03882
   0.74736	   0.04022
   0.73836	   0.04161
   0.72938	   0.04299
   0.72041	   0.04435
   0.71146	   0.04570
   0.70252	   0.04703
   0.69359	   0.04834
   0.68467	   0.04962
   0.67575	   0.05089
   0.66683	   0.05215
   0.65790	   0.05339
   0.64896	   0.05461
   0.64001	   0.05582
   0.63106	   0.05702
   0.62209	   0.05821
   0.61311	   0.05939
   0.60412	   0.06057
   0.59512	   0.06173
   0.58612	   0.06288
   0.57711	   0.06402
   0.56811	   0.06515
   0.55910	   0.06625
   0.55010	   0.06733
   0.54111	   0.06839
   0.53213	   0.06941
   0.52316	   0.07040
   0.51422	   0.07136
   0.50530	   0.07227
   0.49642	   0.07315
   0.48756	   0.07397
   0.47875	   0.07475
   0.46997	   0.07547
   0.46123	   0.07613
   0.45253	   0.07674
   0.44385	   0.07727
   0.43520	   0.07775
   0.42656	   0.07815
   0.41792	   0.07847
   0.40927	   0.07872
   0.40059	   0.07889
   0.39187	   0.07897
   0.38309	   0.07898
   0.37424	   0.07890
   0.36530	   0.07876
   0.35627	   0.07855
   0.34719	   0.07829
   0.33814	   0.07799
   0.32914	   0.07765
   0.32015	   0.07728
   0.31115	   0.07689
   0.30210	   0.07649
   0.29305	   0.07609
   0.28413	   0.07566
   0.27538	   0.07520
   0.26677	   0.07466
   0.25829	   0.07403
   0.24989	   0.07329
   0.24152	   0.07241
   0.23313	   0.07143
   0.22469	   0.07038
   0.21619	   0.06931
   0.20765	   0.06827
   0.19913	   0.06731
   0.19070	   0.06645
   0.18244	   0.06565
   0.17435	   0.06485
   0.16644	   0.06398
   0.15863	   0.06300
   0.15088	   0.06185
   0.14308	   0.06045
   0.13512	   0.05880
   0.12693	   0.05690
   0.11849	   0.05475
   0.10986	   0.05241
   0.10123	   0.04995
   0.09287	   0.04751
   0.08491	   0.04510
   0.07718	   0.04263
   0.06926	   0.03992
   0.06097	   0.03693
   0.05275	   0.03391
   0.04497	   0.03106
   0.03876	   0.02872
   0.03353	   0.02660
   0.02875	   0.02447
   0.02391	   0.02201
   0.01800	   0.01846
   0.01274	   0.01487
   0.00952	   0.01254
   0.00733	   0.01083
   0.00567	   0.00944
   0.00436	   0.00824
   0.00329	   0.00716
   0.00241	   0.00617
   0.00170	   0.00525
   0.00111	   0.00439
   0.00065	   0.00356
   0.00031	   0.00277
   0.00008	   0.00200
  -0.00005	   0.00125
  -0.00006	   0.00052
   0.00004	  -0.00020
   0.00027	  -0.00092
   0.00062	  -0.00164
   0.00109	  -0.00236
   0.00170	  -0.00310
   0.00245	  -0.00387
   0.00337	  -0.00466
   0.00450	  -0.00551
   0.00588	  -0.00643
   0.00762	  -0.00745
   0.00993	  -0.00867
   0.01329	  -0.01026
   0.01878	  -0.01257
   0.02541	  -0.01494
   0.03121	  -0.01678
   0.03688	  -0.01840
   0.04282	  -0.01987
   0.04926	  -0.02117
   0.05633	  -0.02221
   0.06398	  -0.02300
   0.07205	  -0.02366
   0.08032	  -0.02437
   0.08855	  -0.02511
   0.09663	  -0.02577
   0.10457	  -0.02624
   0.11246	  -0.02652
   0.12037	  -0.02666
   0.12836	  -0.02671
   0.13647	  -0.02674
   0.14472	  -0.02681
   0.15310	  -0.02698
   0.16157	  -0.02728
   0.17011	  -0.02768
   0.17869	  -0.02813
   0.18729	  -0.02859
   0.19591	  -0.02902
   0.20456	  -0.02938
   0.21324	  -0.02964
   0.22198	  -0.02983
   0.23077	  -0.02994
   0.23963	  -0.03000
   0.24854	  -0.03000
   0.25750	  -0.02997
   0.26648	  -0.02991
   0.27549	  -0.02983
   0.28451	  -0.02974
   0.29354	  -0.02966
   0.30256	  -0.02958
   0.31158	  -0.02952
   0.32059	  -0.02948
   0.32960	  -0.02944
   0.33860	  -0.02941
   0.34759	  -0.02938
   0.35658	  -0.02933
   0.36555	  -0.02928
   0.37452	  -0.02922
   0.38348	  -0.02913
   0.39244	  -0.02902
   0.40140	  -0.02888
   0.41036	  -0.02870
   0.41932	  -0.02850
   0.42828	  -0.02827
   0.43726	  -0.02802
   0.44624	  -0.02775
   0.45524	  -0.02747
   0.46424	  -0.02718
   0.47326	  -0.02688
   0.48229	  -0.02658
   0.49134	  -0.02628
   0.50039	  -0.02599
   0.50946	  -0.02570
   0.51853	  -0.02543
   0.52762	  -0.02516
   0.53671	  -0.02490
   0.54581	  -0.02464
   0.55491	  -0.02438
   0.56401	  -0.02413
   0.57311	  -0.02387
   0.58221	  -0.02362
   0.59130	  -0.02335
   0.60038	  -0.02309
   0.60945	  -0.02282
   0.61851	  -0.02254
   0.62755	  -0.02225
   0.63658	  -0.02194
   0.64559	  -0.02163
   0.65458	  -0.02130
   0.66356	  -0.02095
   0.67254	  -0.02058
   0.68150	  -0.02019
   0.69047	  -0.01977
   0.69944	  -0.01933
   0.70841	  -0.01886
   0.71741	  -0.01836
   0.72642	  -0.01785
   0.73546	  -0.01731
   0.74452	  -0.01675
   0.75360	  -0.01618
   0.76269	  -0.01560
   0.77177	  -0.01502
   0.78084	  -0.01443
   0.78993	  -0.01385
   0.79900	  -0.01326
   0.80804	  -0.01269
   0.81704	  -0.01213
   0.82597	  -0.01157
   0.83485	  -0.01102
   0.84368	  -0.01048
   0.85247	  -0.00994
   0.86123	  -0.00940
   0.86999	  -0.00887
   0.87878	  -0.00833
   0.88762	  -0.00778
   0.89655	  -0.00722
   0.90559	  -0.00665
   0.91451	  -0.00607
   0.92328	  -0.00550
   0.93197	  -0.00493
   0.94074	  -0.00434
   0.94969	  -0.00372
   0.95829	  -0.00312
   0.96622	  -0.00255
   0.97347	  -0.00202
   0.98008	  -0.00153
   0.98612	  -0.00107
   0.99167	  -0.00065
   0.99679	  -0.00025
   1.00000	   0.00000
