ELINA
   1.00000	   0.00000
   0.99596	   0.00047
   0.98868	   0.00145
   0.98085	   0.00262
   0.97277	   0.00391
   0.96453	   0.00526
   0.95623	   0.00664
   0.94795	   0.00802
   0.93967	   0.00939
   0.93140	   0.01074
   0.92312	   0.01207
   0.91484	   0.01338
   0.90654	   0.01467
   0.89824	   0.01595
   0.88992	   0.01722
   0.88160	   0.01849
   0.87328	   0.01975
   0.86495	   0.02100
   0.85661	   0.02225
   0.84828	   0.02349
   0.83995	   0.02474
   0.83162	   0.02598
   0.82329	   0.02721
   0.81495	   0.02844
   0.80662	   0.02967
   0.79829	   0.03089
   0.78996	   0.03211
   0.78162	   0.03333
   0.77328	   0.03454
   0.76495	   0.03575
   0.75661	   0.03695
   0.74828	   0.03815
   0.73994	   0.03934
   0.73161	   0.04053
   0.72327	   0.04171
   0.71494	   0.04288
   0.70661	   0.04405
   0.69827	   0.04521
   0.68994	   0.04636
   0.68160	   0.04750
   0.67327	   0.04864
   0.66493	   0.04976
   0.65660	   0.05087
   0.64827	   0.05198
   0.63993	   0.05307
   0.63160	   0.05415
   0.62327	   0.05521
   0.61493	   0.05626
   0.60660	   0.05729
   0.59827	   0.05831
   0.58994	   0.05931
   0.58161	   0.06029
   0.57328	   0.06125
   0.56495	   0.06219
   0.55662	   0.06311
   0.54829	   0.06401
   0.53996	   0.06488
   0.53162	   0.06573
   0.52329	   0.06655
   0.51496	   0.06734
   0.50663	   0.06811
   0.49830	   0.06885
   0.48997	   0.06955
   0.48163	   0.07023
   0.47330	   0.07087
   0.46497	   0.07149
   0.45663	   0.07206
   0.44830	   0.07261
   0.43996	   0.07312
   0.43162	   0.07359
   0.42329	   0.07403
   0.41495	   0.07444
   0.40661	   0.07480
   0.39826	   0.07513
   0.38992	   0.07543
   0.38158	   0.07568
   0.37324	   0.07590
   0.36491	   0.07607
   0.35657	   0.07620
   0.34824	   0.07630
   0.33991	   0.07635
   0.33158	   0.07635
   0.32325	   0.07631
   0.31492	   0.07623
   0.30660	   0.07610
   0.29827	   0.07592
   0.28995	   0.07570
   0.28163	   0.07543
   0.27332	   0.07511
   0.26501	   0.07474
   0.25670	   0.07432
   0.24840	   0.07385
   0.24011	   0.07333
   0.23182	   0.07276
   0.22355	   0.07213
   0.21528	   0.07144
   0.20703	   0.07069
   0.19879	   0.06987
   0.19056	   0.06899
   0.18235	   0.06804
   0.17416	   0.06702
   0.16598	   0.06592
   0.15783	   0.06475
   0.14970	   0.06348
   0.14159	   0.06214
   0.13351	   0.06070
   0.12546	   0.05916
   0.11744	   0.05753
   0.10947	   0.05578
   0.10154	   0.05393
   0.09368	   0.05196
   0.08587	   0.04985
   0.07814	   0.04761
   0.07047	   0.04521
   0.06290	   0.04265
   0.05545	   0.03993
   0.04816	   0.03703
   0.04108	   0.03394
   0.03421	   0.03062
   0.02759	   0.02707
   0.02132	   0.02332
   0.01565	   0.01944
   0.01103	   0.01564
   0.00754	   0.01219
   0.00492	   0.00933
   0.00305	   0.00719
   0.00180	   0.00552
   0.00100	   0.00408
   0.00050	   0.00282
   0.00022	   0.00170
   0.00003	   0.00070
   0.00003	  -0.00019
   0.00037	  -0.00101
   0.00090	  -0.00187
   0.00136	  -0.00292
   0.00180	  -0.00407
   0.00265	  -0.00513
   0.00408	  -0.00610
   0.00604	  -0.00708
   0.00884	  -0.00817
   0.01324	  -0.00963
   0.01974	  -0.01148
   0.02643	  -0.01301
   0.03311	  -0.01422
   0.04041	  -0.01529
   0.04848	  -0.01628
   0.05685	  -0.01715
   0.06509	  -0.01786
   0.07318	  -0.01846
   0.08127	  -0.01895
   0.08943	  -0.01937
   0.09770	  -0.01972
   0.10604	  -0.02002
   0.11440	  -0.02026
   0.12275	  -0.02045
   0.13109	  -0.02060
   0.13943	  -0.02071
   0.14777	  -0.02079
   0.15613	  -0.02083
   0.16449	  -0.02085
   0.17287	  -0.02084
   0.18125	  -0.02081
   0.18964	  -0.02075
   0.19804	  -0.02068
   0.20644	  -0.02059
   0.21484	  -0.02048
   0.22324	  -0.02036
   0.23164	  -0.02023
   0.24004	  -0.02009
   0.24844	  -0.01993
   0.25684	  -0.01976
   0.26525	  -0.01958
   0.27366	  -0.01939
   0.28207	  -0.01919
   0.29049	  -0.01898
   0.29891	  -0.01877
   0.30733	  -0.01855
   0.31575	  -0.01834
   0.32418	  -0.01812
   0.33260	  -0.01789
   0.34102	  -0.01766
   0.34944	  -0.01743
   0.35787	  -0.01720
   0.36629	  -0.01696
   0.37471	  -0.01672
   0.38313	  -0.01648
   0.39156	  -0.01624
   0.39998	  -0.01599
   0.40841	  -0.01574
   0.41683	  -0.01549
   0.42526	  -0.01525
   0.43369	  -0.01500
   0.44211	  -0.01475
   0.45054	  -0.01450
   0.45897	  -0.01425
   0.46739	  -0.01400
   0.47582	  -0.01375
   0.48425	  -0.01350
   0.49267	  -0.01325
   0.50110	  -0.01300
   0.50953	  -0.01276
   0.51796	  -0.01251
   0.52638	  -0.01227
   0.53481	  -0.01202
   0.54324	  -0.01177
   0.55167	  -0.01153
   0.56010	  -0.01129
   0.56852	  -0.01104
   0.57695	  -0.01080
   0.58538	  -0.01056
   0.59380	  -0.01032
   0.60222	  -0.01008
   0.61064	  -0.00984
   0.61906	  -0.00961
   0.62748	  -0.00938
   0.63591	  -0.00916
   0.64433	  -0.00893
   0.65275	  -0.00871
   0.66118	  -0.00849
   0.66960	  -0.00826
   0.67803	  -0.00804
   0.68645	  -0.00781
   0.69487	  -0.00759
   0.70330	  -0.00736
   0.71172	  -0.00714
   0.72014	  -0.00692
   0.72856	  -0.00670
   0.73699	  -0.00648
   0.74541	  -0.00627
   0.75383	  -0.00606
   0.76226	  -0.00585
   0.77069	  -0.00564
   0.77911	  -0.00544
   0.78754	  -0.00523
   0.79597	  -0.00503
   0.80440	  -0.00482
   0.81283	  -0.00462
   0.82125	  -0.00442
   0.82968	  -0.00422
   0.83811	  -0.00402
   0.84654	  -0.00382
   0.85496	  -0.00362
   0.86339	  -0.00342
   0.87181	  -0.00322
   0.88023	  -0.00302
   0.88865	  -0.00281
   0.89707	  -0.00260
   0.90548	  -0.00239
   0.91388	  -0.00216
   0.92228	  -0.00192
   0.93067	  -0.00166
   0.93906	  -0.00140
   0.94745	  -0.00112
   0.95583	  -0.00082
   0.96420	  -0.00054
   0.97249	  -0.00030
   0.98060	  -0.00013
   0.98850	  -0.00005
   0.99591	  -0.00003
   1.00000	   0.00000
