EPPLER 379
   1.00000	   0.00000
   0.99638	   0.00025
   0.98868	   0.00082
   0.98101	   0.00146
   0.97312	   0.00219
   0.96488	   0.00302
   0.95663	   0.00391
   0.94831	   0.00487
   0.94009	   0.00586
   0.93181	   0.00690
   0.92344	   0.00797
   0.91503	   0.00908
   0.90663	   0.01022
   0.89823	   0.01137
   0.88986	   0.01253
   0.88149	   0.01371
   0.87312	   0.01491
   0.86475	   0.01612
   0.85636	   0.01734
   0.84798	   0.01858
   0.83959	   0.01983
   0.83120	   0.02108
   0.82282	   0.02235
   0.81444	   0.02362
   0.80605	   0.02489
   0.79767	   0.02618
   0.78929	   0.02746
   0.78090	   0.02876
   0.77252	   0.03006
   0.76414	   0.03136
   0.75575	   0.03267
   0.74737	   0.03398
   0.73898	   0.03529
   0.73060	   0.03660
   0.72221	   0.03792
   0.71383	   0.03924
   0.70544	   0.04056
   0.69706	   0.04188
   0.68867	   0.04320
   0.68028	   0.04452
   0.67190	   0.04584
   0.66351	   0.04715
   0.65513	   0.04847
   0.64674	   0.04978
   0.63836	   0.05108
   0.62998	   0.05238
   0.62160	   0.05368
   0.61321	   0.05497
   0.60483	   0.05626
   0.59645	   0.05754
   0.58806	   0.05881
   0.57968	   0.06007
   0.57130	   0.06133
   0.56292	   0.06257
   0.55454	   0.06381
   0.54615	   0.06503
   0.53777	   0.06624
   0.52939	   0.06744
   0.52101	   0.06862
   0.51262	   0.06978
   0.50424	   0.07093
   0.49586	   0.07205
   0.48748	   0.07316
   0.47910	   0.07424
   0.47072	   0.07529
   0.46235	   0.07631
   0.45398	   0.07729
   0.44560	   0.07823
   0.43723	   0.07914
   0.42886	   0.08000
   0.42049	   0.08081
   0.41212	   0.08158
   0.40374	   0.08230
   0.39537	   0.08297
   0.38699	   0.08358
   0.37861	   0.08414
   0.37024	   0.08463
   0.36186	   0.08507
   0.35348	   0.08545
   0.34510	   0.08576
   0.33673	   0.08601
   0.32835	   0.08619
   0.31998	   0.08630
   0.31161	   0.08634
   0.30325	   0.08631
   0.29488	   0.08620
   0.28653	   0.08602
   0.27818	   0.08576
   0.26983	   0.08541
   0.26150	   0.08498
   0.25317	   0.08447
   0.24484	   0.08387
   0.23653	   0.08319
   0.22822	   0.08242
   0.21992	   0.08157
   0.21163	   0.08062
   0.20335	   0.07959
   0.19508	   0.07848
   0.18682	   0.07728
   0.17858	   0.07599
   0.17035	   0.07461
   0.16214	   0.07315
   0.15396	   0.07159
   0.14579	   0.06995
   0.13765	   0.06820
   0.12955	   0.06636
   0.12149	   0.06441
   0.11347	   0.06236
   0.10549	   0.06018
   0.09754	   0.05789
   0.08962	   0.05545
   0.08177	   0.05288
   0.07404	   0.05019
   0.06647	   0.04737
   0.05900	   0.04438
   0.05146	   0.04114
   0.04385	   0.03759
   0.03667	   0.03394
   0.03035	   0.03041
   0.02430	   0.02669
   0.01816	   0.02244
   0.01256	   0.01796
   0.00886	   0.01456
   0.00622	   0.01174
   0.00348	   0.00804
   0.00130	   0.00426
   0.00013	   0.00193
  -0.00026	   0.00073
  -0.00029	  -0.00009
  -0.00000	  -0.00066
   0.00072	  -0.00100
   0.00213	  -0.00110
   0.00561	  -0.00051
   0.00833	   0.00061
   0.01204	   0.00262
   0.01525	   0.00418
   0.01794	   0.00533
   0.02083	   0.00647
   0.02464	   0.00791
   0.03061	   0.01022
   0.03537	   0.01218
   0.03991	   0.01410
   0.04516	   0.01636
   0.05199	   0.01926
   0.05819	   0.02180
   0.06410	   0.02414
   0.07031	   0.02654
   0.07731	   0.02917
   0.08498	   0.03200
   0.09230	   0.03464
   0.09955	   0.03720
   0.10702	   0.03975
   0.11487	   0.04235
   0.12275	   0.04485
   0.13045	   0.04718
   0.13810	   0.04941
   0.14580	   0.05153
   0.15361	   0.05358
   0.16155	   0.05555
   0.16963	   0.05743
   0.17781	   0.05921
   0.18605	   0.06088
   0.19430	   0.06243
   0.20256	   0.06387
   0.21081	   0.06519
   0.21905	   0.06640
   0.22728	   0.06750
   0.23551	   0.06849
   0.24376	   0.06939
   0.25203	   0.07020
   0.26032	   0.07092
   0.26864	   0.07156
   0.27698	   0.07213
   0.28533	   0.07262
   0.29371	   0.07304
   0.30209	   0.07339
   0.31047	   0.07367
   0.31886	   0.07388
   0.32724	   0.07402
   0.33563	   0.07410
   0.34401	   0.07412
   0.35240	   0.07407
   0.36079	   0.07397
   0.36918	   0.07380
   0.37757	   0.07358
   0.38597	   0.07331
   0.39437	   0.07298
   0.40278	   0.07261
   0.41118	   0.07219
   0.41959	   0.07173
   0.42799	   0.07122
   0.43640	   0.07067
   0.44480	   0.07008
   0.45320	   0.06945
   0.46159	   0.06878
   0.46999	   0.06806
   0.47838	   0.06731
   0.48677	   0.06652
   0.49517	   0.06570
   0.50357	   0.06485
   0.51196	   0.06396
   0.52036	   0.06305
   0.52876	   0.06212
   0.53716	   0.06116
   0.54556	   0.06018
   0.55396	   0.05917
   0.56235	   0.05815
   0.57074	   0.05710
   0.57913	   0.05604
   0.58752	   0.05495
   0.59591	   0.05385
   0.60429	   0.05272
   0.61268	   0.05158
   0.62107	   0.05043
   0.62946	   0.04926
   0.63785	   0.04808
   0.64624	   0.04689
   0.65463	   0.04568
   0.66302	   0.04447
   0.67140	   0.04325
   0.67979	   0.04202
   0.68817	   0.04078
   0.69655	   0.03953
   0.70493	   0.03827
   0.71331	   0.03701
   0.72170	   0.03573
   0.73008	   0.03445
   0.73847	   0.03317
   0.74686	   0.03188
   0.75525	   0.03059
   0.76364	   0.02930
   0.77203	   0.02801
   0.78042	   0.02672
   0.78881	   0.02543
   0.79720	   0.02414
   0.80559	   0.02284
   0.81397	   0.02155
   0.82234	   0.02027
   0.83072	   0.01899
   0.83909	   0.01772
   0.84748	   0.01646
   0.85586	   0.01522
   0.86425	   0.01398
   0.87264	   0.01275
   0.88102	   0.01154
   0.88938	   0.01035
   0.89773	   0.00918
   0.90609	   0.00804
   0.91446	   0.00693
   0.92286	   0.00585
   0.93126	   0.00481
   0.93960	   0.00383
   0.94782	   0.00292
   0.95600	   0.00213
   0.96430	   0.00145
   0.97273	   0.00091
   0.98076	   0.00055
   0.98853	   0.00033
   0.99642	   0.00014
   1.00000	   0.00000
