EPPLER 548
   1.00000	   0.00000
   0.99609	   0.00092
   0.98983	   0.00251
   0.98306	   0.00421
   0.97581	   0.00592
   0.96810	   0.00758
   0.95993	   0.00921
   0.95126	   0.01083
   0.94214	   0.01247
   0.93269	   0.01415
   0.92304	   0.01586
   0.91328	   0.01758
   0.90343	   0.01932
   0.89354	   0.02108
   0.88362	   0.02285
   0.87369	   0.02462
   0.86375	   0.02641
   0.85382	   0.02820
   0.84390	   0.03001
   0.83397	   0.03182
   0.82403	   0.03365
   0.81410	   0.03548
   0.80415	   0.03733
   0.79420	   0.03919
   0.78425	   0.04105
   0.77430	   0.04292
   0.76434	   0.04480
   0.75438	   0.04669
   0.74440	   0.04858
   0.73442	   0.05048
   0.72443	   0.05239
   0.71443	   0.05429
   0.70443	   0.05620
   0.69444	   0.05810
   0.68446	   0.06000
   0.67448	   0.06189
   0.66452	   0.06378
   0.65457	   0.06566
   0.64463	   0.06752
   0.63470	   0.06938
   0.62478	   0.07123
   0.61488	   0.07306
   0.60499	   0.07487
   0.59511	   0.07667
   0.58526	   0.07844
   0.57541	   0.08019
   0.56559	   0.08192
   0.55578	   0.08362
   0.54599	   0.08529
   0.53621	   0.08693
   0.52645	   0.08854
   0.51670	   0.09011
   0.50698	   0.09164
   0.49728	   0.09314
   0.48759	   0.09459
   0.47794	   0.09599
   0.46830	   0.09734
   0.45870	   0.09865
   0.44913	   0.09989
   0.43960	   0.10107
   0.43011	   0.10219
   0.42067	   0.10323
   0.41129	   0.10419
   0.40198	   0.10507
   0.39274	   0.10585
   0.38356	   0.10654
   0.37442	   0.10712
   0.36533	   0.10759
   0.35625	   0.10796
   0.34719	   0.10821
   0.33814	   0.10836
   0.32910	   0.10840
   0.32005	   0.10832
   0.31100	   0.10814
   0.30194	   0.10784
   0.29288	   0.10744
   0.28382	   0.10693
   0.27475	   0.10631
   0.26569	   0.10559
   0.25662	   0.10476
   0.24757	   0.10383
   0.23852	   0.10280
   0.22948	   0.10166
   0.22047	   0.10042
   0.21148	   0.09908
   0.20253	   0.09765
   0.19363	   0.09611
   0.18477	   0.09446
   0.17598	   0.09272
   0.16724	   0.09087
   0.15857	   0.08891
   0.14998	   0.08685
   0.14146	   0.08467
   0.13304	   0.08240
   0.12473	   0.08001
   0.11655	   0.07752
   0.10850	   0.07493
   0.10062	   0.07224
   0.09293	   0.06945
   0.08544	   0.06658
   0.07820	   0.06363
   0.07123	   0.06062
   0.06458	   0.05757
   0.05828	   0.05451
   0.05237	   0.05145
   0.04687	   0.04844
   0.04180	   0.04548
   0.03717	   0.04261
   0.03295	   0.03985
   0.02915	   0.03719
   0.02572	   0.03466
   0.02265	   0.03225
   0.01989	   0.02996
   0.01741	   0.02779
   0.01520	   0.02572
   0.01321	   0.02376
   0.01143	   0.02188
   0.00983	   0.02009
   0.00840	   0.01838
   0.00711	   0.01674
   0.00597	   0.01517
   0.00495	   0.01365
   0.00404	   0.01219
   0.00324	   0.01078
   0.00253	   0.00941
   0.00192	   0.00809
   0.00139	   0.00681
   0.00094	   0.00556
   0.00059	   0.00435
   0.00031	   0.00317
   0.00012	   0.00203
   0.00002	   0.00092
   0.00001	  -0.00016
   0.00014	  -0.00125
   0.00047	  -0.00233
   0.00104	  -0.00336
   0.00176	  -0.00435
   0.00259	  -0.00531
   0.00353	  -0.00627
   0.00458	  -0.00721
   0.00573	  -0.00816
   0.00698	  -0.00912
   0.00835	  -0.01009
   0.00985	  -0.01108
   0.01148	  -0.01209
   0.01326	  -0.01314
   0.01522	  -0.01421
   0.01737	  -0.01533
   0.01974	  -0.01648
   0.02236	  -0.01768
   0.02526	  -0.01892
   0.02849	  -0.02023
   0.03207	  -0.02160
   0.03606	  -0.02304
   0.04051	  -0.02455
   0.04548	  -0.02613
   0.05097	  -0.02779
   0.05702	  -0.02950
   0.06362	  -0.03125
   0.07073	  -0.03302
   0.07829	  -0.03479
   0.08625	  -0.03654
   0.09456	  -0.03826
   0.10316	  -0.03994
   0.11198	  -0.04157
   0.12098	  -0.04315
   0.13013	  -0.04468
   0.13938	  -0.04615
   0.14872	  -0.04756
   0.15813	  -0.04892
   0.16761	  -0.05022
   0.17713	  -0.05147
   0.18669	  -0.05268
   0.19628	  -0.05383
   0.20589	  -0.05493
   0.21552	  -0.05599
   0.22518	  -0.05699
   0.23486	  -0.05795
   0.24455	  -0.05887
   0.25427	  -0.05974
   0.26400	  -0.06057
   0.27374	  -0.06135
   0.28349	  -0.06210
   0.29324	  -0.06280
   0.30299	  -0.06346
   0.31274	  -0.06407
   0.32249	  -0.06464
   0.33225	  -0.06517
   0.34201	  -0.06566
   0.35178	  -0.06610
   0.36154	  -0.06650
   0.37130	  -0.06686
   0.38106	  -0.06717
   0.39080	  -0.06744
   0.40054	  -0.06766
   0.41028	  -0.06783
   0.42000	  -0.06796
   0.42972	  -0.06804
   0.43943	  -0.06807
   0.44913	  -0.06805
   0.45880	  -0.06799
   0.46846	  -0.06787
   0.47809	  -0.06769
   0.48768	  -0.06746
   0.49723	  -0.06716
   0.50673	  -0.06680
   0.51617	  -0.06637
   0.52555	  -0.06587
   0.53486	  -0.06529
   0.54412	  -0.06463
   0.55334	  -0.06387
   0.56252	  -0.06303
   0.57167	  -0.06208
   0.58082	  -0.06104
   0.58996	  -0.05990
   0.59912	  -0.05867
   0.60831	  -0.05733
   0.61754	  -0.05590
   0.62681	  -0.05437
   0.63616	  -0.05277
   0.64557	  -0.05107
   0.65506	  -0.04931
   0.66464	  -0.04748
   0.67429	  -0.04559
   0.68402	  -0.04365
   0.69380	  -0.04168
   0.70362	  -0.03969
   0.71345	  -0.03768
   0.72329	  -0.03569
   0.73311	  -0.03370
   0.74291	  -0.03173
   0.75270	  -0.02978
   0.76246	  -0.02786
   0.77219	  -0.02598
   0.78190	  -0.02412
   0.79159	  -0.02231
   0.80124	  -0.02054
   0.81087	  -0.01882
   0.82048	  -0.01714
   0.83006	  -0.01552
   0.83961	  -0.01395
   0.84914	  -0.01243
   0.85864	  -0.01098
   0.86811	  -0.00960
   0.87754	  -0.00828
   0.88693	  -0.00704
   0.89627	  -0.00588
   0.90555	  -0.00480
   0.91478	  -0.00380
   0.92394	  -0.00290
   0.93302	  -0.00209
   0.94197	  -0.00138
   0.95074	  -0.00077
   0.95926	  -0.00027
   0.96747	   0.00011
   0.97531	   0.00035
   0.98270	   0.00046
   0.98960	   0.00042
   0.99600	   0.00022
   1.00000	   0.00000
