EPPLER 1210
   1.00000	   0.00000
   0.99551	   0.00099
   0.98853	   0.00274
   0.98116	   0.00470
   0.97340	   0.00677
   0.96527	   0.00886
   0.95672	   0.01096
   0.94772	   0.01305
   0.93821	   0.01516
   0.92818	   0.01731
   0.91762	   0.01953
   0.90659	   0.02182
   0.89514	   0.02419
   0.88337	   0.02662
   0.87132	   0.02912
   0.85907	   0.03166
   0.84665	   0.03424
   0.83411	   0.03686
   0.82146	   0.03950
   0.80874	   0.04218
   0.79596	   0.04487
   0.78312	   0.04758
   0.77026	   0.05030
   0.75736	   0.05303
   0.74445	   0.05577
   0.73153	   0.05851
   0.71861	   0.06125
   0.70572	   0.06398
   0.69285	   0.06670
   0.68002	   0.06940
   0.66723	   0.07208
   0.65448	   0.07474
   0.64177	   0.07737
   0.62911	   0.07998
   0.61649	   0.08255
   0.60394	   0.08509
   0.59145	   0.08759
   0.57902	   0.09005
   0.56665	   0.09246
   0.55434	   0.09482
   0.54209	   0.09713
   0.52989	   0.09940
   0.51777	   0.10160
   0.50572	   0.10374
   0.49374	   0.10582
   0.48185	   0.10783
   0.47004	   0.10977
   0.45830	   0.11163
   0.44664	   0.11342
   0.43506	   0.11513
   0.42357	   0.11675
   0.41216	   0.11829
   0.40086	   0.11974
   0.38965	   0.12110
   0.37856	   0.12236
   0.36757	   0.12352
   0.35670	   0.12458
   0.34595	   0.12553
   0.33531	   0.12637
   0.32480	   0.12710
   0.31442	   0.12772
   0.30417	   0.12822
   0.29406	   0.12861
   0.28410	   0.12888
   0.27429	   0.12904
   0.26464	   0.12907
   0.25516	   0.12898
   0.24586	   0.12877
   0.23674	   0.12844
   0.22780	   0.12798
   0.21905	   0.12739
   0.21048	   0.12668
   0.20209	   0.12584
   0.19388	   0.12488
   0.18584	   0.12380
   0.17799	   0.12260
   0.17033	   0.12128
   0.16286	   0.11986
   0.15558	   0.11833
   0.14851	   0.11669
   0.14163	   0.11495
   0.13495	   0.11311
   0.12847	   0.11117
   0.12218	   0.10914
   0.11608	   0.10703
   0.11017	   0.10483
   0.10445	   0.10256
   0.09892	   0.10023
   0.09358	   0.09784
   0.08843	   0.09541
   0.08348	   0.09295
   0.07871	   0.09047
   0.07414	   0.08796
   0.06977	   0.08545
   0.06558	   0.08294
   0.06159	   0.08044
   0.05778	   0.07794
   0.05415	   0.07546
   0.05069	   0.07300
   0.04741	   0.07056
   0.04429	   0.06815
   0.04133	   0.06576
   0.03852	   0.06340
   0.03586	   0.06106
   0.03333	   0.05876
   0.03093	   0.05649
   0.02867	   0.05425
   0.02652	   0.05204
   0.02448	   0.04986
   0.02256	   0.04771
   0.02074	   0.04559
   0.01902	   0.04350
   0.01740	   0.04145
   0.01588	   0.03943
   0.01444	   0.03744
   0.01310	   0.03548
   0.01183	   0.03355
   0.01065	   0.03165
   0.00954	   0.02978
   0.00850	   0.02793
   0.00754	   0.02611
   0.00664	   0.02430
   0.00580	   0.02252
   0.00502	   0.02076
   0.00430	   0.01902
   0.00364	   0.01730
   0.00304	   0.01561
   0.00249	   0.01395
   0.00199	   0.01233
   0.00155	   0.01073
   0.00116	   0.00917
   0.00082	   0.00764
   0.00054	   0.00615
   0.00032	   0.00467
   0.00015	   0.00322
   0.00005	   0.00178
   0.00000	   0.00035
   0.00002	  -0.00108
   0.00010	  -0.00251
   0.00026	  -0.00394
   0.00049	  -0.00536
   0.00081	  -0.00677
   0.00122	  -0.00817
   0.00174	  -0.00954
   0.00236	  -0.01089
   0.00312	  -0.01219
   0.00399	  -0.01346
   0.00499	  -0.01469
   0.00609	  -0.01588
   0.00729	  -0.01703
   0.00858	  -0.01815
   0.00995	  -0.01924
   0.01138	  -0.02030
   0.01288	  -0.02133
   0.01444	  -0.02233
   0.01607	  -0.02331
   0.01777	  -0.02425
   0.01954	  -0.02517
   0.02139	  -0.02607
   0.02332	  -0.02693
   0.02533	  -0.02778
   0.02742	  -0.02859
   0.02961	  -0.02939
   0.03189	  -0.03015
   0.03427	  -0.03089
   0.03675	  -0.03160
   0.03934	  -0.03228
   0.04204	  -0.03293
   0.04486	  -0.03355
   0.04781	  -0.03414
   0.05090	  -0.03469
   0.05413	  -0.03520
   0.05752	  -0.03568
   0.06107	  -0.03611
   0.06481	  -0.03650
   0.06875	  -0.03685
   0.07291	  -0.03714
   0.07729	  -0.03739
   0.08194	  -0.03758
   0.08686	  -0.03771
   0.09210	  -0.03778
   0.09767	  -0.03778
   0.10361	  -0.03772
   0.10996	  -0.03759
   0.11675	  -0.03739
   0.12402	  -0.03711
   0.13179	  -0.03677
   0.14009	  -0.03636
   0.14892	  -0.03589
   0.15828	  -0.03534
   0.16815	  -0.03473
   0.17852	  -0.03405
   0.18934	  -0.03332
   0.20059	  -0.03253
   0.21221	  -0.03170
   0.22416	  -0.03082
   0.23639	  -0.02991
   0.24887	  -0.02897
   0.26153	  -0.02801
   0.27435	  -0.02703
   0.28728	  -0.02604
   0.30028	  -0.02505
   0.31333	  -0.02406
   0.32640	  -0.02307
   0.33947	  -0.02208
   0.35254	  -0.02110
   0.36561	  -0.02014
   0.37869	  -0.01919
   0.39177	  -0.01824
   0.40485	  -0.01731
   0.41792	  -0.01639
   0.43098	  -0.01549
   0.44403	  -0.01459
   0.45706	  -0.01372
   0.47007	  -0.01286
   0.48306	  -0.01202
   0.49604	  -0.01120
   0.50902	  -0.01040
   0.52199	  -0.00961
   0.53496	  -0.00885
   0.54792	  -0.00810
   0.56088	  -0.00738
   0.57383	  -0.00667
   0.58677	  -0.00598
   0.59969	  -0.00531
   0.61260	  -0.00467
   0.62549	  -0.00404
   0.63836	  -0.00344
   0.65122	  -0.00287
   0.66406	  -0.00232
   0.67690	  -0.00179
   0.68972	  -0.00129
   0.70253	  -0.00082
   0.71532	  -0.00037
   0.72809	   0.00005
   0.74084	   0.00044
   0.75356	   0.00081
   0.76626	   0.00114
   0.77892	   0.00145
   0.79153	   0.00172
   0.80410	   0.00196
   0.81660	   0.00217
   0.82902	   0.00235
   0.84136	   0.00249
   0.85360	   0.00259
   0.86573	   0.00265
   0.87770	   0.00268
   0.88949	   0.00267
   0.90106	   0.00262
   0.91236	   0.00253
   0.92336	   0.00240
   0.93402	   0.00224
   0.94429	   0.00206
   0.95410	   0.00186
   0.96341	   0.00164
   0.97218	   0.00140
   0.98043	   0.00112
   0.98815	   0.00079
   0.99540	   0.00036
   1.00000	   0.00000
