EPPLER 635
   1.00000	   0.00000
   0.99645	   0.00004
   0.99042	   0.00025
   0.98352	   0.00066
   0.97578	   0.00122
   0.96738	   0.00189
   0.95854	   0.00260
   0.94950	   0.00332
   0.94040	   0.00404
   0.93129	   0.00477
   0.92220	   0.00550
   0.91313	   0.00625
   0.90408	   0.00703
   0.89504	   0.00783
   0.88600	   0.00866
   0.87697	   0.00952
   0.86794	   0.01042
   0.85891	   0.01134
   0.84988	   0.01229
   0.84083	   0.01326
   0.83179	   0.01427
   0.82273	   0.01530
   0.81367	   0.01636
   0.80461	   0.01743
   0.79554	   0.01853
   0.78648	   0.01966
   0.77741	   0.02080
   0.76835	   0.02196
   0.75928	   0.02314
   0.75022	   0.02434
   0.74115	   0.02557
   0.73208	   0.02681
   0.72300	   0.02807
   0.71391	   0.02934
   0.70481	   0.03063
   0.69571	   0.03194
   0.68660	   0.03326
   0.67749	   0.03458
   0.66838	   0.03592
   0.65926	   0.03727
   0.65014	   0.03863
   0.64101	   0.04000
   0.63188	   0.04137
   0.62275	   0.04276
   0.61361	   0.04415
   0.60446	   0.04554
   0.59531	   0.04694
   0.58616	   0.04834
   0.57701	   0.04974
   0.56787	   0.05114
   0.55872	   0.05254
   0.54959	   0.05393
   0.54045	   0.05531
   0.53132	   0.05669
   0.52220	   0.05806
   0.51308	   0.05943
   0.50396	   0.06078
   0.49486	   0.06212
   0.48576	   0.06345
   0.47667	   0.06476
   0.46760	   0.06605
   0.45853	   0.06733
   0.44948	   0.06859
   0.44043	   0.06982
   0.43140	   0.07103
   0.42238	   0.07221
   0.41337	   0.07336
   0.40436	   0.07449
   0.39537	   0.07558
   0.38639	   0.07663
   0.37742	   0.07765
   0.36847	   0.07863
   0.35953	   0.07957
   0.35060	   0.08046
   0.34170	   0.08131
   0.33281	   0.08210
   0.32395	   0.08284
   0.31511	   0.08352
   0.30630	   0.08414
   0.29752	   0.08469
   0.28878	   0.08517
   0.28007	   0.08557
   0.27141	   0.08589
   0.26278	   0.08612
   0.25419	   0.08625
   0.24564	   0.08629
   0.23712	   0.08623
   0.22864	   0.08607
   0.22018	   0.08580
   0.21176	   0.08542
   0.20336	   0.08492
   0.19500	   0.08431
   0.18668	   0.08358
   0.17841	   0.08273
   0.17020	   0.08175
   0.16206	   0.08065
   0.15398	   0.07941
   0.14595	   0.07804
   0.13795	   0.07651
   0.12998	   0.07485
   0.12204	   0.07304
   0.11416	   0.07110
   0.10634	   0.06902
   0.09863	   0.06680
   0.09102	   0.06446
   0.08356	   0.06197
   0.07624	   0.05936
   0.06909	   0.05661
   0.06212	   0.05373
   0.05538	   0.05073
   0.04892	   0.04762
   0.04281	   0.04444
   0.03711	   0.04123
   0.03186	   0.03802
   0.02706	   0.03483
   0.02273	   0.03170
   0.01894	   0.02871
   0.01570	   0.02594
   0.01298	   0.02340
   0.01071	   0.02109
   0.00881	   0.01897
   0.00721	   0.01701
   0.00585	   0.01517
   0.00469	   0.01343
   0.00370	   0.01178
   0.00284	   0.01023
   0.00210	   0.00877
   0.00145	   0.00739
   0.00090	   0.00610
   0.00045	   0.00490
   0.00012	   0.00378
  -0.00010	   0.00273
  -0.00019	   0.00173
  -0.00015	   0.00079
   0.00003	  -0.00012
   0.00037	  -0.00100
   0.00086	  -0.00185
   0.00151	  -0.00270
   0.00232	  -0.00355
   0.00330	  -0.00441
   0.00448	  -0.00526
   0.00585	  -0.00611
   0.00745	  -0.00694
   0.00933	  -0.00773
   0.01155	  -0.00849
   0.01415	  -0.00922
   0.01715	  -0.00998
   0.02062	  -0.01082
   0.02466	  -0.01176
   0.02936	  -0.01277
   0.03477	  -0.01380
   0.04095	  -0.01482
   0.04791	  -0.01579
   0.05555	  -0.01673
   0.06369	  -0.01764
   0.07214	  -0.01851
   0.08074	  -0.01932
   0.08943	  -0.02007
   0.09822	  -0.02077
   0.10714	  -0.02143
   0.11617	  -0.02206
   0.12528	  -0.02267
   0.13443	  -0.02327
   0.14359	  -0.02385
   0.15276	  -0.02442
   0.16191	  -0.02497
   0.17108	  -0.02551
   0.18025	  -0.02603
   0.18942	  -0.02655
   0.19861	  -0.02705
   0.20780	  -0.02754
   0.21699	  -0.02802
   0.22618	  -0.02849
   0.23537	  -0.02894
   0.24455	  -0.02939
   0.25374	  -0.02982
   0.26292	  -0.03024
   0.27210	  -0.03064
   0.28128	  -0.03104
   0.29045	  -0.03142
   0.29963	  -0.03178
   0.30881	  -0.03213
   0.31798	  -0.03247
   0.32716	  -0.03280
   0.33633	  -0.03311
   0.34551	  -0.03340
   0.35468	  -0.03368
   0.36385	  -0.03395
   0.37302	  -0.03420
   0.38219	  -0.03443
   0.39136	  -0.03465
   0.40053	  -0.03486
   0.40971	  -0.03505
   0.41889	  -0.03522
   0.42807	  -0.03538
   0.43725	  -0.03553
   0.44643	  -0.03566
   0.45562	  -0.03578
   0.46480	  -0.03589
   0.47398	  -0.03598
   0.48316	  -0.03606
   0.49233	  -0.03612
   0.50151	  -0.03616
   0.51068	  -0.03620
   0.51985	  -0.03621
   0.52902	  -0.03621
   0.53819	  -0.03620
   0.54736	  -0.03617
   0.55653	  -0.03612
   0.56569	  -0.03605
   0.57485	  -0.03597
   0.58401	  -0.03588
   0.59317	  -0.03576
   0.60233	  -0.03563
   0.61148	  -0.03548
   0.62064	  -0.03531
   0.62979	  -0.03512
   0.63894	  -0.03492
   0.64809	  -0.03470
   0.65723	  -0.03445
   0.66636	  -0.03419
   0.67548	  -0.03391
   0.68458	  -0.03360
   0.69368	  -0.03327
   0.70277	  -0.03291
   0.71185	  -0.03253
   0.72093	  -0.03212
   0.73001	  -0.03168
   0.73908	  -0.03122
   0.74815	  -0.03073
   0.75721	  -0.03020
   0.76626	  -0.02965
   0.77530	  -0.02907
   0.78434	  -0.02846
   0.79336	  -0.02781
   0.80238	  -0.02714
   0.81139	  -0.02642
   0.82040	  -0.02568
   0.82939	  -0.02490
   0.83838	  -0.02409
   0.84736	  -0.02323
   0.85632	  -0.02235
   0.86526	  -0.02142
   0.87419	  -0.02045
   0.88309	  -0.01944
   0.89198	  -0.01839
   0.90084	  -0.01730
   0.90970	  -0.01615
   0.91852	  -0.01496
   0.92729	  -0.01373
   0.93594	  -0.01245
   0.94442	  -0.01112
   0.95271	  -0.00971
   0.96079	  -0.00822
   0.96867	  -0.00665
   0.97637	  -0.00498
   0.98379	  -0.00331
   0.99058	  -0.00180
   0.99650	  -0.00061
   1.00000	   0.00000
