EPPLER 434
   1.00000	   0.00000
   0.99686	   0.00072
   0.99144	   0.00206
   0.98509	   0.00373
   0.97785	   0.00570
   0.96994	   0.00786
   0.96162	   0.01010
   0.95305	   0.01237
   0.94433	   0.01463
   0.93545	   0.01689
   0.92642	   0.01915
   0.91727	   0.02144
   0.90807	   0.02374
   0.89885	   0.02603
   0.88965	   0.02831
   0.88046	   0.03059
   0.87125	   0.03286
   0.86203	   0.03513
   0.85281	   0.03740
   0.84359	   0.03967
   0.83437	   0.04192
   0.82517	   0.04417
   0.81598	   0.04641
   0.80680	   0.04863
   0.79762	   0.05085
   0.78844	   0.05305
   0.77927	   0.05524
   0.77011	   0.05742
   0.76095	   0.05958
   0.75180	   0.06172
   0.74265	   0.06385
   0.73352	   0.06596
   0.72440	   0.06804
   0.71529	   0.07010
   0.70619	   0.07214
   0.69711	   0.07414
   0.68804	   0.07612
   0.67900	   0.07806
   0.66999	   0.07995
   0.66101	   0.08181
   0.65206	   0.08361
   0.64313	   0.08537
   0.63422	   0.08707
   0.62534	   0.08871
   0.61647	   0.09030
   0.60761	   0.09183
   0.59876	   0.09330
   0.58990	   0.09471
   0.58104	   0.09605
   0.57218	   0.09734
   0.56330	   0.09857
   0.55442	   0.09974
   0.54554	   0.10084
   0.53665	   0.10189
   0.52775	   0.10287
   0.51886	   0.10379
   0.50997	   0.10465
   0.50108	   0.10544
   0.49218	   0.10617
   0.48328	   0.10683
   0.47438	   0.10743
   0.46547	   0.10797
   0.45656	   0.10844
   0.44764	   0.10885
   0.43871	   0.10920
   0.42979	   0.10948
   0.42086	   0.10970
   0.41193	   0.10985
   0.40300	   0.10994
   0.39407	   0.10997
   0.38513	   0.10994
   0.37620	   0.10984
   0.36727	   0.10967
   0.35834	   0.10945
   0.34941	   0.10916
   0.34049	   0.10881
   0.33158	   0.10839
   0.32268	   0.10791
   0.31378	   0.10736
   0.30490	   0.10675
   0.29603	   0.10608
   0.28717	   0.10533
   0.27834	   0.10452
   0.26952	   0.10364
   0.26073	   0.10270
   0.25196	   0.10168
   0.24322	   0.10059
   0.23450	   0.09942
   0.22582	   0.09819
   0.21716	   0.09687
   0.20854	   0.09548
   0.19996	   0.09401
   0.19141	   0.09246
   0.18291	   0.09083
   0.17446	   0.08912
   0.16606	   0.08732
   0.15772	   0.08543
   0.14945	   0.08346
   0.14126	   0.08140
   0.13314	   0.07924
   0.12511	   0.07699
   0.11717	   0.07464
   0.10933	   0.07219
   0.10160	   0.06964
   0.09400	   0.06700
   0.08655	   0.06425
   0.07927	   0.06141
   0.07217	   0.05847
   0.06526	   0.05544
   0.05859	   0.05232
   0.05218	   0.04913
   0.04610	   0.04591
   0.04038	   0.04266
   0.03508	   0.03943
   0.03022	   0.03625
   0.02581	   0.03315
   0.02188	   0.03017
   0.01844	   0.02735
   0.01545	   0.02472
   0.01288	   0.02227
   0.01067	   0.02000
   0.00878	   0.01788
   0.00716	   0.01591
   0.00576	   0.01407
   0.00458	   0.01235
   0.00357	   0.01073
   0.00273	   0.00921
   0.00202	   0.00779
   0.00144	   0.00644
   0.00097	   0.00517
   0.00059	   0.00396
   0.00031	   0.00281
   0.00012	   0.00170
   0.00002	   0.00065
   0.00001	  -0.00035
   0.00010	  -0.00136
   0.00033	  -0.00237
   0.00084	  -0.00331
   0.00160	  -0.00412
   0.00252	  -0.00487
   0.00358	  -0.00558
   0.00477	  -0.00626
   0.00610	  -0.00694
   0.00759	  -0.00761
   0.00928	  -0.00830
   0.01119	  -0.00902
   0.01338	  -0.00975
   0.01589	  -0.01052
   0.01880	  -0.01131
   0.02222	  -0.01214
   0.02621	  -0.01300
   0.03084	  -0.01386
   0.03616	  -0.01474
   0.04222	  -0.01561
   0.04898	  -0.01645
   0.05637	  -0.01725
   0.06424	  -0.01800
   0.07249	  -0.01868
   0.08099	  -0.01928
   0.08967	  -0.01982
   0.09851	  -0.02030
   0.10748	  -0.02073
   0.11656	  -0.02111
   0.12571	  -0.02146
   0.13492	  -0.02177
   0.14417	  -0.02205
   0.15344	  -0.02230
   0.16274	  -0.02252
   0.17206	  -0.02272
   0.18139	  -0.02290
   0.19074	  -0.02306
   0.20011	  -0.02320
   0.20949	  -0.02332
   0.21889	  -0.02343
   0.22830	  -0.02352
   0.23772	  -0.02360
   0.24715	  -0.02366
   0.25659	  -0.02372
   0.26603	  -0.02376
   0.27548	  -0.02380
   0.28493	  -0.02382
   0.29439	  -0.02384
   0.30385	  -0.02385
   0.31331	  -0.02385
   0.32278	  -0.02384
   0.33225	  -0.02382
   0.34173	  -0.02380
   0.35120	  -0.02377
   0.36068	  -0.02374
   0.37016	  -0.02369
   0.37964	  -0.02364
   0.38912	  -0.02359
   0.39860	  -0.02353
   0.40807	  -0.02346
   0.41754	  -0.02339
   0.42701	  -0.02331
   0.43647	  -0.02322
   0.44594	  -0.02312
   0.45540	  -0.02301
   0.46488	  -0.02290
   0.47435	  -0.02278
   0.48383	  -0.02266
   0.49331	  -0.02253
   0.50278	  -0.02239
   0.51225	  -0.02224
   0.52171	  -0.02209
   0.53117	  -0.02193
   0.54061	  -0.02176
   0.55004	  -0.02157
   0.55947	  -0.02138
   0.56890	  -0.02118
   0.57832	  -0.02096
   0.58775	  -0.02073
   0.59717	  -0.02049
   0.60659	  -0.02024
   0.61600	  -0.01998
   0.62540	  -0.01970
   0.63479	  -0.01940
   0.64415	  -0.01909
   0.65347	  -0.01875
   0.66275	  -0.01840
   0.67197	  -0.01801
   0.68115	  -0.01759
   0.69027	  -0.01714
   0.69938	  -0.01665
   0.70847	  -0.01611
   0.71757	  -0.01552
   0.72670	  -0.01489
   0.73588	  -0.01422
   0.74509	  -0.01351
   0.75435	  -0.01277
   0.76365	  -0.01201
   0.77297	  -0.01121
   0.78232	  -0.01040
   0.79169	  -0.00957
   0.80110	  -0.00873
   0.81053	  -0.00787
   0.81999	  -0.00701
   0.82946	  -0.00615
   0.83890	  -0.00529
   0.84830	  -0.00443
   0.85763	  -0.00360
   0.86687	  -0.00280
   0.87604	  -0.00204
   0.88514	  -0.00132
   0.89418	  -0.00066
   0.90315	  -0.00006
   0.91205	   0.00049
   0.92087	   0.00096
   0.92959	   0.00135
   0.93819	   0.00165
   0.94667	   0.00185
   0.95499	   0.00195
   0.96310	   0.00194
   0.97091	   0.00182
   0.97831	   0.00158
   0.98516	   0.00124
   0.99136	   0.00082
   0.99680	   0.00034
   1.00000	   0.00000
