EPPLER 864 STRUT
   1.00000	   0.00800
   0.99288	   0.01026
   0.98143	   0.01390
   0.96904	   0.01782
   0.95569	   0.02206
   0.94143	   0.02658
   0.92631	   0.03137
   0.91044	   0.03640
   0.89395	   0.04162
   0.87698	   0.04699
   0.85963	   0.05246
   0.84199	   0.05801
   0.82413	   0.06363
   0.80612	   0.06928
   0.78804	   0.07495
   0.76992	   0.08060
   0.75179	   0.08625
   0.73364	   0.09188
   0.71550	   0.09750
   0.69738	   0.10309
   0.67932	   0.10865
   0.66139	   0.11416
   0.64367	   0.11959
   0.62620	   0.12492
   0.60904	   0.13013
   0.59222	   0.13519
   0.57575	   0.14010
   0.55968	   0.14483
   0.54402	   0.14938
   0.52881	   0.15372
   0.51406	   0.15785
   0.49976	   0.16176
   0.48593	   0.16545
   0.47256	   0.16891
   0.45965	   0.17215
   0.44720	   0.17516
   0.43521	   0.17794
   0.42367	   0.18049
   0.41258	   0.18282
   0.40191	   0.18492
   0.39166	   0.18680
   0.38176	   0.18845
   0.37219	   0.18989
   0.36289	   0.19112
   0.35383	   0.19215
   0.34496	   0.19298
   0.33625	   0.19363
   0.32768	   0.19410
   0.31921	   0.19438
   0.31083	   0.19450
   0.30252	   0.19445
   0.29428	   0.19424
   0.28609	   0.19388
   0.27799	   0.19338
   0.26996	   0.19273
   0.26201	   0.19193
   0.25414	   0.19100
   0.24635	   0.18992
   0.23862	   0.18870
   0.23095	   0.18735
   0.22334	   0.18586
   0.21581	   0.18425
   0.20837	   0.18252
   0.20106	   0.18069
   0.19390	   0.17876
   0.18689	   0.17672
   0.18001	   0.17457
   0.17324	   0.17231
   0.16653	   0.16990
   0.15985	   0.16737
   0.15319	   0.16472
   0.14659	   0.16201
   0.14012	   0.15929
   0.13387	   0.15661
   0.12791	   0.15398
   0.12227	   0.15137
   0.11693	   0.14874
   0.11185	   0.14606
   0.10698	   0.14327
   0.10227	   0.14035
   0.09765	   0.13729
   0.09309	   0.13411
   0.08856	   0.13082
   0.08408	   0.12748
   0.07966	   0.12413
   0.07536	   0.12082
   0.07120	   0.11755
   0.06722	   0.11432
   0.06341	   0.11113
   0.05977	   0.10797
   0.05630	   0.10482
   0.05298	   0.10167
   0.04980	   0.09853
   0.04674	   0.09539
   0.04381	   0.09226
   0.04100	   0.08914
   0.03830	   0.08604
   0.03572	   0.08296
   0.03325	   0.07990
   0.03089	   0.07686
   0.02865	   0.07386
   0.02651	   0.07088
   0.02447	   0.06794
   0.02254	   0.06503
   0.02071	   0.06215
   0.01897	   0.05930
   0.01733	   0.05648
   0.01577	   0.05370
   0.01430	   0.05095
   0.01291	   0.04823
   0.01160	   0.04554
   0.01037	   0.04288
   0.00921	   0.04025
   0.00812	   0.03764
   0.00710	   0.03506
   0.00616	   0.03251
   0.00529	   0.02998
   0.00448	   0.02749
   0.00375	   0.02504
   0.00309	   0.02262
   0.00250	   0.02024
   0.00198	   0.01791
   0.00152	   0.01562
   0.00112	   0.01337
   0.00079	   0.01116
   0.00052	   0.00899
   0.00030	   0.00685
   0.00015	   0.00474
   0.00005	   0.00264
   0.00000	   0.00055
   0.00002	  -0.00154
   0.00009	  -0.00363
   0.00021	  -0.00574
   0.00040	  -0.00786
   0.00064	  -0.01002
   0.00094	  -0.01221
   0.00130	  -0.01443
   0.00173	  -0.01670
   0.00222	  -0.01901
   0.00277	  -0.02136
   0.00340	  -0.02376
   0.00409	  -0.02620
   0.00485	  -0.02867
   0.00569	  -0.03118
   0.00660	  -0.03371
   0.00757	  -0.03628
   0.00862	  -0.03887
   0.00975	  -0.04149
   0.01094	  -0.04414
   0.01221	  -0.04681
   0.01356	  -0.04951
   0.01498	  -0.05224
   0.01649	  -0.05501
   0.01809	  -0.05780
   0.01978	  -0.06064
   0.02156	  -0.06350
   0.02344	  -0.06640
   0.02542	  -0.06932
   0.02750	  -0.07228
   0.02968	  -0.07527
   0.03197	  -0.07828
   0.03437	  -0.08131
   0.03689	  -0.08437
   0.03952	  -0.08745
   0.04227	  -0.09055
   0.04515	  -0.09367
   0.04815	  -0.09681
   0.05128	  -0.09996
   0.05454	  -0.10313
   0.05794	  -0.10631
   0.06148	  -0.10950
   0.06515	  -0.11269
   0.06898	  -0.11588
   0.07294	  -0.11907
   0.07706	  -0.12226
   0.08132	  -0.12543
   0.08573	  -0.12859
   0.09030	  -0.13174
   0.09502	  -0.13486
   0.09989	  -0.13796
   0.10493	  -0.14102
   0.11011	  -0.14405
   0.11545	  -0.14704
   0.12094	  -0.14998
   0.12659	  -0.15287
   0.13239	  -0.15571
   0.13833	  -0.15848
   0.14442	  -0.16119
   0.15065	  -0.16383
   0.15703	  -0.16638
   0.16354	  -0.16886
   0.17018	  -0.17125
   0.17696	  -0.17355
   0.18386	  -0.17576
   0.19087	  -0.17786
   0.19800	  -0.17986
   0.20524	  -0.18175
   0.21257	  -0.18352
   0.22000	  -0.18517
   0.22751	  -0.18670
   0.23511	  -0.18811
   0.24278	  -0.18938
   0.25054	  -0.19052
   0.25838	  -0.19151
   0.26629	  -0.19237
   0.27428	  -0.19309
   0.28235	  -0.19367
   0.29049	  -0.19410
   0.29870	  -0.19438
   0.30697	  -0.19450
   0.31530	  -0.19446
   0.32372	  -0.19425
   0.33224	  -0.19387
   0.34087	  -0.19331
   0.34966	  -0.19256
   0.35863	  -0.19162
   0.36781	  -0.19049
   0.37725	  -0.18915
   0.38698	  -0.18760
   0.39706	  -0.18583
   0.40753	  -0.18383
   0.41842	  -0.18161
   0.42975	  -0.17916
   0.44153	  -0.17649
   0.45376	  -0.17359
   0.46645	  -0.17046
   0.47960	  -0.16710
   0.49321	  -0.16352
   0.50729	  -0.15971
   0.52183	  -0.15568
   0.53683	  -0.15144
   0.55227	  -0.14699
   0.56815	  -0.14234
   0.58443	  -0.13752
   0.60109	  -0.13253
   0.61808	  -0.12739
   0.63539	  -0.12212
   0.65299	  -0.11674
   0.67081	  -0.11127
   0.68877	  -0.10574
   0.70681	  -0.10018
   0.72487	  -0.09460
   0.74293	  -0.08900
   0.76096	  -0.08340
   0.77892	  -0.07780
   0.79676	  -0.07222
   0.81443	  -0.06668
   0.83187	  -0.06119
   0.84902	  -0.05578
   0.86581	  -0.05050
   0.88217	  -0.04539
   0.89802	  -0.04042
   0.91335	  -0.03557
   0.92817	  -0.03082
   0.94249	  -0.02624
   0.95623	  -0.02188
   0.96927	  -0.01775
   0.98151	  -0.01387
   0.99289	  -0.01026
   1.00000	  -0.00800
