EPPLER E837 HYDROFOIL
   1.00000	   0.00000
   0.99622	   0.00022
   0.98983	   0.00074
   0.98260	   0.00147
   0.97467	   0.00236
   0.96625	   0.00337
   0.95752	   0.00444
   0.94864	   0.00556
   0.93968	   0.00670
   0.93071	   0.00787
   0.92175	   0.00905
   0.91282	   0.01026
   0.90389	   0.01151
   0.89495	   0.01278
   0.88601	   0.01409
   0.87706	   0.01543
   0.86810	   0.01679
   0.85913	   0.01818
   0.85016	   0.01960
   0.84119	   0.02103
   0.83222	   0.02249
   0.82324	   0.02397
   0.81425	   0.02547
   0.80526	   0.02698
   0.79626	   0.02851
   0.78726	   0.03006
   0.77824	   0.03162
   0.76922	   0.03319
   0.76019	   0.03477
   0.75115	   0.03636
   0.74210	   0.03795
   0.73304	   0.03955
   0.72399	   0.04115
   0.71493	   0.04275
   0.70588	   0.04435
   0.69683	   0.04595
   0.68779	   0.04753
   0.67876	   0.04911
   0.66975	   0.05068
   0.66075	   0.05222
   0.65177	   0.05375
   0.64281	   0.05526
   0.63386	   0.05675
   0.62493	   0.05820
   0.61601	   0.05962
   0.60711	   0.06101
   0.59822	   0.06236
   0.58933	   0.06368
   0.58045	   0.06495
   0.57158	   0.06618
   0.56271	   0.06737
   0.55384	   0.06851
   0.54497	   0.06961
   0.53611	   0.07066
   0.52725	   0.07166
   0.51839	   0.07261
   0.50953	   0.07351
   0.50067	   0.07436
   0.49180	   0.07516
   0.48294	   0.07591
   0.47408	   0.07660
   0.46522	   0.07724
   0.45636	   0.07782
   0.44750	   0.07835
   0.43864	   0.07883
   0.42978	   0.07924
   0.42093	   0.07960
   0.41208	   0.07990
   0.40323	   0.08014
   0.39437	   0.08033
   0.38552	   0.08045
   0.37666	   0.08052
   0.36781	   0.08053
   0.35894	   0.08048
   0.35008	   0.08037
   0.34120	   0.08021
   0.33233	   0.07999
   0.32345	   0.07972
   0.31458	   0.07939
   0.30571	   0.07901
   0.29684	   0.07857
   0.28798	   0.07808
   0.27912	   0.07753
   0.27028	   0.07692
   0.26145	   0.07626
   0.25263	   0.07554
   0.24382	   0.07476
   0.23503	   0.07392
   0.22625	   0.07302
   0.21749	   0.07206
   0.20873	   0.07103
   0.20000	   0.06993
   0.19129	   0.06878
   0.18261	   0.06755
   0.17396	   0.06625
   0.16535	   0.06489
   0.15677	   0.06344
   0.14824	   0.06192
   0.13974	   0.06031
   0.13129	   0.05862
   0.12290	   0.05683
   0.11457	   0.05496
   0.10631	   0.05300
   0.09814	   0.05093
   0.09006	   0.04877
   0.08208	   0.04650
   0.07423	   0.04411
   0.06657	   0.04162
   0.05917	   0.03904
   0.05209	   0.03639
   0.04532	   0.03367
   0.03886	   0.03088
   0.03283	   0.02805
   0.02748	   0.02531
   0.02297	   0.02279
   0.01921	   0.02051
   0.01602	   0.01844
   0.01326	   0.01650
   0.01081	   0.01467
   0.00863	   0.01289
   0.00675	   0.01119
   0.00518	   0.00959
   0.00389	   0.00812
   0.00284	   0.00677
   0.00199	   0.00555
   0.00131	   0.00442
   0.00079	   0.00336
   0.00040	   0.00237
   0.00015	   0.00140
   0.00002	   0.00047
   0.00002	  -0.00047
   0.00015	  -0.00140
   0.00040	  -0.00237
   0.00079	  -0.00336
   0.00131	  -0.00442
   0.00199	  -0.00555
   0.00284	  -0.00677
   0.00389	  -0.00812
   0.00518	  -0.00959
   0.00675	  -0.01119
   0.00863	  -0.01289
   0.01081	  -0.01467
   0.01326	  -0.01650
   0.01602	  -0.01844
   0.01921	  -0.02051
   0.02297	  -0.02279
   0.02748	  -0.02531
   0.03283	  -0.02805
   0.03886	  -0.03088
   0.04532	  -0.03367
   0.05209	  -0.03639
   0.05918	  -0.03904
   0.06657	  -0.04162
   0.07423	  -0.04411
   0.08208	  -0.04650
   0.09006	  -0.04877
   0.09814	  -0.05094
   0.10631	  -0.05300
   0.11457	  -0.05496
   0.12290	  -0.05683
   0.13129	  -0.05862
   0.13974	  -0.06031
   0.14824	  -0.06192
   0.15677	  -0.06344
   0.16535	  -0.06489
   0.17396	  -0.06625
   0.18261	  -0.06755
   0.19129	  -0.06878
   0.20000	  -0.06993
   0.20873	  -0.07103
   0.21749	  -0.07206
   0.22625	  -0.07302
   0.23503	  -0.07392
   0.24383	  -0.07476
   0.25263	  -0.07554
   0.26145	  -0.07626
   0.27028	  -0.07692
   0.27912	  -0.07753
   0.28798	  -0.07808
   0.29684	  -0.07857
   0.30571	  -0.07901
   0.31458	  -0.07939
   0.32345	  -0.07972
   0.33233	  -0.07999
   0.34120	  -0.08021
   0.35008	  -0.08037
   0.35894	  -0.08048
   0.36781	  -0.08053
   0.37666	  -0.08052
   0.38552	  -0.08045
   0.39437	  -0.08033
   0.40323	  -0.08014
   0.41208	  -0.07990
   0.42093	  -0.07960
   0.42978	  -0.07924
   0.43864	  -0.07883
   0.44750	  -0.07835
   0.45636	  -0.07782
   0.46522	  -0.07724
   0.47408	  -0.07660
   0.48294	  -0.07591
   0.49180	  -0.07516
   0.50067	  -0.07436
   0.50953	  -0.07351
   0.51839	  -0.07261
   0.52725	  -0.07166
   0.53611	  -0.07066
   0.54497	  -0.06961
   0.55384	  -0.06851
   0.56271	  -0.06737
   0.57158	  -0.06618
   0.58045	  -0.06495
   0.58933	  -0.06368
   0.59822	  -0.06236
   0.60711	  -0.06101
   0.61601	  -0.05962
   0.62493	  -0.05820
   0.63386	  -0.05675
   0.64281	  -0.05526
   0.65177	  -0.05375
   0.66075	  -0.05222
   0.66975	  -0.05068
   0.67876	  -0.04911
   0.68779	  -0.04753
   0.69683	  -0.04595
   0.70588	  -0.04435
   0.71493	  -0.04275
   0.72399	  -0.04115
   0.73305	  -0.03955
   0.74210	  -0.03795
   0.75115	  -0.03636
   0.76019	  -0.03477
   0.76922	  -0.03319
   0.77824	  -0.03162
   0.78726	  -0.03006
   0.79626	  -0.02851
   0.80526	  -0.02698
   0.81425	  -0.02547
   0.82324	  -0.02397
   0.83222	  -0.02249
   0.84119	  -0.02103
   0.85016	  -0.01959
   0.85913	  -0.01818
   0.86810	  -0.01679
   0.87706	  -0.01543
   0.88601	  -0.01409
   0.89496	  -0.01278
   0.90389	  -0.01151
   0.91282	  -0.01026
   0.92175	  -0.00905
   0.93071	  -0.00787
   0.93968	  -0.00670
   0.94864	  -0.00556
   0.95752	  -0.00444
   0.96625	  -0.00337
   0.97467	  -0.00236
   0.98260	  -0.00147
   0.98983	  -0.00074
   0.99622	  -0.00022
   1.00000	   0.00000
