EPPLER 547
   1.00000	   0.00000
   0.99628	   0.00088
   0.99011	   0.00245
   0.98321	   0.00426
   0.97570	   0.00613
   0.96777	   0.00800
   0.95945	   0.00984
   0.95075	   0.01168
   0.94173	   0.01356
   0.93254	   0.01547
   0.92331	   0.01738
   0.91407	   0.01931
   0.90481	   0.02124
   0.89553	   0.02319
   0.88623	   0.02515
   0.87691	   0.02712
   0.86759	   0.02909
   0.85827	   0.03106
   0.84895	   0.03304
   0.83964	   0.03503
   0.83032	   0.03702
   0.82099	   0.03901
   0.81167	   0.04100
   0.80234	   0.04299
   0.79302	   0.04497
   0.78371	   0.04695
   0.77440	   0.04892
   0.76511	   0.05088
   0.75583	   0.05283
   0.74655	   0.05476
   0.73728	   0.05668
   0.72802	   0.05859
   0.71876	   0.06048
   0.70951	   0.06236
   0.70027	   0.06421
   0.69103	   0.06605
   0.68179	   0.06786
   0.67256	   0.06965
   0.66334	   0.07142
   0.65412	   0.07316
   0.64491	   0.07487
   0.63570	   0.07656
   0.62650	   0.07822
   0.61731	   0.07984
   0.60811	   0.08143
   0.59892	   0.08299
   0.58973	   0.08452
   0.58055	   0.08601
   0.57137	   0.08746
   0.56219	   0.08888
   0.55302	   0.09025
   0.54386	   0.09158
   0.53471	   0.09287
   0.52556	   0.09411
   0.51641	   0.09531
   0.50728	   0.09646
   0.49814	   0.09756
   0.48902	   0.09860
   0.47989	   0.09960
   0.47078	   0.10054
   0.46167	   0.10142
   0.45258	   0.10225
   0.44349	   0.10301
   0.43442	   0.10371
   0.42536	   0.10435
   0.41633	   0.10492
   0.40731	   0.10541
   0.39831	   0.10584
   0.38933	   0.10619
   0.38036	   0.10645
   0.37141	   0.10664
   0.36247	   0.10675
   0.35354	   0.10677
   0.34462	   0.10671
   0.33570	   0.10656
   0.32678	   0.10632
   0.31787	   0.10601
   0.30896	   0.10560
   0.30006	   0.10511
   0.29115	   0.10453
   0.28226	   0.10387
   0.27337	   0.10313
   0.26448	   0.10230
   0.25561	   0.10138
   0.24675	   0.10038
   0.23790	   0.09930
   0.22908	   0.09813
   0.22027	   0.09687
   0.21149	   0.09553
   0.20274	   0.09410
   0.19402	   0.09258
   0.18534	   0.09097
   0.17670	   0.08927
   0.16810	   0.08748
   0.15956	   0.08559
   0.15107	   0.08361
   0.14265	   0.08153
   0.13430	   0.07934
   0.12603	   0.07705
   0.11784	   0.07465
   0.10975	   0.07214
   0.10177	   0.06952
   0.09390	   0.06679
   0.08617	   0.06394
   0.07860	   0.06099
   0.07122	   0.05792
   0.06407	   0.05476
   0.05719	   0.05152
   0.05061	   0.04821
   0.04441	   0.04486
   0.03864	   0.04152
   0.03333	   0.03822
   0.02854	   0.03501
   0.02429	   0.03194
   0.02056	   0.02904
   0.01732	   0.02632
   0.01452	   0.02379
   0.01212	   0.02144
   0.01005	   0.01926
   0.00827	   0.01724
   0.00675	   0.01535
   0.00545	   0.01359
   0.00434	   0.01194
   0.00340	   0.01038
   0.00260	   0.00892
   0.00192	   0.00754
   0.00137	   0.00623
   0.00091	   0.00499
   0.00056	   0.00380
   0.00029	   0.00267
   0.00010	   0.00158
   0.00000	   0.00056
   0.00003	  -0.00046
   0.00018	  -0.00150
   0.00059	  -0.00252
   0.00119	  -0.00351
   0.00194	  -0.00449
   0.00283	  -0.00547
   0.00384	  -0.00646
   0.00499	  -0.00747
   0.00630	  -0.00851
   0.00778	  -0.00960
   0.00946	  -0.01073
   0.01138	  -0.01194
   0.01358	  -0.01321
   0.01612	  -0.01458
   0.01905	  -0.01604
   0.02245	  -0.01761
   0.02638	  -0.01928
   0.03089	  -0.02106
   0.03603	  -0.02293
   0.04183	  -0.02489
   0.04827	  -0.02690
   0.05527	  -0.02894
   0.06275	  -0.03096
   0.07058	  -0.03293
   0.07867	  -0.03483
   0.08697	  -0.03666
   0.09546	  -0.03842
   0.10409	  -0.04011
   0.11283	  -0.04173
   0.12166	  -0.04329
   0.13056	  -0.04478
   0.13951	  -0.04621
   0.14850	  -0.04759
   0.15753	  -0.04891
   0.16659	  -0.05018
   0.17568	  -0.05140
   0.18479	  -0.05257
   0.19393	  -0.05369
   0.20309	  -0.05477
   0.21226	  -0.05580
   0.22144	  -0.05679
   0.23064	  -0.05774
   0.23985	  -0.05865
   0.24908	  -0.05952
   0.25831	  -0.06034
   0.26755	  -0.06113
   0.27679	  -0.06188
   0.28604	  -0.06259
   0.29529	  -0.06326
   0.30454	  -0.06389
   0.31380	  -0.06448
   0.32306	  -0.06503
   0.33232	  -0.06554
   0.34160	  -0.06602
   0.35087	  -0.06646
   0.36014	  -0.06686
   0.36941	  -0.06722
   0.37868	  -0.06754
   0.38793	  -0.06782
   0.39718	  -0.06806
   0.40643	  -0.06826
   0.41567	  -0.06841
   0.42490	  -0.06852
   0.43414	  -0.06858
   0.44337	  -0.06860
   0.45260	  -0.06858
   0.46182	  -0.06850
   0.47102	  -0.06839
   0.48020	  -0.06821
   0.48936	  -0.06799
   0.49849	  -0.06771
   0.50758	  -0.06737
   0.51663	  -0.06697
   0.52562	  -0.06650
   0.53457	  -0.06595
   0.54347	  -0.06533
   0.55234	  -0.06461
   0.56118	  -0.06382
   0.57000	  -0.06293
   0.57882	  -0.06195
   0.58764	  -0.06088
   0.59646	  -0.05972
   0.60529	  -0.05847
   0.61415	  -0.05713
   0.62303	  -0.05571
   0.63194	  -0.05422
   0.64090	  -0.05265
   0.64990	  -0.05100
   0.65896	  -0.04930
   0.66808	  -0.04754
   0.67725	  -0.04573
   0.68647	  -0.04389
   0.69574	  -0.04202
   0.70503	  -0.04014
   0.71432	  -0.03826
   0.72361	  -0.03637
   0.73289	  -0.03450
   0.74216	  -0.03263
   0.75141	  -0.03079
   0.76064	  -0.02897
   0.76985	  -0.02718
   0.77905	  -0.02541
   0.78823	  -0.02368
   0.79740	  -0.02198
   0.80655	  -0.02032
   0.81569	  -0.01870
   0.82481	  -0.01712
   0.83392	  -0.01558
   0.84302	  -0.01410
   0.85210	  -0.01267
   0.86116	  -0.01129
   0.87021	  -0.00997
   0.87924	  -0.00871
   0.88826	  -0.00751
   0.89727	  -0.00638
   0.90625	  -0.00532
   0.91522	  -0.00433
   0.92415	  -0.00342
   0.93304	  -0.00259
   0.94186	  -0.00184
   0.95059	  -0.00118
   0.95917	  -0.00062
   0.96751	  -0.00018
   0.97551	   0.00014
   0.98303	   0.00032
   0.98995	   0.00034
   0.99620	   0.00019
   1.00000	   0.00000
