EPPLER E853
   1.00000	  -0.00056
   0.99648	   0.00037
   0.99004	   0.00225
   0.98260	   0.00453
   0.97488	   0.00685
   0.96719	   0.00903
   0.95945	   0.01109
   0.95156	   0.01304
   0.94353	   0.01491
   0.93538	   0.01671
   0.92714	   0.01847
   0.91883	   0.02020
   0.91049	   0.02190
   0.90213	   0.02357
   0.89376	   0.02522
   0.88538	   0.02686
   0.87700	   0.02847
   0.86860	   0.03007
   0.86020	   0.03165
   0.85179	   0.03321
   0.84338	   0.03476
   0.83496	   0.03630
   0.82653	   0.03782
   0.81810	   0.03933
   0.80966	   0.04083
   0.80123	   0.04231
   0.79279	   0.04378
   0.78436	   0.04524
   0.77592	   0.04668
   0.76748	   0.04811
   0.75904	   0.04953
   0.75060	   0.05093
   0.74215	   0.05231
   0.73371	   0.05368
   0.72526	   0.05504
   0.71681	   0.05638
   0.70837	   0.05770
   0.69992	   0.05900
   0.69147	   0.06028
   0.68303	   0.06155
   0.67458	   0.06279
   0.66614	   0.06401
   0.65769	   0.06521
   0.64925	   0.06639
   0.64080	   0.06755
   0.63235	   0.06867
   0.62391	   0.06978
   0.61546	   0.07085
   0.60702	   0.07190
   0.59858	   0.07291
   0.59014	   0.07390
   0.58172	   0.07484
   0.57329	   0.07575
   0.56487	   0.07662
   0.55645	   0.07745
   0.54804	   0.07824
   0.53963	   0.07898
   0.53121	   0.07968
   0.52280	   0.08033
   0.51438	   0.08093
   0.50596	   0.08148
   0.49754	   0.08199
   0.48912	   0.08245
   0.48071	   0.08285
   0.47229	   0.08321
   0.46387	   0.08351
   0.45545	   0.08377
   0.44704	   0.08397
   0.43862	   0.08412
   0.43020	   0.08422
   0.42178	   0.08426
   0.41336	   0.08425
   0.40493	   0.08420
   0.39651	   0.08409
   0.38807	   0.08393
   0.37964	   0.08372
   0.37120	   0.08347
   0.36275	   0.08317
   0.35431	   0.08283
   0.34587	   0.08244
   0.33743	   0.08200
   0.32899	   0.08153
   0.32055	   0.08101
   0.31212	   0.08044
   0.30369	   0.07983
   0.29526	   0.07918
   0.28684	   0.07849
   0.27842	   0.07775
   0.27001	   0.07696
   0.26161	   0.07613
   0.25323	   0.07525
   0.24485	   0.07432
   0.23647	   0.07335
   0.22811	   0.07232
   0.21976	   0.07125
   0.21141	   0.07012
   0.20307	   0.06894
   0.19475	   0.06771
   0.18644	   0.06642
   0.17815	   0.06508
   0.16989	   0.06368
   0.16164	   0.06222
   0.15342	   0.06070
   0.14521	   0.05911
   0.13703	   0.05745
   0.12888	   0.05573
   0.12076	   0.05393
   0.11269	   0.05205
   0.10466	   0.05009
   0.09668	   0.04805
   0.08874	   0.04591
   0.08086	   0.04367
   0.07305	   0.04132
   0.06536	   0.03887
   0.05781	   0.03632
   0.05044	   0.03364
   0.04323	   0.03081
   0.03618	   0.02780
   0.02949	   0.02466
   0.02342	   0.02150
   0.01810	   0.01842
   0.01351	   0.01541
   0.00966	   0.01253
   0.00677	   0.01002
   0.00472	   0.00797
   0.00325	   0.00628
   0.00217	   0.00482
   0.00135	   0.00352
   0.00074	   0.00235
   0.00031	   0.00130
   0.00005	   0.00035
  -0.00003	  -0.00056
   0.00015	  -0.00145
   0.00061	  -0.00235
   0.00130	  -0.00326
   0.00220	  -0.00420
   0.00336	  -0.00520
   0.00486	  -0.00632
   0.00681	  -0.00758
   0.00942	  -0.00902
   0.01294	  -0.01068
   0.01764	  -0.01252
   0.02336	  -0.01440
   0.02980	  -0.01624
   0.03683	  -0.01798
   0.04430	  -0.01960
   0.05207	  -0.02107
   0.06001	  -0.02241
   0.06807	  -0.02363
   0.07621	  -0.02476
   0.08442	  -0.02579
   0.09269	  -0.02674
   0.10100	  -0.02763
   0.10934	  -0.02845
   0.11770	  -0.02921
   0.12608	  -0.02991
   0.13448	  -0.03057
   0.14289	  -0.03117
   0.15132	  -0.03173
   0.15976	  -0.03224
   0.16821	  -0.03271
   0.17667	  -0.03314
   0.18513	  -0.03353
   0.19360	  -0.03388
   0.20207	  -0.03420
   0.21054	  -0.03448
   0.21902	  -0.03472
   0.22750	  -0.03493
   0.23598	  -0.03510
   0.24446	  -0.03523
   0.25294	  -0.03533
   0.26142	  -0.03539
   0.26989	  -0.03541
   0.27835	  -0.03540
   0.28682	  -0.03534
   0.29528	  -0.03524
   0.30374	  -0.03511
   0.31221	  -0.03493
   0.32067	  -0.03472
   0.32914	  -0.03446
   0.33761	  -0.03417
   0.34607	  -0.03383
   0.35453	  -0.03346
   0.36299	  -0.03305
   0.37145	  -0.03260
   0.37991	  -0.03212
   0.38837	  -0.03159
   0.39683	  -0.03103
   0.40529	  -0.03043
   0.41376	  -0.02981
   0.42223	  -0.02914
   0.43071	  -0.02845
   0.43920	  -0.02773
   0.44770	  -0.02699
   0.45620	  -0.02622
   0.46471	  -0.02544
   0.47324	  -0.02463
   0.48177	  -0.02382
   0.49031	  -0.02299
   0.49886	  -0.02216
   0.50742	  -0.02132
   0.51598	  -0.02047
   0.52454	  -0.01962
   0.53310	  -0.01877
   0.54167	  -0.01792
   0.55023	  -0.01707
   0.55880	  -0.01622
   0.56736	  -0.01538
   0.57591	  -0.01454
   0.58446	  -0.01371
   0.59301	  -0.01288
   0.60155	  -0.01207
   0.61009	  -0.01126
   0.61863	  -0.01046
   0.62717	  -0.00967
   0.63570	  -0.00889
   0.64423	  -0.00812
   0.65276	  -0.00737
   0.66129	  -0.00663
   0.66982	  -0.00591
   0.67834	  -0.00520
   0.68687	  -0.00450
   0.69540	  -0.00383
   0.70392	  -0.00317
   0.71244	  -0.00252
   0.72096	  -0.00190
   0.72948	  -0.00129
   0.73800	  -0.00071
   0.74651	  -0.00015
   0.75502	   0.00039
   0.76353	   0.00091
   0.77204	   0.00140
   0.78054	   0.00187
   0.78905	   0.00231
   0.79755	   0.00272
   0.80604	   0.00310
   0.81454	   0.00345
   0.82303	   0.00378
   0.83152	   0.00407
   0.84001	   0.00433
   0.84850	   0.00455
   0.85698	   0.00474
   0.86545	   0.00490
   0.87392	   0.00501
   0.88238	   0.00508
   0.89083	   0.00512
   0.89928	   0.00510
   0.90770	   0.00504
   0.91612	   0.00492
   0.92451	   0.00475
   0.93290	   0.00452
   0.94126	   0.00423
   0.94960	   0.00387
   0.95789	   0.00343
   0.96612	   0.00291
   0.97424	   0.00229
   0.98215	   0.00158
   0.98970	   0.00079
   0.99638	  -0.00004
   1.00000	  -0.00056
