EPPLER E854
   1.00000	  -0.00042
   0.99644	   0.00065
   0.99038	   0.00267
   0.98346	   0.00511
   0.97608	   0.00768
   0.96863	   0.01014
   0.96108	   0.01244
   0.95332	   0.01463
   0.94532	   0.01673
   0.93710	   0.01875
   0.92871	   0.02072
   0.92018	   0.02266
   0.91158	   0.02456
   0.90293	   0.02643
   0.89425	   0.02827
   0.88554	   0.03009
   0.87681	   0.03188
   0.86805	   0.03365
   0.85928	   0.03540
   0.85049	   0.03713
   0.84170	   0.03884
   0.83290	   0.04054
   0.82409	   0.04222
   0.81527	   0.04388
   0.80645	   0.04552
   0.79763	   0.04715
   0.78879	   0.04877
   0.77996	   0.05037
   0.77112	   0.05195
   0.76229	   0.05352
   0.75345	   0.05507
   0.74461	   0.05661
   0.73577	   0.05813
   0.72693	   0.05963
   0.71809	   0.06111
   0.70924	   0.06258
   0.70039	   0.06402
   0.69154	   0.06545
   0.68269	   0.06687
   0.67385	   0.06826
   0.66500	   0.06963
   0.65615	   0.07098
   0.64730	   0.07231
   0.63846	   0.07361
   0.62962	   0.07490
   0.62078	   0.07615
   0.61194	   0.07739
   0.60310	   0.07859
   0.59426	   0.07977
   0.58542	   0.08092
   0.57659	   0.08205
   0.56775	   0.08314
   0.55892	   0.08420
   0.55009	   0.08523
   0.54126	   0.08623
   0.53243	   0.08719
   0.52361	   0.08812
   0.51480	   0.08901
   0.50600	   0.08986
   0.49720	   0.09066
   0.48842	   0.09143
   0.47964	   0.09214
   0.47088	   0.09281
   0.46213	   0.09342
   0.45338	   0.09397
   0.44464	   0.09448
   0.43591	   0.09492
   0.42718	   0.09531
   0.41846	   0.09563
   0.40973	   0.09590
   0.40102	   0.09610
   0.39232	   0.09624
   0.38362	   0.09631
   0.37493	   0.09631
   0.36625	   0.09625
   0.35758	   0.09612
   0.34891	   0.09591
   0.34025	   0.09564
   0.33159	   0.09529
   0.32294	   0.09487
   0.31429	   0.09438
   0.30564	   0.09382
   0.29700	   0.09318
   0.28835	   0.09248
   0.27970	   0.09170
   0.27105	   0.09086
   0.26241	   0.08995
   0.25377	   0.08897
   0.24513	   0.08792
   0.23651	   0.08681
   0.22790	   0.08563
   0.21931	   0.08439
   0.21074	   0.08308
   0.20219	   0.08170
   0.19367	   0.08024
   0.18517	   0.07872
   0.17669	   0.07712
   0.16824	   0.07544
   0.15982	   0.07369
   0.15143	   0.07185
   0.14308	   0.06994
   0.13477	   0.06794
   0.12652	   0.06586
   0.11832	   0.06369
   0.11018	   0.06142
   0.10212	   0.05906
   0.09413	   0.05661
   0.08624	   0.05404
   0.07844	   0.05137
   0.07079	   0.04859
   0.06331	   0.04571
   0.05604	   0.04273
   0.04902	   0.03965
   0.04230	   0.03648
   0.03596	   0.03324
   0.03014	   0.03001
   0.02495	   0.02687
   0.02042	   0.02388
   0.01655	   0.02108
   0.01326	   0.01847
   0.01051	   0.01607
   0.00827	   0.01391
   0.00646	   0.01198
   0.00499	   0.01024
   0.00380	   0.00868
   0.00283	   0.00724
   0.00203	   0.00591
   0.00137	   0.00465
   0.00085	   0.00347
   0.00045	   0.00235
   0.00017	   0.00130
   0.00002	   0.00032
   0.00001	  -0.00064
   0.00023	  -0.00161
   0.00069	  -0.00255
   0.00135	  -0.00348
   0.00216	  -0.00441
   0.00312	  -0.00536
   0.00426	  -0.00634
   0.00558	  -0.00736
   0.00714	  -0.00843
   0.00898	  -0.00957
   0.01117	  -0.01078
   0.01380	  -0.01209
   0.01697	  -0.01349
   0.02081	  -0.01501
   0.02543	  -0.01665
   0.03087	  -0.01836
   0.03703	  -0.02007
   0.04378	  -0.02174
   0.05103	  -0.02334
   0.05868	  -0.02485
   0.06663	  -0.02626
   0.07479	  -0.02757
   0.08311	  -0.02879
   0.09153	  -0.02992
   0.10003	  -0.03096
   0.10859	  -0.03193
   0.11720	  -0.03283
   0.12585	  -0.03367
   0.13453	  -0.03444
   0.14324	  -0.03515
   0.15197	  -0.03581
   0.16072	  -0.03641
   0.16949	  -0.03697
   0.17827	  -0.03747
   0.18707	  -0.03793
   0.19588	  -0.03834
   0.20469	  -0.03871
   0.21350	  -0.03903
   0.22232	  -0.03931
   0.23114	  -0.03954
   0.23996	  -0.03973
   0.24877	  -0.03988
   0.25758	  -0.03997
   0.26639	  -0.04003
   0.27520	  -0.04003
   0.28400	  -0.03999
   0.29281	  -0.03990
   0.30161	  -0.03976
   0.31041	  -0.03958
   0.31921	  -0.03935
   0.32801	  -0.03907
   0.33681	  -0.03874
   0.34561	  -0.03837
   0.35441	  -0.03795
   0.36320	  -0.03748
   0.37200	  -0.03697
   0.38079	  -0.03641
   0.38959	  -0.03580
   0.39840	  -0.03516
   0.40721	  -0.03447
   0.41604	  -0.03374
   0.42487	  -0.03297
   0.43372	  -0.03217
   0.44259	  -0.03134
   0.45148	  -0.03047
   0.46039	  -0.02959
   0.46932	  -0.02868
   0.47827	  -0.02776
   0.48723	  -0.02682
   0.49621	  -0.02588
   0.50520	  -0.02492
   0.51419	  -0.02396
   0.52319	  -0.02300
   0.53219	  -0.02203
   0.54119	  -0.02106
   0.55019	  -0.02010
   0.55918	  -0.01914
   0.56816	  -0.01818
   0.57713	  -0.01723
   0.58610	  -0.01629
   0.59507	  -0.01536
   0.60403	  -0.01444
   0.61299	  -0.01353
   0.62194	  -0.01262
   0.63090	  -0.01174
   0.63985	  -0.01086
   0.64879	  -0.01000
   0.65773	  -0.00915
   0.66667	  -0.00832
   0.67560	  -0.00750
   0.68452	  -0.00671
   0.69345	  -0.00593
   0.70236	  -0.00518
   0.71128	  -0.00445
   0.72019	  -0.00373
   0.72910	  -0.00305
   0.73801	  -0.00238
   0.74692	  -0.00174
   0.75582	  -0.00113
   0.76473	  -0.00054
   0.77363	   0.00002
   0.78252	   0.00056
   0.79141	   0.00106
   0.80030	   0.00154
   0.80917	   0.00198
   0.81804	   0.00239
   0.82690	   0.00277
   0.83576	   0.00310
   0.84461	   0.00341
   0.85345	   0.00367
   0.86229	   0.00389
   0.87113	   0.00407
   0.87995	   0.00420
   0.88876	   0.00429
   0.89755	   0.00434
   0.90633	   0.00433
   0.91509	   0.00427
   0.92383	   0.00415
   0.93254	   0.00398
   0.94122	   0.00374
   0.94986	   0.00344
   0.95841	   0.00306
   0.96682	   0.00262
   0.97500	   0.00210
   0.98278	   0.00150
   0.98995	   0.00082
   0.99630	   0.00009
   1.00000	  -0.00042
