EPPLER 344
   1.00000	   0.00000
   0.99631	   0.00074
   0.99041	   0.00211
   0.98393	   0.00377
   0.97689	   0.00562
   0.96946	   0.00754
   0.96168	   0.00945
   0.95356	   0.01132
   0.94507	   0.01315
   0.93621	   0.01497
   0.92698	   0.01677
   0.91743	   0.01859
   0.90764	   0.02043
   0.89767	   0.02228
   0.88760	   0.02415
   0.87746	   0.02604
   0.86727	   0.02793
   0.85706	   0.02984
   0.84683	   0.03174
   0.83661	   0.03365
   0.82640	   0.03556
   0.81620	   0.03747
   0.80601	   0.03939
   0.79581	   0.04132
   0.78561	   0.04326
   0.77539	   0.04520
   0.76516	   0.04715
   0.75492	   0.04910
   0.74468	   0.05106
   0.73445	   0.05302
   0.72421	   0.05498
   0.71399	   0.05695
   0.70376	   0.05891
   0.69355	   0.06088
   0.68334	   0.06284
   0.67313	   0.06479
   0.66293	   0.06674
   0.65273	   0.06869
   0.64254	   0.07062
   0.63236	   0.07254
   0.62219	   0.07446
   0.61203	   0.07636
   0.60189	   0.07825
   0.59177	   0.08012
   0.58167	   0.08197
   0.57160	   0.08380
   0.56154	   0.08561
   0.55149	   0.08739
   0.54146	   0.08915
   0.53144	   0.09088
   0.52144	   0.09258
   0.51145	   0.09426
   0.50149	   0.09590
   0.49155	   0.09751
   0.48163	   0.09907
   0.47174	   0.10060
   0.46188	   0.10208
   0.45205	   0.10352
   0.44224	   0.10490
   0.43246	   0.10624
   0.42271	   0.10752
   0.41300	   0.10875
   0.40332	   0.10991
   0.39367	   0.11102
   0.38406	   0.11205
   0.37450	   0.11302
   0.36497	   0.11391
   0.35550	   0.11473
   0.34607	   0.11546
   0.33672	   0.11611
   0.32744	   0.11667
   0.31825	   0.11713
   0.30916	   0.11748
   0.30016	   0.11773
   0.29125	   0.11786
   0.28243	   0.11786
   0.27367	   0.11775
   0.26496	   0.11750
   0.25630	   0.11713
   0.24768	   0.11662
   0.23910	   0.11598
   0.23054	   0.11521
   0.22201	   0.11430
   0.21350	   0.11326
   0.20503	   0.11209
   0.19660	   0.11079
   0.18820	   0.10935
   0.17986	   0.10778
   0.17156	   0.10608
   0.16334	   0.10425
   0.15518	   0.10229
   0.14711	   0.10020
   0.13913	   0.09798
   0.13124	   0.09564
   0.12347	   0.09318
   0.11582	   0.09059
   0.10831	   0.08789
   0.10095	   0.08508
   0.09377	   0.08216
   0.08679	   0.07915
   0.08003	   0.07605
   0.07350	   0.07288
   0.06723	   0.06965
   0.06124	   0.06638
   0.05556	   0.06309
   0.05021	   0.05981
   0.04521	   0.05657
   0.04060	   0.05338
   0.03635	   0.05028
   0.03247	   0.04727
   0.02892	   0.04436
   0.02569	   0.04155
   0.02274	   0.03883
   0.02006	   0.03622
   0.01765	   0.03373
   0.01549	   0.03136
   0.01356	   0.02913
   0.01184	   0.02702
   0.01031	   0.02503
   0.00895	   0.02312
   0.00772	   0.02130
   0.00662	   0.01953
   0.00562	   0.01782
   0.00473	   0.01615
   0.00392	   0.01452
   0.00320	   0.01293
   0.00256	   0.01140
   0.00199	   0.00993
   0.00150	   0.00853
   0.00107	   0.00719
   0.00070	   0.00593
   0.00040	   0.00474
   0.00019	   0.00359
   0.00005	   0.00248
  -0.00000	   0.00138
   0.00003	   0.00027
   0.00013	  -0.00085
   0.00027	  -0.00199
   0.00049	  -0.00313
   0.00083	  -0.00426
   0.00131	  -0.00537
   0.00203	  -0.00637
   0.00299	  -0.00721
   0.00409	  -0.00794
   0.00532	  -0.00861
   0.00665	  -0.00922
   0.00808	  -0.00981
   0.00962	  -0.01037
   0.01128	  -0.01092
   0.01308	  -0.01146
   0.01502	  -0.01199
   0.01713	  -0.01251
   0.01943	  -0.01303
   0.02195	  -0.01356
   0.02472	  -0.01407
   0.02778	  -0.01459
   0.03117	  -0.01510
   0.03494	  -0.01561
   0.03915	  -0.01614
   0.04386	  -0.01668
   0.04914	  -0.01722
   0.05505	  -0.01777
   0.06162	  -0.01832
   0.06889	  -0.01888
   0.07682	  -0.01943
   0.08536	  -0.01997
   0.09439	  -0.02052
   0.10383	  -0.02106
   0.11356	  -0.02160
   0.12349	  -0.02213
   0.13355	  -0.02266
   0.14371	  -0.02318
   0.15392	  -0.02369
   0.16417	  -0.02419
   0.17444	  -0.02468
   0.18472	  -0.02516
   0.19502	  -0.02562
   0.20533	  -0.02608
   0.21563	  -0.02653
   0.22593	  -0.02696
   0.23623	  -0.02738
   0.24652	  -0.02779
   0.25680	  -0.02819
   0.26708	  -0.02857
   0.27736	  -0.02893
   0.28763	  -0.02928
   0.29790	  -0.02961
   0.30817	  -0.02993
   0.31844	  -0.03023
   0.32872	  -0.03052
   0.33900	  -0.03079
   0.34928	  -0.03105
   0.35956	  -0.03129
   0.36985	  -0.03152
   0.38013	  -0.03174
   0.39041	  -0.03193
   0.40069	  -0.03212
   0.41098	  -0.03229
   0.42126	  -0.03244
   0.43154	  -0.03258
   0.44182	  -0.03270
   0.45210	  -0.03281
   0.46238	  -0.03291
   0.47266	  -0.03299
   0.48293	  -0.03305
   0.49320	  -0.03310
   0.50346	  -0.03313
   0.51373	  -0.03314
   0.52398	  -0.03314
   0.53424	  -0.03312
   0.54450	  -0.03309
   0.55475	  -0.03303
   0.56500	  -0.03296
   0.57524	  -0.03287
   0.58547	  -0.03277
   0.59570	  -0.03264
   0.60592	  -0.03249
   0.61613	  -0.03233
   0.62633	  -0.03214
   0.63652	  -0.03193
   0.64670	  -0.03170
   0.65686	  -0.03144
   0.66701	  -0.03116
   0.67714	  -0.03086
   0.68725	  -0.03053
   0.69733	  -0.03017
   0.70740	  -0.02978
   0.71743	  -0.02935
   0.72744	  -0.02890
   0.73741	  -0.02841
   0.74732	  -0.02788
   0.75718	  -0.02731
   0.76694	  -0.02670
   0.77659	  -0.02603
   0.78612	  -0.02531
   0.79555	  -0.02451
   0.80487	  -0.02364
   0.81413	  -0.02267
   0.82336	  -0.02162
   0.83258	  -0.02046
   0.84186	  -0.01921
   0.85124	  -0.01785
   0.86078	  -0.01639
   0.87048	  -0.01485
   0.88029	  -0.01326
   0.89013	  -0.01166
   0.89990	  -0.01007
   0.90953	  -0.00854
   0.91897	  -0.00708
   0.92819	  -0.00571
   0.93716	  -0.00445
   0.94585	  -0.00333
   0.95422	  -0.00234
   0.96225	  -0.00151
   0.96989	  -0.00084
   0.97713	  -0.00034
   0.98394	  -0.00001
   0.99031	   0.00014
   0.99625	   0.00012
   1.00000	   0.00000
