Fukuda 10
   1.00000	   0.00160
   0.99680	   0.00232
   0.99184	   0.00344
   0.98666	   0.00460
   0.98127	   0.00581
   0.97562	   0.00707
   0.96970	   0.00839
   0.96350	   0.00978
   0.95697	   0.01123
   0.95011	   0.01276
   0.94288	   0.01436
   0.93526	   0.01605
   0.92724	   0.01782
   0.91882	   0.01967
   0.90999	   0.02161
   0.90081	   0.02362
   0.89144	   0.02567
   0.88225	   0.02767
   0.87317	   0.02963
   0.86413	   0.03157
   0.85509	   0.03349
   0.84601	   0.03540
   0.83683	   0.03730
   0.82755	   0.03919
   0.81815	   0.04108
   0.80871	   0.04293
   0.79936	   0.04472
   0.79009	   0.04645
   0.78087	   0.04814
   0.77167	   0.04978
   0.76247	   0.05139
   0.75326	   0.05296
   0.74403	   0.05450
   0.73475	   0.05603
   0.72543	   0.05753
   0.71607	   0.05901
   0.70665	   0.06048
   0.69719	   0.06193
   0.68768	   0.06337
   0.67814	   0.06480
   0.66858	   0.06621
   0.65903	   0.06761
   0.64949	   0.06900
   0.63995	   0.07038
   0.63042	   0.07175
   0.62087	   0.07311
   0.61132	   0.07448
   0.60175	   0.07585
   0.59219	   0.07722
   0.58266	   0.07858
   0.57316	   0.07992
   0.56370	   0.08125
   0.55427	   0.08254
   0.54487	   0.08380
   0.53549	   0.08502
   0.52615	   0.08620
   0.51682	   0.08732
   0.50750	   0.08839
   0.49819	   0.08939
   0.48887	   0.09033
   0.47955	   0.09121
   0.47020	   0.09203
   0.46083	   0.09281
   0.45144	   0.09354
   0.44201	   0.09422
   0.43256	   0.09488
   0.42307	   0.09550
   0.41354	   0.09609
   0.40399	   0.09667
   0.39441	   0.09722
   0.38480	   0.09776
   0.37518	   0.09827
   0.36554	   0.09875
   0.35590	   0.09919
   0.34627	   0.09958
   0.33666	   0.09993
   0.32709	   0.10022
   0.31756	   0.10045
   0.30810	   0.10061
   0.29873	   0.10071
   0.28946	   0.10073
   0.28029	   0.10067
   0.27124	   0.10054
   0.26230	   0.10033
   0.25345	   0.10003
   0.24467	   0.09964
   0.23594	   0.09916
   0.22723	   0.09859
   0.21850	   0.09791
   0.20971	   0.09711
   0.20080	   0.09619
   0.19171	   0.09512
   0.18235	   0.09390
   0.17290	   0.09256
   0.16377	   0.09119
   0.15491	   0.08979
   0.14626	   0.08838
   0.13773	   0.08696
   0.12922	   0.08553
   0.12063	   0.08409
   0.11180	   0.08262
   0.10255	   0.08111
   0.09356	   0.07967
   0.08534	   0.07823
   0.07781	   0.07661
   0.07082	   0.07471
   0.06420	   0.07256
   0.05770	   0.07024
   0.05078	   0.06769
   0.04324	   0.06495
   0.03704	   0.06263
   0.03040	   0.05992
   0.02330	   0.05669
   0.01897	   0.05453
   0.01586	   0.05285
   0.01340	   0.05144
   0.01136	   0.05019
   0.00963	   0.04906
   0.00812	   0.04801
   0.00681	   0.04703
   0.00565	   0.04611
   0.00464	   0.04523
   0.00374	   0.04438
   0.00295	   0.04357
   0.00227	   0.04279
   0.00168	   0.04203
   0.00118	   0.04129
   0.00077	   0.04057
   0.00044	   0.03986
   0.00020	   0.03917
   0.00004	   0.03848
  -0.00004	   0.03781
  -0.00003	   0.03715
   0.00008	   0.03649
   0.00027	   0.03583
   0.00055	   0.03518
   0.00093	   0.03452
   0.00139	   0.03386
   0.00195	   0.03320
   0.00261	   0.03253
   0.00337	   0.03185
   0.00425	   0.03115
   0.00524	   0.03044
   0.00638	   0.02970
   0.00768	   0.02894
   0.00916	   0.02813
   0.01088	   0.02728
   0.01289	   0.02636
   0.01531	   0.02535
   0.01836	   0.02417
   0.02254	   0.02271
   0.02940	   0.02056
   0.03655	   0.01862
   0.04289	   0.01712
   0.05066	   0.01546
   0.05847	   0.01385
   0.06607	   0.01236
   0.07413	   0.01094
   0.08281	   0.00965
   0.09192	   0.00851
   0.10125	   0.00746
   0.11072	   0.00645
   0.12026	   0.00548
   0.12983	   0.00455
   0.13939	   0.00368
   0.14892	   0.00287
   0.15839	   0.00215
   0.16779	   0.00151
   0.17712	   0.00095
   0.18639	   0.00049
   0.19560	   0.00014
   0.20478	  -0.00012
   0.21394	  -0.00027
   0.22311	  -0.00034
   0.23230	  -0.00032
   0.24154	  -0.00022
   0.25083	  -0.00006
   0.26018	   0.00016
   0.26959	   0.00042
   0.27907	   0.00073
   0.28862	   0.00107
   0.29822	   0.00143
   0.30787	   0.00180
   0.31753	   0.00218
   0.32717	   0.00256
   0.33680	   0.00294
   0.34644	   0.00331
   0.35609	   0.00369
   0.36575	   0.00406
   0.37540	   0.00442
   0.38503	   0.00477
   0.39465	   0.00512
   0.40425	   0.00544
   0.41385	   0.00576
   0.42345	   0.00606
   0.43305	   0.00636
   0.44265	   0.00665
   0.45226	   0.00694
   0.46188	   0.00722
   0.47150	   0.00751
   0.48112	   0.00780
   0.49075	   0.00810
   0.50037	   0.00841
   0.50998	   0.00873
   0.51957	   0.00905
   0.52915	   0.00938
   0.53870	   0.00969
   0.54824	   0.01000
   0.55775	   0.01028
   0.56724	   0.01054
   0.57671	   0.01078
   0.58618	   0.01098
   0.59563	   0.01114
   0.60509	   0.01126
   0.61455	   0.01133
   0.62403	   0.01137
   0.63353	   0.01138
   0.64304	   0.01136
   0.65258	   0.01133
   0.66214	   0.01130
   0.67170	   0.01126
   0.68128	   0.01122
   0.69085	   0.01120
   0.70041	   0.01120
   0.70995	   0.01122
   0.71945	   0.01126
   0.72890	   0.01132
   0.73831	   0.01137
   0.74768	   0.01141
   0.75702	   0.01145
   0.76632	   0.01146
   0.77562	   0.01144
   0.78493	   0.01138
   0.79427	   0.01129
   0.80366	   0.01113
   0.81315	   0.01092
   0.82275	   0.01066
   0.83235	   0.01034
   0.84184	   0.00998
   0.85122	   0.00958
   0.86054	   0.00915
   0.86984	   0.00869
   0.87916	   0.00819
   0.88858	   0.00767
   0.89815	   0.00711
   0.90757	   0.00654
   0.91664	   0.00598
   0.92531	   0.00542
   0.93356	   0.00488
   0.94140	   0.00435
   0.94884	   0.00384
   0.95590	   0.00334
   0.96260	   0.00286
   0.96898	   0.00239
   0.97504	   0.00194
   0.98083	   0.00150
   0.98636	   0.00108
   0.99165	   0.00066
   0.99673	   0.00026
   1.00000	   0.00000
