FX 60-100 (126)
   1.00000	   0.00000
   0.99692	   0.00062
   0.99201	   0.00162
   0.98671	   0.00269
   0.98095	   0.00385
   0.97468	   0.00511
   0.96783	   0.00650
   0.96033	   0.00801
   0.95218	   0.00966
   0.94349	   0.01141
   0.93482	   0.01316
   0.92629	   0.01486
   0.91775	   0.01657
   0.90907	   0.01827
   0.90023	   0.01999
   0.89148	   0.02166
   0.88286	   0.02327
   0.87432	   0.02485
   0.86581	   0.02639
   0.85730	   0.02790
   0.84877	   0.02940
   0.84020	   0.03089
   0.83156	   0.03237
   0.82285	   0.03385
   0.81407	   0.03533
   0.80521	   0.03680
   0.79630	   0.03827
   0.78736	   0.03973
   0.77843	   0.04118
   0.76952	   0.04261
   0.76060	   0.04403
   0.75167	   0.04542
   0.74272	   0.04680
   0.73376	   0.04816
   0.72483	   0.04950
   0.71592	   0.05080
   0.70704	   0.05207
   0.69817	   0.05332
   0.68933	   0.05453
   0.68050	   0.05571
   0.67168	   0.05685
   0.66286	   0.05797
   0.65404	   0.05907
   0.64522	   0.06013
   0.63639	   0.06117
   0.62754	   0.06219
   0.61868	   0.06318
   0.60981	   0.06415
   0.60092	   0.06509
   0.59202	   0.06601
   0.58310	   0.06691
   0.57416	   0.06779
   0.56522	   0.06865
   0.55626	   0.06948
   0.54730	   0.07029
   0.53832	   0.07108
   0.52935	   0.07185
   0.52038	   0.07259
   0.51142	   0.07331
   0.50247	   0.07401
   0.49354	   0.07469
   0.48464	   0.07533
   0.47576	   0.07595
   0.46692	   0.07652
   0.45810	   0.07705
   0.44930	   0.07754
   0.44053	   0.07797
   0.43176	   0.07834
   0.42301	   0.07866
   0.41426	   0.07893
   0.40550	   0.07914
   0.39674	   0.07931
   0.38797	   0.07942
   0.37919	   0.07949
   0.37039	   0.07951
   0.36158	   0.07948
   0.35275	   0.07941
   0.34391	   0.07929
   0.33506	   0.07913
   0.32619	   0.07893
   0.31732	   0.07869
   0.30845	   0.07842
   0.29958	   0.07810
   0.29071	   0.07774
   0.28186	   0.07734
   0.27302	   0.07690
   0.26420	   0.07640
   0.25541	   0.07586
   0.24665	   0.07527
   0.23792	   0.07462
   0.22922	   0.07391
   0.22055	   0.07314
   0.21191	   0.07231
   0.20328	   0.07141
   0.19466	   0.07044
   0.18602	   0.06940
   0.17736	   0.06828
   0.16869	   0.06708
   0.16001	   0.06581
   0.15136	   0.06447
   0.14278	   0.06307
   0.13432	   0.06160
   0.12601	   0.06006
   0.11786	   0.05841
   0.10986	   0.05665
   0.10199	   0.05474
   0.09420	   0.05268
   0.08638	   0.05045
   0.07835	   0.04801
   0.06993	   0.04528
   0.06157	   0.04235
   0.05345	   0.03925
   0.04658	   0.03639
   0.04090	   0.03385
   0.03593	   0.03148
   0.03127	   0.02910
   0.02644	   0.02645
   0.02045	   0.02280
   0.01444	   0.01854
   0.00983	   0.01479
   0.00723	   0.01250
   0.00544	   0.01079
   0.00408	   0.00937
   0.00300	   0.00814
   0.00214	   0.00703
   0.00143	   0.00601
   0.00087	   0.00506
   0.00044	   0.00417
   0.00011	   0.00332
  -0.00010	   0.00251
  -0.00020	   0.00173
  -0.00019	   0.00097
  -0.00007	   0.00023
   0.00019	  -0.00050
   0.00058	  -0.00122
   0.00111	  -0.00194
   0.00179	  -0.00268
   0.00265	  -0.00345
   0.00373	  -0.00425
   0.00508	  -0.00513
   0.00683	  -0.00612
   0.00924	  -0.00733
   0.01301	  -0.00903
   0.01971	  -0.01157
   0.02603	  -0.01341
   0.03111	  -0.01458
   0.03610	  -0.01554
   0.04155	  -0.01643
   0.04808	  -0.01735
   0.05635	  -0.01839
   0.06454	  -0.01933
   0.07265	  -0.02020
   0.08132	  -0.02104
   0.08988	  -0.02179
   0.09832	  -0.02246
   0.10688	  -0.02306
   0.11559	  -0.02357
   0.12439	  -0.02401
   0.13322	  -0.02437
   0.14207	  -0.02468
   0.15090	  -0.02494
   0.15971	  -0.02515
   0.16851	  -0.02531
   0.17728	  -0.02543
   0.18605	  -0.02549
   0.19482	  -0.02550
   0.20362	  -0.02546
   0.21244	  -0.02536
   0.22132	  -0.02523
   0.23025	  -0.02505
   0.23923	  -0.02486
   0.24825	  -0.02464
   0.25728	  -0.02442
   0.26632	  -0.02419
   0.27533	  -0.02394
   0.28430	  -0.02367
   0.29324	  -0.02337
   0.30213	  -0.02304
   0.31097	  -0.02267
   0.31979	  -0.02226
   0.32858	  -0.02181
   0.33734	  -0.02131
   0.34609	  -0.02077
   0.35483	  -0.02018
   0.36356	  -0.01955
   0.37229	  -0.01886
   0.38101	  -0.01813
   0.38973	  -0.01734
   0.39845	  -0.01650
   0.40717	  -0.01561
   0.41589	  -0.01467
   0.42460	  -0.01367
   0.43331	  -0.01261
   0.44201	  -0.01150
   0.45069	  -0.01033
   0.45936	  -0.00913
   0.46802	  -0.00790
   0.47667	  -0.00668
   0.48531	  -0.00547
   0.49396	  -0.00429
   0.50261	  -0.00317
   0.51129	  -0.00211
   0.51998	  -0.00110
   0.52871	  -0.00015
   0.53747	   0.00076
   0.54626	   0.00163
   0.55509	   0.00246
   0.56396	   0.00325
   0.57287	   0.00402
   0.58180	   0.00477
   0.59077	   0.00550
   0.59975	   0.00622
   0.60875	   0.00693
   0.61775	   0.00762
   0.62676	   0.00830
   0.63576	   0.00896
   0.64475	   0.00960
   0.65373	   0.01021
   0.66270	   0.01081
   0.67164	   0.01137
   0.68057	   0.01191
   0.68948	   0.01242
   0.69837	   0.01289
   0.70724	   0.01333
   0.71610	   0.01373
   0.72494	   0.01409
   0.73376	   0.01440
   0.74256	   0.01467
   0.75135	   0.01489
   0.76012	   0.01506
   0.76888	   0.01517
   0.77763	   0.01522
   0.78636	   0.01521
   0.79508	   0.01514
   0.80379	   0.01500
   0.81249	   0.01480
   0.82118	   0.01453
   0.82986	   0.01420
   0.83855	   0.01382
   0.84725	   0.01340
   0.85597	   0.01294
   0.86471	   0.01244
   0.87350	   0.01192
   0.88235	   0.01137
   0.89128	   0.01080
   0.90029	   0.01022
   0.90926	   0.00964
   0.91814	   0.00903
   0.92700	   0.00839
   0.93595	   0.00767
   0.94477	   0.00690
   0.95314	   0.00609
   0.96095	   0.00526
   0.96818	   0.00442
   0.97485	   0.00360
   0.98100	   0.00279
   0.98669	   0.00200
   0.99197	   0.00123
   0.99689	   0.00049
   1.00000	   0.00000
