FX 63-145
   1.00000	   0.00000
   0.99684	   0.00182
   0.99122	   0.00379
   0.98470	   0.00595
   0.97685	   0.00832
   0.96830	   0.01072
   0.95905	   0.01309
   0.94929	   0.01545
   0.93928	   0.01775
   0.92902	   0.02001
   0.91858	   0.02224
   0.90805	   0.02446
   0.89747	   0.02665
   0.88684	   0.02882
   0.87616	   0.03099
   0.86553	   0.03314
   0.85502	   0.03523
   0.84454	   0.03726
   0.83400	   0.03925
   0.82340	   0.04127
   0.81282	   0.04329
   0.80230	   0.04526
   0.79180	   0.04719
   0.78131	   0.04911
   0.77084	   0.05106
   0.76040	   0.05304
   0.75000	   0.05497
   0.73960	   0.05684
   0.72919	   0.05869
   0.71879	   0.06057
   0.70842	   0.06250
   0.69808	   0.06442
   0.68775	   0.06629
   0.67739	   0.06808
   0.66697	   0.06987
   0.65652	   0.07169
   0.64607	   0.07356
   0.63563	   0.07542
   0.62520	   0.07724
   0.61473	   0.07901
   0.60424	   0.08077
   0.59376	   0.08255
   0.58338	   0.08436
   0.57311	   0.08612
   0.56291	   0.08778
   0.55271	   0.08934
   0.54246	   0.09088
   0.53221	   0.09244
   0.52203	   0.09408
   0.51200	   0.09569
   0.50207	   0.09722
   0.49213	   0.09859
   0.48210	   0.09987
   0.47197	   0.10115
   0.46188	   0.10249
   0.45202	   0.10385
   0.44240	   0.10511
   0.43292	   0.10617
   0.42336	   0.10702
   0.41360	   0.10776
   0.40366	   0.10850
   0.39378	   0.10934
   0.38419	   0.11015
   0.37490	   0.11081
   0.36575	   0.11120
   0.35650	   0.11137
   0.34704	   0.11144
   0.33747	   0.11158
   0.32804	   0.11185
   0.31896	   0.11207
   0.31016	   0.11210
   0.30146	   0.11181
   0.29265	   0.11130
   0.28368	   0.11074
   0.27467	   0.11034
   0.26590	   0.11008
   0.25747	   0.10977
   0.24931	   0.10920
   0.24122	   0.10828
   0.23304	   0.10715
   0.22473	   0.10604
   0.21648	   0.10518
   0.20852	   0.10448
   0.20094	   0.10368
   0.19364	   0.10257
   0.18645	   0.10109
   0.17921	   0.09944
   0.17191	   0.09787
   0.16469	   0.09664
   0.15777	   0.09560
   0.15122	   0.09448
   0.14497	   0.09304
   0.13890	   0.09120
   0.13284	   0.08918
   0.12676	   0.08724
   0.12072	   0.08565
   0.11490	   0.08438
   0.10941	   0.08312
   0.10427	   0.08164
   0.09939	   0.07976
   0.09463	   0.07757
   0.08986	   0.07530
   0.08503	   0.07323
   0.08020	   0.07156
   0.07552	   0.07014
   0.07108	   0.06869
   0.06691	   0.06696
   0.06290	   0.06474
   0.05888	   0.06207
   0.05461	   0.05905
   0.04991	   0.05594
   0.04479	   0.05296
   0.03951	   0.04992
   0.03424	   0.04647
   0.02893	   0.04247
   0.02374	   0.03816
   0.01906	   0.03395
   0.01504	   0.03002
   0.01167	   0.02641
   0.00896	   0.02322
   0.00687	   0.02047
   0.00529	   0.01802
   0.00411	   0.01576
   0.00324	   0.01362
   0.00256	   0.01157
   0.00198	   0.00964
   0.00145	   0.00785
   0.00093	   0.00623
   0.00046	   0.00477
   0.00009	   0.00343
  -0.00013	   0.00220
  -0.00016	   0.00103
   0.00003	  -0.00010
   0.00047	  -0.00120
   0.00118	  -0.00218
   0.00219	  -0.00296
   0.00343	  -0.00362
   0.00481	  -0.00430
   0.00625	  -0.00512
   0.00777	  -0.00601
   0.00943	  -0.00692
   0.01131	  -0.00775
   0.01346	  -0.00852
   0.01588	  -0.00931
   0.01855	  -0.01026
   0.02140	  -0.01137
   0.02441	  -0.01248
   0.02760	  -0.01338
   0.03104	  -0.01399
   0.03477	  -0.01449
   0.03878	  -0.01515
   0.04299	  -0.01618
   0.04738	  -0.01742
   0.05198	  -0.01855
   0.05689	  -0.01935
   0.06212	  -0.01997
   0.06762	  -0.02071
   0.07323	  -0.02180
   0.07882	  -0.02298
   0.08441	  -0.02392
   0.09007	  -0.02444
   0.09588	  -0.02473
   0.10183	  -0.02509
   0.10786	  -0.02583
   0.11392	  -0.02686
   0.12002	  -0.02789
   0.12622	  -0.02861
   0.13261	  -0.02893
   0.13926	  -0.02907
   0.14616	  -0.02930
   0.15324	  -0.02990
   0.16039	  -0.03071
   0.16761	  -0.03146
   0.17493	  -0.03188
   0.18246	  -0.03198
   0.19025	  -0.03198
   0.19825	  -0.03217
   0.20634	  -0.03264
   0.21445	  -0.03318
   0.22258	  -0.03355
   0.23081	  -0.03359
   0.23924	  -0.03342
   0.24790	  -0.03325
   0.25671	  -0.03331
   0.26555	  -0.03352
   0.27435	  -0.03370
   0.28315	  -0.03364
   0.29208	  -0.03333
   0.30120	  -0.03292
   0.31049	  -0.03259
   0.31986	  -0.03244
   0.32918	  -0.03234
   0.33845	  -0.03214
   0.34775	  -0.03170
   0.35718	  -0.03110
   0.36678	  -0.03046
   0.37650	  -0.02994
   0.38621	  -0.02954
   0.39586	  -0.02912
   0.40547	  -0.02856
   0.41513	  -0.02780
   0.42494	  -0.02695
   0.43488	  -0.02612
   0.44486	  -0.02539
   0.45478	  -0.02472
   0.46462	  -0.02398
   0.47443	  -0.02308
   0.48433	  -0.02204
   0.49437	  -0.02094
   0.50451	  -0.01990
   0.51463	  -0.01893
   0.52465	  -0.01796
   0.53458	  -0.01689
   0.54451	  -0.01566
   0.55454	  -0.01434
   0.56470	  -0.01302
   0.57497	  -0.01177
   0.58527	  -0.01055
   0.59553	  -0.00931
   0.60574	  -0.00798
   0.61589	  -0.00661
   0.62603	  -0.00526
   0.63623	  -0.00402
   0.64654	  -0.00285
   0.65696	  -0.00169
   0.66739	  -0.00049
   0.67772	   0.00073
   0.68795	   0.00188
   0.69817	   0.00292
   0.70851	   0.00387
   0.71899	   0.00481
   0.72948	   0.00579
   0.73983	   0.00674
   0.75006	   0.00761
   0.76033	   0.00835
   0.77080	   0.00902
   0.78140	   0.00970
   0.79190	   0.01037
   0.80220	   0.01096
   0.81251	   0.01143
   0.82305	   0.01180
   0.83375	   0.01215
   0.84425	   0.01246
   0.85451	   0.01266
   0.86484	   0.01271
   0.87545	   0.01267
   0.88605	   0.01260
   0.89631	   0.01243
   0.90649	   0.01211
   0.91681	   0.01165
   0.92704	   0.01110
   0.93698	   0.01043
   0.94673	   0.00958
   0.95623	   0.00857
   0.96532	   0.00737
   0.97395	   0.00595
   0.98209	   0.00430
   0.98964	   0.00255
   0.99613	   0.00084
   1.00000	   0.00000
