FX S 02-196
   1.00000	   0.00000
   0.99485	   0.00128
   0.98642	   0.00329
   0.97700	   0.00558
   0.96661	   0.00806
   0.95543	   0.01074
   0.94366	   0.01362
   0.93145	   0.01665
   0.91895	   0.01978
   0.90632	   0.02297
   0.89369	   0.02623
   0.88097	   0.02959
   0.86809	   0.03303
   0.85513	   0.03651
   0.84217	   0.04000
   0.82928	   0.04349
   0.81646	   0.04701
   0.80366	   0.05051
   0.79087	   0.05398
   0.77810	   0.05744
   0.76541	   0.06091
   0.75280	   0.06435
   0.74017	   0.06773
   0.72747	   0.07107
   0.71474	   0.07444
   0.70208	   0.07778
   0.68950	   0.08105
   0.67686	   0.08425
   0.66411	   0.08744
   0.65136	   0.09063
   0.63876	   0.09375
   0.62627	   0.09676
   0.61368	   0.09968
   0.60091	   0.10257
   0.58810	   0.10546
   0.57548	   0.10826
   0.56303	   0.11092
   0.55055	   0.11347
   0.53791	   0.11595
   0.52528	   0.11838
   0.51295	   0.12068
   0.50092	   0.12278
   0.48890	   0.12468
   0.47665	   0.12646
   0.46428	   0.12818
   0.45222	   0.12978
   0.44067	   0.13115
   0.42939	   0.13223
   0.41804	   0.13305
   0.40646	   0.13367
   0.39484	   0.13415
   0.38354	   0.13443
   0.37256	   0.13447
   0.36162	   0.13419
   0.35037	   0.13367
   0.33878	   0.13303
   0.32732	   0.13239
   0.31637	   0.13167
   0.30585	   0.13071
   0.29543	   0.12947
   0.28487	   0.12809
   0.27432	   0.12676
   0.26410	   0.12551
   0.25437	   0.12417
   0.24498	   0.12257
   0.23566	   0.12071
   0.22630	   0.11876
   0.21702	   0.11695
   0.20808	   0.11528
   0.19956	   0.11354
   0.19139	   0.11155
   0.18337	   0.10929
   0.17539	   0.10697
   0.16750	   0.10481
   0.15984	   0.10288
   0.15256	   0.10097
   0.14564	   0.09888
   0.13900	   0.09653
   0.13251	   0.09406
   0.12611	   0.09167
   0.11985	   0.08954
   0.11384	   0.08761
   0.10815	   0.08570
   0.10281	   0.08363
   0.09776	   0.08134
   0.09289	   0.07895
   0.08814	   0.07663
   0.08348	   0.07451
   0.07894	   0.07266
   0.07461	   0.07093
   0.07055	   0.06918
   0.06676	   0.06729
   0.06324	   0.06522
   0.05988	   0.06304
   0.05662	   0.06089
   0.05340	   0.05887
   0.05019	   0.05706
   0.04701	   0.05545
   0.04395	   0.05392
   0.04106	   0.05237
   0.03838	   0.05069
   0.03592	   0.04883
   0.03362	   0.04683
   0.03140	   0.04478
   0.02921	   0.04276
   0.02698	   0.04085
   0.02468	   0.03912
   0.02236	   0.03752
   0.02008	   0.03596
   0.01790	   0.03439
   0.01587	   0.03272
   0.01399	   0.03094
   0.01223	   0.02910
   0.01059	   0.02721
   0.00906	   0.02533
   0.00765	   0.02346
   0.00637	   0.02163
   0.00524	   0.01981
   0.00427	   0.01800
   0.00345	   0.01620
   0.00276	   0.01440
   0.00217	   0.01262
   0.00165	   0.01086
   0.00119	   0.00915
   0.00076	   0.00748
   0.00039	   0.00588
   0.00011	   0.00433
  -0.00006	   0.00284
  -0.00010	   0.00138
   0.00001	  -0.00006
   0.00029	  -0.00149
   0.00075	  -0.00289
   0.00140	  -0.00423
   0.00221	  -0.00551
   0.00316	  -0.00675
   0.00420	  -0.00798
   0.00529	  -0.00920
   0.00642	  -0.01039
   0.00762	  -0.01150
   0.00891	  -0.01249
   0.01031	  -0.01332
   0.01181	  -0.01401
   0.01340	  -0.01462
   0.01503	  -0.01521
   0.01667	  -0.01587
   0.01827	  -0.01667
   0.01985	  -0.01760
   0.02142	  -0.01861
   0.02300	  -0.01965
   0.02463	  -0.02066
   0.02635	  -0.02157
   0.02818	  -0.02232
   0.03014	  -0.02294
   0.03222	  -0.02346
   0.03440	  -0.02395
   0.03665	  -0.02447
   0.03896	  -0.02512
   0.04130	  -0.02594
   0.04370	  -0.02688
   0.04616	  -0.02790
   0.04871	  -0.02892
   0.05139	  -0.02987
   0.05423	  -0.03067
   0.05726	  -0.03133
   0.06046	  -0.03192
   0.06384	  -0.03252
   0.06737	  -0.03325
   0.07104	  -0.03418
   0.07484	  -0.03528
   0.07880	  -0.03646
   0.08294	  -0.03759
   0.08733	  -0.03855
   0.09198	  -0.03933
   0.09691	  -0.04005
   0.10210	  -0.04083
   0.10751	  -0.04186
   0.11312	  -0.04310
   0.11892	  -0.04439
   0.12496	  -0.04556
   0.13129	  -0.04647
   0.13794	  -0.04724
   0.14490	  -0.04806
   0.15210	  -0.04912
   0.15949	  -0.05037
   0.16704	  -0.05161
   0.17481	  -0.05261
   0.18288	  -0.05337
   0.19129	  -0.05407
   0.19995	  -0.05494
   0.20875	  -0.05599
   0.21761	  -0.05702
   0.22659	  -0.05781
   0.23582	  -0.05835
   0.24536	  -0.05881
   0.25514	  -0.05940
   0.26499	  -0.06013
   0.27483	  -0.06081
   0.28476	  -0.06125
   0.29494	  -0.06144
   0.30545	  -0.06157
   0.31613	  -0.06180
   0.32675	  -0.06208
   0.33726	  -0.06225
   0.34780	  -0.06215
   0.35860	  -0.06183
   0.36968	  -0.06146
   0.38076	  -0.06116
   0.39152	  -0.06082
   0.40201	  -0.06029
   0.41251	  -0.05942
   0.42338	  -0.05828
   0.43474	  -0.05698
   0.44635	  -0.05571
   0.45784	  -0.05441
   0.46914	  -0.05297
   0.48043	  -0.05132
   0.49192	  -0.04951
   0.50368	  -0.04770
   0.51558	  -0.04595
   0.52746	  -0.04419
   0.53931	  -0.04231
   0.55122	  -0.04030
   0.56325	  -0.03826
   0.57542	  -0.03629
   0.58767	  -0.03436
   0.59994	  -0.03238
   0.61218	  -0.03032
   0.62442	  -0.02825
   0.63673	  -0.02627
   0.64916	  -0.02436
   0.66171	  -0.02244
   0.67426	  -0.02047
   0.68675	  -0.01852
   0.69929	  -0.01667
   0.71201	  -0.01488
   0.72489	  -0.01310
   0.73772	  -0.01133
   0.75043	  -0.00964
   0.76321	  -0.00805
   0.77617	  -0.00651
   0.78911	  -0.00500
   0.80182	  -0.00360
   0.81446	  -0.00233
   0.82727	  -0.00115
   0.84007	  -0.00000
   0.85259	   0.00104
   0.86499	   0.00191
   0.87743	   0.00267
   0.88976	   0.00333
   0.90187	   0.00384
   0.91381	   0.00420
   0.92552	   0.00443
   0.93685	   0.00450
   0.94780	   0.00439
   0.95827	   0.00410
   0.96821	   0.00361
   0.97762	   0.00289
   0.98649	   0.00196
   0.99479	   0.00084
   1.00000	   0.00000
