GIII BL387
   1.00000	   0.00018
   0.99668	   0.00057
   0.99139	   0.00120
   0.98566	   0.00188
   0.97943	   0.00262
   0.97263	   0.00342
   0.96518	   0.00430
   0.95704	   0.00527
   0.94822	   0.00631
   0.93885	   0.00742
   0.92914	   0.00857
   0.91943	   0.00972
   0.90969	   0.01087
   0.89995	   0.01203
   0.89030	   0.01318
   0.88068	   0.01432
   0.87107	   0.01546
   0.86144	   0.01660
   0.85177	   0.01774
   0.84206	   0.01887
   0.83233	   0.01999
   0.82258	   0.02112
   0.81283	   0.02223
   0.80307	   0.02334
   0.79333	   0.02445
   0.78360	   0.02555
   0.77389	   0.02664
   0.76419	   0.02772
   0.75451	   0.02880
   0.74483	   0.02986
   0.73514	   0.03091
   0.72543	   0.03195
   0.71571	   0.03298
   0.70598	   0.03401
   0.69627	   0.03503
   0.68658	   0.03604
   0.67694	   0.03703
   0.66734	   0.03800
   0.65779	   0.03894
   0.64827	   0.03986
   0.63876	   0.04074
   0.62925	   0.04160
   0.61972	   0.04243
   0.61016	   0.04325
   0.60058	   0.04404
   0.59099	   0.04481
   0.58139	   0.04556
   0.57178	   0.04629
   0.56218	   0.04700
   0.55259	   0.04768
   0.54299	   0.04835
   0.53339	   0.04899
   0.52379	   0.04961
   0.51417	   0.05022
   0.50454	   0.05080
   0.49490	   0.05137
   0.48524	   0.05192
   0.47556	   0.05246
   0.46587	   0.05298
   0.45617	   0.05349
   0.44647	   0.05399
   0.43678	   0.05448
   0.42711	   0.05495
   0.41747	   0.05540
   0.40786	   0.05582
   0.39831	   0.05622
   0.38882	   0.05659
   0.37941	   0.05692
   0.37005	   0.05721
   0.36075	   0.05745
   0.35149	   0.05764
   0.34223	   0.05778
   0.33296	   0.05787
   0.32365	   0.05790
   0.31430	   0.05790
   0.30492	   0.05785
   0.29550	   0.05776
   0.28608	   0.05763
   0.27666	   0.05747
   0.26726	   0.05726
   0.25788	   0.05701
   0.24852	   0.05672
   0.23919	   0.05639
   0.22987	   0.05602
   0.22057	   0.05560
   0.21128	   0.05513
   0.20202	   0.05461
   0.19280	   0.05405
   0.18361	   0.05343
   0.17448	   0.05276
   0.16540	   0.05203
   0.15639	   0.05124
   0.14743	   0.05039
   0.13854	   0.04948
   0.12972	   0.04849
   0.12099	   0.04743
   0.11236	   0.04630
   0.10387	   0.04509
   0.09554	   0.04381
   0.08741	   0.04246
   0.07955	   0.04105
   0.07205	   0.03959
   0.06497	   0.03810
   0.05835	   0.03659
   0.05220	   0.03505
   0.04649	   0.03351
   0.04122	   0.03195
   0.03642	   0.03039
   0.03210	   0.02886
   0.02826	   0.02736
   0.02485	   0.02593
   0.02182	   0.02454
   0.01913	   0.02320
   0.01673	   0.02189
   0.01459	   0.02060
   0.01268	   0.01934
   0.01095	   0.01809
   0.00939	   0.01686
   0.00798	   0.01565
   0.00671	   0.01447
   0.00557	   0.01330
   0.00454	   0.01212
   0.00363	   0.01093
   0.00283	   0.00976
   0.00214	   0.00860
   0.00156	   0.00746
   0.00107	   0.00633
   0.00068	   0.00523
   0.00037	   0.00414
   0.00015	   0.00306
   0.00002	   0.00200
  -0.00003	   0.00094
   0.00001	  -0.00011
   0.00014	  -0.00116
   0.00036	  -0.00221
   0.00068	  -0.00325
   0.00108	  -0.00429
   0.00158	  -0.00532
   0.00217	  -0.00633
   0.00287	  -0.00732
   0.00368	  -0.00827
   0.00460	  -0.00917
   0.00565	  -0.01000
   0.00682	  -0.01076
   0.00811	  -0.01145
   0.00952	  -0.01210
   0.01106	  -0.01269
   0.01275	  -0.01323
   0.01459	  -0.01372
   0.01662	  -0.01416
   0.01889	  -0.01453
   0.02144	  -0.01486
   0.02435	  -0.01516
   0.02771	  -0.01544
   0.03163	  -0.01573
   0.03620	  -0.01601
   0.04148	  -0.01630
   0.04742	  -0.01659
   0.05393	  -0.01691
   0.06108	  -0.01727
   0.06891	  -0.01769
   0.07740	  -0.01813
   0.08640	  -0.01858
   0.09569	  -0.01902
   0.10511	  -0.01946
   0.11464	  -0.01988
   0.12425	  -0.02029
   0.13394	  -0.02069
   0.14367	  -0.02109
   0.15345	  -0.02149
   0.16323	  -0.02189
   0.17302	  -0.02230
   0.18279	  -0.02270
   0.19255	  -0.02309
   0.20229	  -0.02347
   0.21202	  -0.02384
   0.22175	  -0.02420
   0.23148	  -0.02455
   0.24121	  -0.02490
   0.25094	  -0.02523
   0.26067	  -0.02554
   0.27040	  -0.02585
   0.28011	  -0.02615
   0.28981	  -0.02643
   0.29950	  -0.02669
   0.30917	  -0.02694
   0.31883	  -0.02717
   0.32848	  -0.02739
   0.33812	  -0.02758
   0.34775	  -0.02776
   0.35739	  -0.02791
   0.36702	  -0.02805
   0.37667	  -0.02816
   0.38632	  -0.02826
   0.39598	  -0.02834
   0.40565	  -0.02840
   0.41531	  -0.02844
   0.42498	  -0.02847
   0.43464	  -0.02848
   0.44429	  -0.02847
   0.45394	  -0.02844
   0.46357	  -0.02839
   0.47320	  -0.02833
   0.48281	  -0.02824
   0.49242	  -0.02813
   0.50203	  -0.02800
   0.51165	  -0.02784
   0.52127	  -0.02767
   0.53090	  -0.02747
   0.54054	  -0.02725
   0.55017	  -0.02701
   0.55980	  -0.02676
   0.56941	  -0.02648
   0.57900	  -0.02618
   0.58857	  -0.02586
   0.59813	  -0.02551
   0.60770	  -0.02513
   0.61727	  -0.02473
   0.62687	  -0.02431
   0.63649	  -0.02386
   0.64613	  -0.02339
   0.65578	  -0.02291
   0.66542	  -0.02240
   0.67504	  -0.02188
   0.68466	  -0.02134
   0.69426	  -0.02078
   0.70386	  -0.02019
   0.71349	  -0.01959
   0.72316	  -0.01896
   0.73287	  -0.01832
   0.74262	  -0.01766
   0.75242	  -0.01700
   0.76224	  -0.01634
   0.77207	  -0.01567
   0.78190	  -0.01500
   0.79173	  -0.01434
   0.80156	  -0.01367
   0.81139	  -0.01300
   0.82122	  -0.01233
   0.83105	  -0.01166
   0.84087	  -0.01099
   0.85070	  -0.01032
   0.86050	  -0.00966
   0.87026	  -0.00899
   0.87999	  -0.00833
   0.88970	  -0.00768
   0.89943	  -0.00701
   0.90923	  -0.00635
   0.91900	  -0.00569
   0.92876	  -0.00503
   0.93851	  -0.00436
   0.94794	  -0.00372
   0.95681	  -0.00312
   0.96500	  -0.00256
   0.97249	  -0.00205
   0.97933	  -0.00159
   0.98559	  -0.00116
   0.99134	  -0.00077
   0.99666	  -0.00041
   1.00000	  -0.00018
