Gilroy
   1.00000	   0.00400
   0.99647	   0.00524
   0.99102	   0.00713
   0.98536	   0.00906
   0.97948	   0.01105
   0.97335	   0.01308
   0.96698	   0.01516
   0.96033	   0.01730
   0.95339	   0.01948
   0.94616	   0.02172
   0.93861	   0.02401
   0.93074	   0.02635
   0.92254	   0.02874
   0.91401	   0.03115
   0.90517	   0.03360
   0.89604	   0.03606
   0.88666	   0.03852
   0.87708	   0.04098
   0.86735	   0.04342
   0.85760	   0.04584
   0.84787	   0.04823
   0.83812	   0.05060
   0.82834	   0.05299
   0.81861	   0.05537
   0.80897	   0.05776
   0.79943	   0.06014
   0.79001	   0.06254
   0.78070	   0.06493
   0.77149	   0.06730
   0.76237	   0.06963
   0.75333	   0.07192
   0.74435	   0.07415
   0.73542	   0.07630
   0.72652	   0.07838
   0.71763	   0.08037
   0.70875	   0.08225
   0.69983	   0.08403
   0.69086	   0.08570
   0.68182	   0.08725
   0.67270	   0.08872
   0.66348	   0.09010
   0.65414	   0.09142
   0.64469	   0.09268
   0.63511	   0.09389
   0.62541	   0.09506
   0.61560	   0.09621
   0.60568	   0.09735
   0.59568	   0.09849
   0.58569	   0.09963
   0.57573	   0.10076
   0.56579	   0.10189
   0.55584	   0.10300
   0.54588	   0.10411
   0.53589	   0.10521
   0.52588	   0.10629
   0.51591	   0.10735
   0.50600	   0.10839
   0.49614	   0.10939
   0.48632	   0.11037
   0.47656	   0.11130
   0.46683	   0.11220
   0.45715	   0.11306
   0.44751	   0.11386
   0.43789	   0.11462
   0.42831	   0.11531
   0.41875	   0.11595
   0.40920	   0.11652
   0.39966	   0.11702
   0.39013	   0.11745
   0.38060	   0.11780
   0.37106	   0.11809
   0.36151	   0.11830
   0.35195	   0.11844
   0.34238	   0.11851
   0.33281	   0.11852
   0.32322	   0.11845
   0.31364	   0.11831
   0.30406	   0.11811
   0.29449	   0.11783
   0.28494	   0.11749
   0.27542	   0.11707
   0.26594	   0.11656
   0.25651	   0.11596
   0.24713	   0.11527
   0.23781	   0.11447
   0.22856	   0.11357
   0.21939	   0.11256
   0.21030	   0.11143
   0.20129	   0.11019
   0.19237	   0.10883
   0.18354	   0.10735
   0.17480	   0.10576
   0.16615	   0.10406
   0.15757	   0.10225
   0.14905	   0.10034
   0.14059	   0.09832
   0.13215	   0.09619
   0.12372	   0.09394
   0.11527	   0.09158
   0.10678	   0.08908
   0.09820	   0.08643
   0.08950	   0.08361
   0.08076	   0.08056
   0.07217	   0.07729
   0.06403	   0.07387
   0.05661	   0.07041
   0.05004	   0.06702
   0.04429	   0.06377
   0.03926	   0.06066
   0.03479	   0.05766
   0.03075	   0.05471
   0.02703	   0.05174
   0.02352	   0.04867
   0.02013	   0.04546
   0.01691	   0.04230
   0.01405	   0.03949
   0.01161	   0.03715
   0.00957	   0.03521
   0.00786	   0.03354
   0.00642	   0.03207
   0.00519	   0.03073
   0.00413	   0.02950
   0.00323	   0.02835
   0.00245	   0.02726
   0.00180	   0.02622
   0.00125	   0.02521
   0.00080	   0.02424
   0.00046	   0.02329
   0.00020	   0.02235
   0.00005	   0.02143
  -0.00001	   0.02051
   0.00003	   0.01959
   0.00018	   0.01867
   0.00042	   0.01774
   0.00077	   0.01680
   0.00121	   0.01585
   0.00176	   0.01487
   0.00242	   0.01387
   0.00319	   0.01285
   0.00409	   0.01179
   0.00514	   0.01069
   0.00634	   0.00956
   0.00773	   0.00837
   0.00933	   0.00713
   0.01118	   0.00584
   0.01330	   0.00452
   0.01567	   0.00324
   0.01828	   0.00205
   0.02110	   0.00102
   0.02409	   0.00020
   0.02727	  -0.00040
   0.03073	  -0.00078
   0.03459	  -0.00094
   0.03902	  -0.00087
   0.04437	  -0.00052
   0.05130	   0.00013
   0.06039	   0.00106
   0.06883	   0.00198
   0.07678	   0.00291
   0.08500	   0.00393
   0.09414	   0.00516
   0.10326	   0.00649
   0.11147	   0.00778
   0.11917	   0.00905
   0.12659	   0.01034
   0.13388	   0.01164
   0.14115	   0.01297
   0.14847	   0.01434
   0.15594	   0.01575
   0.16361	   0.01722
   0.17156	   0.01873
   0.17985	   0.02030
   0.18855	   0.02193
   0.19769	   0.02359
   0.20724	   0.02526
   0.21710	   0.02692
   0.22692	   0.02850
   0.23665	   0.03000
   0.24638	   0.03142
   0.25617	   0.03278
   0.26609	   0.03409
   0.27602	   0.03532
   0.28580	   0.03646
   0.29545	   0.03752
   0.30498	   0.03850
   0.31444	   0.03941
   0.32386	   0.04025
   0.33326	   0.04103
   0.34267	   0.04175
   0.35211	   0.04242
   0.36158	   0.04303
   0.37111	   0.04360
   0.38069	   0.04411
   0.39033	   0.04458
   0.40003	   0.04500
   0.40978	   0.04538
   0.41957	   0.04571
   0.42940	   0.04599
   0.43926	   0.04624
   0.44914	   0.04645
   0.45903	   0.04662
   0.46893	   0.04676
   0.47884	   0.04686
   0.48876	   0.04694
   0.49867	   0.04699
   0.50859	   0.04702
   0.51850	   0.04703
   0.52842	   0.04701
   0.53833	   0.04696
   0.54824	   0.04688
   0.55814	   0.04678
   0.56803	   0.04665
   0.57791	   0.04648
   0.58778	   0.04629
   0.59763	   0.04606
   0.60745	   0.04580
   0.61726	   0.04550
   0.62703	   0.04516
   0.63677	   0.04478
   0.64648	   0.04436
   0.65615	   0.04388
   0.66580	   0.04336
   0.67542	   0.04277
   0.68501	   0.04213
   0.69457	   0.04143
   0.70412	   0.04066
   0.71366	   0.03982
   0.72319	   0.03893
   0.73272	   0.03797
   0.74226	   0.03696
   0.75182	   0.03590
   0.76140	   0.03480
   0.77103	   0.03365
   0.78070	   0.03246
   0.79043	   0.03123
   0.80024	   0.02997
   0.81015	   0.02867
   0.82011	   0.02735
   0.83000	   0.02601
   0.83979	   0.02467
   0.84952	   0.02332
   0.85921	   0.02196
   0.86890	   0.02057
   0.87865	   0.01916
   0.88851	   0.01771
   0.89839	   0.01624
   0.90800	   0.01479
   0.91727	   0.01338
   0.92619	   0.01200
   0.93473	   0.01067
   0.94289	   0.00938
   0.95068	   0.00814
   0.95811	   0.00694
   0.96521	   0.00579
   0.97198	   0.00468
   0.97846	   0.00361
   0.98466	   0.00258
   0.99061	   0.00159
   0.99632	   0.00062
   1.00000	   0.00000
