GMARTIN4
   1.00000	   0.01400
   0.99758	   0.01692
   0.99385	   0.02118
   0.98999	   0.02532
   0.98599	   0.02934
   0.98185	   0.03324
   0.97754	   0.03702
   0.97305	   0.04068
   0.96837	   0.04423
   0.96348	   0.04766
   0.95835	   0.05098
   0.95294	   0.05418
   0.94723	   0.05725
   0.94118	   0.06021
   0.93474	   0.06307
   0.92789	   0.06585
   0.92057	   0.06855
   0.91277	   0.07121
   0.90446	   0.07385
   0.89566	   0.07648
   0.88641	   0.07912
   0.87676	   0.08174
   0.86679	   0.08432
   0.85659	   0.08684
   0.84625	   0.08929
   0.83586	   0.09166
   0.82548	   0.09394
   0.81516	   0.09615
   0.80492	   0.09828
   0.79477	   0.10037
   0.78468	   0.10241
   0.77465	   0.10441
   0.76465	   0.10637
   0.75468	   0.10829
   0.74473	   0.11016
   0.73478	   0.11199
   0.72482	   0.11377
   0.71485	   0.11551
   0.70487	   0.11720
   0.69485	   0.11884
   0.68481	   0.12042
   0.67472	   0.12197
   0.66460	   0.12347
   0.65444	   0.12494
   0.64423	   0.12637
   0.63398	   0.12777
   0.62368	   0.12914
   0.61335	   0.13049
   0.60297	   0.13182
   0.59255	   0.13314
   0.58211	   0.13444
   0.57163	   0.13572
   0.56114	   0.13698
   0.55064	   0.13822
   0.54013	   0.13945
   0.52963	   0.14064
   0.51915	   0.14182
   0.50870	   0.14296
   0.49829	   0.14408
   0.48793	   0.14517
   0.47764	   0.14622
   0.46742	   0.14723
   0.45727	   0.14819
   0.44719	   0.14909
   0.43717	   0.14993
   0.42721	   0.15071
   0.41729	   0.15143
   0.40741	   0.15207
   0.39753	   0.15263
   0.38766	   0.15312
   0.37776	   0.15353
   0.36783	   0.15387
   0.35787	   0.15413
   0.34787	   0.15432
   0.33784	   0.15443
   0.32779	   0.15447
   0.31774	   0.15443
   0.30771	   0.15433
   0.29772	   0.15415
   0.28782	   0.15391
   0.27802	   0.15358
   0.26836	   0.15316
   0.25885	   0.15264
   0.24949	   0.15200
   0.24029	   0.15124
   0.23124	   0.15035
   0.22235	   0.14932
   0.21360	   0.14816
   0.20499	   0.14684
   0.19650	   0.14537
   0.18812	   0.14374
   0.17983	   0.14195
   0.17162	   0.14001
   0.16348	   0.13790
   0.15538	   0.13561
   0.14729	   0.13315
   0.13920	   0.13050
   0.13111	   0.12764
   0.12308	   0.12458
   0.11520	   0.12135
   0.10758	   0.11799
   0.10035	   0.11457
   0.09361	   0.11116
   0.08736	   0.10775
   0.08154	   0.10430
   0.07602	   0.10070
   0.07065	   0.09684
   0.06523	   0.09262
   0.05960	   0.08797
   0.05371	   0.08296
   0.04772	   0.07787
   0.04202	   0.07309
   0.03689	   0.06874
   0.03233	   0.06479
   0.02826	   0.06115
   0.02460	   0.05772
   0.02126	   0.05442
   0.01819	   0.05123
   0.01542	   0.04825
   0.01297	   0.04553
   0.01084	   0.04311
   0.00899	   0.04094
   0.00739	   0.03899
   0.00601	   0.03722
   0.00482	   0.03559
   0.00377	   0.03407
   0.00287	   0.03264
   0.00208	   0.03129
   0.00140	   0.03001
   0.00083	   0.02879
   0.00035	   0.02762
  -0.00005	   0.02649
  -0.00035	   0.02540
  -0.00057	   0.02435
  -0.00070	   0.02332
  -0.00075	   0.02232
  -0.00071	   0.02135
  -0.00057	   0.02040
  -0.00035	   0.01946
  -0.00002	   0.01855
   0.00042	   0.01764
   0.00097	   0.01674
   0.00163	   0.01585
   0.00240	   0.01497
   0.00330	   0.01409
   0.00432	   0.01320
   0.00548	   0.01232
   0.00678	   0.01144
   0.00824	   0.01056
   0.00988	   0.00969
   0.01172	   0.00883
   0.01376	   0.00801
   0.01602	   0.00723
   0.01856	   0.00651
   0.02143	   0.00583
   0.02469	   0.00516
   0.02840	   0.00443
   0.03257	   0.00365
   0.03714	   0.00286
   0.04199	   0.00214
   0.04700	   0.00155
   0.05215	   0.00117
   0.05750	   0.00099
   0.06318	   0.00096
   0.06932	   0.00100
   0.07601	   0.00099
   0.08328	   0.00080
   0.09105	   0.00047
   0.09921	   0.00013
   0.10771	  -0.00011
   0.11655	  -0.00021
   0.12570	  -0.00021
   0.13516	  -0.00014
   0.14489	  -0.00005
   0.15487	   0.00003
   0.16505	   0.00006
   0.17539	   0.00005
   0.18583	  -0.00000
   0.19636	  -0.00007
   0.20693	  -0.00016
   0.21752	  -0.00024
   0.22812	  -0.00034
   0.23872	  -0.00042
   0.24929	  -0.00051
   0.25984	  -0.00058
   0.27035	  -0.00064
   0.28084	  -0.00068
   0.29130	  -0.00070
   0.30173	  -0.00070
   0.31216	  -0.00067
   0.32258	  -0.00062
   0.33301	  -0.00055
   0.34345	  -0.00046
   0.35391	  -0.00036
   0.36439	  -0.00026
   0.37490	  -0.00015
   0.38544	  -0.00004
   0.39600	   0.00006
   0.40659	   0.00016
   0.41721	   0.00024
   0.42784	   0.00032
   0.43850	   0.00039
   0.44916	   0.00044
   0.45983	   0.00049
   0.47050	   0.00053
   0.48116	   0.00056
   0.49180	   0.00059
   0.50242	   0.00060
   0.51301	   0.00061
   0.52355	   0.00063
   0.53405	   0.00064
   0.54451	   0.00067
   0.55491	   0.00072
   0.56526	   0.00080
   0.57557	   0.00090
   0.58584	   0.00104
   0.59607	   0.00122
   0.60628	   0.00144
   0.61647	   0.00171
   0.62665	   0.00201
   0.63683	   0.00234
   0.64701	   0.00267
   0.65720	   0.00302
   0.66740	   0.00336
   0.67761	   0.00368
   0.68783	   0.00398
   0.69806	   0.00425
   0.70830	   0.00448
   0.71855	   0.00467
   0.72879	   0.00484
   0.73903	   0.00499
   0.74927	   0.00513
   0.75949	   0.00528
   0.76970	   0.00544
   0.77989	   0.00563
   0.79006	   0.00584
   0.80021	   0.00611
   0.81034	   0.00642
   0.82044	   0.00676
   0.83051	   0.00714
   0.84054	   0.00752
   0.85055	   0.00789
   0.86051	   0.00824
   0.87043	   0.00856
   0.88031	   0.00884
   0.89013	   0.00905
   0.89990	   0.00920
   0.90961	   0.00927
   0.91923	   0.00931
   0.92870	   0.00937
   0.93792	   0.00948
   0.94682	   0.00969
   0.95529	   0.01002
   0.96328	   0.01045
   0.97078	   0.01097
   0.97781	   0.01155
   0.98438	   0.01217
   0.99054	   0.01284
   0.99633	   0.01353
   1.00000	   0.01400
