GOE 527
   1.00000	   0.00000
   0.99582	   0.00134
   0.98921	   0.00343
   0.98218	   0.00564
   0.97468	   0.00797
   0.96666	   0.01043
   0.95809	   0.01303
   0.94896	   0.01577
   0.93928	   0.01862
   0.92910	   0.02159
   0.91850	   0.02465
   0.90758	   0.02778
   0.89640	   0.03097
   0.88506	   0.03419
   0.87358	   0.03745
   0.86203	   0.04071
   0.85044	   0.04397
   0.83885	   0.04722
   0.82728	   0.05044
   0.81574	   0.05362
   0.80423	   0.05678
   0.79276	   0.05989
   0.78130	   0.06298
   0.76985	   0.06603
   0.75839	   0.06906
   0.74693	   0.07205
   0.73546	   0.07502
   0.72398	   0.07796
   0.71250	   0.08087
   0.70103	   0.08374
   0.68958	   0.08658
   0.67818	   0.08937
   0.66682	   0.09211
   0.65551	   0.09479
   0.64426	   0.09742
   0.63307	   0.09998
   0.62193	   0.10247
   0.61084	   0.10490
   0.59978	   0.10726
   0.58875	   0.10955
   0.57773	   0.11177
   0.56670	   0.11393
   0.55568	   0.11603
   0.54465	   0.11806
   0.53362	   0.12002
   0.52258	   0.12192
   0.51156	   0.12375
   0.50057	   0.12551
   0.48961	   0.12720
   0.47871	   0.12881
   0.46789	   0.13034
   0.45714	   0.13177
   0.44649	   0.13310
   0.43593	   0.13433
   0.42547	   0.13545
   0.41511	   0.13646
   0.40485	   0.13735
   0.39467	   0.13813
   0.38458	   0.13878
   0.37457	   0.13932
   0.36464	   0.13974
   0.35477	   0.14005
   0.34495	   0.14024
   0.33517	   0.14032
   0.32542	   0.14028
   0.31568	   0.14013
   0.30594	   0.13986
   0.29618	   0.13947
   0.28637	   0.13896
   0.27651	   0.13832
   0.26657	   0.13755
   0.25657	   0.13664
   0.24654	   0.13560
   0.23651	   0.13443
   0.22653	   0.13314
   0.21668	   0.13173
   0.20702	   0.13022
   0.19762	   0.12864
   0.18855	   0.12699
   0.17984	   0.12528
   0.17149	   0.12351
   0.16346	   0.12165
   0.15568	   0.11969
   0.14811	   0.11760
   0.14065	   0.11536
   0.13325	   0.11295
   0.12587	   0.11037
   0.11853	   0.10764
   0.11126	   0.10480
   0.10418	   0.10190
   0.09738	   0.09902
   0.09097	   0.09620
   0.08500	   0.09346
   0.07946	   0.09076
   0.07430	   0.08806
   0.06945	   0.08531
   0.06485	   0.08250
   0.06045	   0.07963
   0.05622	   0.07673
   0.05218	   0.07382
   0.04832	   0.07095
   0.04466	   0.06814
   0.04123	   0.06541
   0.03802	   0.06278
   0.03503	   0.06023
   0.03226	   0.05778
   0.02968	   0.05540
   0.02729	   0.05309
   0.02506	   0.05084
   0.02299	   0.04865
   0.02106	   0.04650
   0.01925	   0.04440
   0.01754	   0.04232
   0.01592	   0.04028
   0.01439	   0.03827
   0.01293	   0.03629
   0.01155	   0.03435
   0.01023	   0.03244
   0.00898	   0.03058
   0.00781	   0.02877
   0.00672	   0.02701
   0.00571	   0.02529
   0.00478	   0.02363
   0.00393	   0.02201
   0.00315	   0.02044
   0.00245	   0.01891
   0.00182	   0.01741
   0.00126	   0.01595
   0.00077	   0.01452
   0.00035	   0.01312
  -0.00000	   0.01175
  -0.00029	   0.01040
  -0.00051	   0.00908
  -0.00066	   0.00777
  -0.00074	   0.00649
  -0.00076	   0.00522
  -0.00070	   0.00397
  -0.00057	   0.00274
  -0.00037	   0.00151
  -0.00008	   0.00029
   0.00029	  -0.00091
   0.00074	  -0.00212
   0.00127	  -0.00331
   0.00188	  -0.00450
   0.00258	  -0.00568
   0.00335	  -0.00686
   0.00421	  -0.00803
   0.00516	  -0.00918
   0.00619	  -0.01033
   0.00730	  -0.01146
   0.00850	  -0.01258
   0.00980	  -0.01367
   0.01118	  -0.01472
   0.01266	  -0.01574
   0.01422	  -0.01671
   0.01588	  -0.01762
   0.01763	  -0.01848
   0.01947	  -0.01929
   0.02143	  -0.02006
   0.02348	  -0.02079
   0.02565	  -0.02150
   0.02793	  -0.02220
   0.03033	  -0.02289
   0.03286	  -0.02357
   0.03552	  -0.02422
   0.03834	  -0.02487
   0.04130	  -0.02548
   0.04444	  -0.02607
   0.04776	  -0.02663
   0.05128	  -0.02715
   0.05502	  -0.02763
   0.05901	  -0.02806
   0.06327	  -0.02844
   0.06785	  -0.02877
   0.07278	  -0.02904
   0.07813	  -0.02927
   0.08394	  -0.02945
   0.09029	  -0.02959
   0.09722	  -0.02970
   0.10478	  -0.02982
   0.11293	  -0.02996
   0.12161	  -0.03011
   0.13070	  -0.03025
   0.14008	  -0.03036
   0.14968	  -0.03041
   0.15951	  -0.03038
   0.16961	  -0.03027
   0.18005	  -0.03009
   0.19087	  -0.02984
   0.20208	  -0.02953
   0.21363	  -0.02919
   0.22546	  -0.02881
   0.23749	  -0.02839
   0.24964	  -0.02795
   0.26185	  -0.02748
   0.27406	  -0.02699
   0.28624	  -0.02649
   0.29838	  -0.02597
   0.31049	  -0.02544
   0.32258	  -0.02491
   0.33466	  -0.02436
   0.34675	  -0.02380
   0.35885	  -0.02323
   0.37097	  -0.02265
   0.38312	  -0.02205
   0.39530	  -0.02145
   0.40750	  -0.02083
   0.41973	  -0.02020
   0.43197	  -0.01956
   0.44422	  -0.01892
   0.45648	  -0.01828
   0.46874	  -0.01764
   0.48100	  -0.01699
   0.49324	  -0.01636
   0.50547	  -0.01573
   0.51767	  -0.01511
   0.52985	  -0.01450
   0.54199	  -0.01391
   0.55410	  -0.01333
   0.56619	  -0.01277
   0.57826	  -0.01223
   0.59032	  -0.01170
   0.60238	  -0.01120
   0.61445	  -0.01072
   0.62654	  -0.01025
   0.63866	  -0.00979
   0.65082	  -0.00935
   0.66300	  -0.00891
   0.67521	  -0.00848
   0.68743	  -0.00805
   0.69965	  -0.00761
   0.71185	  -0.00717
   0.72400	  -0.00674
   0.73610	  -0.00631
   0.74812	  -0.00590
   0.76006	  -0.00551
   0.77193	  -0.00514
   0.78370	  -0.00480
   0.79540	  -0.00450
   0.80703	  -0.00424
   0.81859	  -0.00401
   0.83008	  -0.00380
   0.84151	  -0.00360
   0.85285	  -0.00340
   0.86410	  -0.00317
   0.87524	  -0.00292
   0.88625	  -0.00264
   0.89711	  -0.00230
   0.90779	  -0.00192
   0.91825	  -0.00150
   0.92847	  -0.00109
   0.93836	  -0.00072
   0.94787	  -0.00041
   0.95695	  -0.00018
   0.96557	  -0.00002
   0.97373	   0.00007
   0.98144	   0.00011
   0.98873	   0.00010
   0.99561	   0.00005
   1.00000	   0.00000
