GOE 438
   1.00000	   0.00000
   0.99634	   0.00083
   0.99052	   0.00215
   0.98424	   0.00356
   0.97745	   0.00508
   0.97009	   0.00673
   0.96213	   0.00850
   0.95357	   0.01039
   0.94448	   0.01239
   0.93502	   0.01446
   0.92537	   0.01654
   0.91569	   0.01861
   0.90606	   0.02063
   0.89652	   0.02259
   0.88704	   0.02449
   0.87758	   0.02635
   0.86810	   0.02819
   0.85857	   0.03000
   0.84899	   0.03180
   0.83933	   0.03359
   0.82958	   0.03538
   0.81976	   0.03718
   0.80986	   0.03899
   0.79992	   0.04080
   0.78995	   0.04262
   0.77999	   0.04444
   0.77007	   0.04624
   0.76020	   0.04802
   0.75039	   0.04978
   0.74065	   0.05149
   0.73097	   0.05316
   0.72135	   0.05479
   0.71178	   0.05636
   0.70222	   0.05789
   0.69268	   0.05936
   0.68311	   0.06078
   0.67351	   0.06216
   0.66385	   0.06351
   0.65413	   0.06483
   0.64433	   0.06612
   0.63446	   0.06740
   0.62451	   0.06867
   0.61450	   0.06993
   0.60444	   0.07118
   0.59436	   0.07244
   0.58427	   0.07369
   0.57420	   0.07493
   0.56417	   0.07615
   0.55420	   0.07734
   0.54429	   0.07850
   0.53444	   0.07963
   0.52466	   0.08071
   0.51493	   0.08174
   0.50525	   0.08273
   0.49561	   0.08367
   0.48599	   0.08455
   0.47638	   0.08538
   0.46677	   0.08617
   0.45715	   0.08690
   0.44750	   0.08759
   0.43784	   0.08824
   0.42816	   0.08884
   0.41845	   0.08940
   0.40872	   0.08991
   0.39898	   0.09038
   0.38924	   0.09081
   0.37949	   0.09120
   0.36976	   0.09154
   0.36005	   0.09183
   0.35036	   0.09207
   0.34069	   0.09226
   0.33104	   0.09240
   0.32143	   0.09248
   0.31184	   0.09251
   0.30228	   0.09248
   0.29273	   0.09239
   0.28320	   0.09223
   0.27369	   0.09201
   0.26421	   0.09171
   0.25475	   0.09133
   0.24534	   0.09086
   0.23598	   0.09031
   0.22670	   0.08966
   0.21751	   0.08892
   0.20843	   0.08807
   0.19949	   0.08714
   0.19071	   0.08610
   0.18208	   0.08497
   0.17362	   0.08375
   0.16528	   0.08241
   0.15703	   0.08095
   0.14880	   0.07936
   0.14052	   0.07761
   0.13212	   0.07568
   0.12359	   0.07356
   0.11502	   0.07129
   0.10657	   0.06891
   0.09845	   0.06649
   0.09086	   0.06411
   0.08385	   0.06175
   0.07728	   0.05933
   0.07097	   0.05676
   0.06472	   0.05395
   0.05840	   0.05094
   0.05215	   0.04786
   0.04628	   0.04495
   0.04104	   0.04233
   0.03649	   0.03997
   0.03251	   0.03779
   0.02899	   0.03572
   0.02584	   0.03372
   0.02299	   0.03176
   0.02038	   0.02980
   0.01796	   0.02784
   0.01574	   0.02591
   0.01370	   0.02401
   0.01183	   0.02219
   0.01015	   0.02046
   0.00863	   0.01883
   0.00729	   0.01730
   0.00610	   0.01585
   0.00504	   0.01448
   0.00411	   0.01317
   0.00328	   0.01192
   0.00256	   0.01072
   0.00193	   0.00956
   0.00139	   0.00844
   0.00093	   0.00735
   0.00055	   0.00629
   0.00026	   0.00525
   0.00004	   0.00424
  -0.00011	   0.00324
  -0.00017	   0.00226
  -0.00015	   0.00129
  -0.00005	   0.00033
   0.00013	  -0.00063
   0.00041	  -0.00158
   0.00077	  -0.00253
   0.00123	  -0.00348
   0.00177	  -0.00444
   0.00240	  -0.00541
   0.00312	  -0.00638
   0.00395	  -0.00738
   0.00488	  -0.00839
   0.00593	  -0.00941
   0.00710	  -0.01046
   0.00840	  -0.01154
   0.00985	  -0.01264
   0.01144	  -0.01375
   0.01319	  -0.01488
   0.01507	  -0.01599
   0.01709	  -0.01707
   0.01924	  -0.01810
   0.02152	  -0.01904
   0.02394	  -0.01989
   0.02651	  -0.02063
   0.02927	  -0.02125
   0.03228	  -0.02177
   0.03559	  -0.02218
   0.03930	  -0.02247
   0.04352	  -0.02265
   0.04844	  -0.02273
   0.05423	  -0.02274
   0.06091	  -0.02271
   0.06834	  -0.02266
   0.07620	  -0.02261
   0.08439	  -0.02258
   0.09292	  -0.02255
   0.10181	  -0.02248
   0.11101	  -0.02233
   0.12045	  -0.02211
   0.13007	  -0.02185
   0.13980	  -0.02156
   0.14960	  -0.02127
   0.15948	  -0.02099
   0.16942	  -0.02073
   0.17942	  -0.02049
   0.18948	  -0.02025
   0.19959	  -0.02001
   0.20974	  -0.01977
   0.21991	  -0.01952
   0.23011	  -0.01927
   0.24031	  -0.01902
   0.25051	  -0.01876
   0.26070	  -0.01850
   0.27090	  -0.01824
   0.28110	  -0.01798
   0.29130	  -0.01772
   0.30150	  -0.01746
   0.31169	  -0.01721
   0.32187	  -0.01695
   0.33205	  -0.01669
   0.34224	  -0.01644
   0.35243	  -0.01618
   0.36262	  -0.01593
   0.37281	  -0.01568
   0.38300	  -0.01542
   0.39320	  -0.01517
   0.40341	  -0.01491
   0.41361	  -0.01466
   0.42382	  -0.01441
   0.43402	  -0.01415
   0.44423	  -0.01389
   0.45443	  -0.01364
   0.46464	  -0.01338
   0.47484	  -0.01313
   0.48505	  -0.01287
   0.49525	  -0.01262
   0.50546	  -0.01236
   0.51567	  -0.01211
   0.52587	  -0.01185
   0.53608	  -0.01159
   0.54628	  -0.01134
   0.55649	  -0.01108
   0.56669	  -0.01083
   0.57690	  -0.01057
   0.58711	  -0.01032
   0.59731	  -0.01006
   0.60751	  -0.00981
   0.61772	  -0.00955
   0.62792	  -0.00930
   0.63811	  -0.00905
   0.64831	  -0.00879
   0.65850	  -0.00854
   0.66869	  -0.00829
   0.67889	  -0.00803
   0.68908	  -0.00778
   0.69928	  -0.00752
   0.70949	  -0.00727
   0.71969	  -0.00701
   0.72987	  -0.00676
   0.74005	  -0.00650
   0.75023	  -0.00625
   0.76040	  -0.00599
   0.77056	  -0.00574
   0.78074	  -0.00549
   0.79092	  -0.00523
   0.80112	  -0.00498
   0.81130	  -0.00472
   0.82146	  -0.00447
   0.83158	  -0.00421
   0.84167	  -0.00396
   0.85173	  -0.00371
   0.86177	  -0.00346
   0.87181	  -0.00321
   0.88185	  -0.00296
   0.89192	  -0.00270
   0.90204	  -0.00245
   0.91222	  -0.00220
   0.92240	  -0.00194
   0.93256	  -0.00169
   0.94249	  -0.00144
   0.95200	  -0.00120
   0.96092	  -0.00098
   0.96919	  -0.00077
   0.97680	  -0.00058
   0.98381	  -0.00041
   0.99027	  -0.00024
   0.99625	  -0.00009
   1.00000	   0.00000
