GOE 502
   1.00000	   0.00000
   0.99557	   0.00177
   0.98867	   0.00448
   0.98142	   0.00726
   0.97379	   0.01012
   0.96575	   0.01306
   0.95728	   0.01608
   0.94834	   0.01917
   0.93892	   0.02233
   0.92900	   0.02558
   0.91860	   0.02891
   0.90778	   0.03234
   0.89660	   0.03587
   0.88521	   0.03948
   0.87371	   0.04312
   0.86221	   0.04674
   0.85080	   0.05030
   0.83950	   0.05377
   0.82834	   0.05714
   0.81729	   0.06040
   0.80633	   0.06354
   0.79539	   0.06658
   0.78441	   0.06951
   0.77331	   0.07237
   0.76205	   0.07519
   0.75057	   0.07797
   0.73885	   0.08075
   0.72688	   0.08352
   0.71467	   0.08630
   0.70229	   0.08908
   0.68981	   0.09187
   0.67737	   0.09464
   0.66504	   0.09735
   0.65290	   0.09998
   0.64097	   0.10250
   0.62926	   0.10490
   0.61775	   0.10718
   0.60639	   0.10934
   0.59515	   0.11138
   0.58397	   0.11330
   0.57279	   0.11512
   0.56158	   0.11684
   0.55029	   0.11847
   0.53891	   0.12003
   0.52743	   0.12151
   0.51585	   0.12293
   0.50419	   0.12428
   0.49249	   0.12556
   0.48078	   0.12677
   0.46912	   0.12790
   0.45754	   0.12894
   0.44607	   0.12988
   0.43473	   0.13071
   0.42351	   0.13144
   0.41242	   0.13206
   0.40145	   0.13256
   0.39058	   0.13295
   0.37980	   0.13321
   0.36909	   0.13336
   0.35845	   0.13338
   0.34785	   0.13329
   0.33731	   0.13308
   0.32682	   0.13274
   0.31639	   0.13228
   0.30601	   0.13170
   0.29570	   0.13100
   0.28547	   0.13017
   0.27533	   0.12921
   0.26528	   0.12814
   0.25535	   0.12694
   0.24552	   0.12562
   0.23580	   0.12417
   0.22620	   0.12261
   0.21669	   0.12091
   0.20729	   0.11910
   0.19799	   0.11715
   0.18877	   0.11508
   0.17964	   0.11288
   0.17059	   0.11057
   0.16166	   0.10816
   0.15289	   0.10569
   0.14432	   0.10317
   0.13600	   0.10064
   0.12798	   0.09809
   0.12031	   0.09553
   0.11300	   0.09298
   0.10607	   0.09043
   0.09950	   0.08789
   0.09331	   0.08536
   0.08746	   0.08286
   0.08195	   0.08037
   0.07674	   0.07789
   0.07182	   0.07542
   0.06717	   0.07295
   0.06274	   0.07050
   0.05854	   0.06807
   0.05455	   0.06568
   0.05077	   0.06333
   0.04718	   0.06104
   0.04380	   0.05881
   0.04060	   0.05664
   0.03760	   0.05454
   0.03478	   0.05248
   0.03213	   0.05048
   0.02964	   0.04851
   0.02730	   0.04658
   0.02510	   0.04468
   0.02302	   0.04281
   0.02107	   0.04096
   0.01922	   0.03912
   0.01748	   0.03730
   0.01583	   0.03549
   0.01428	   0.03369
   0.01282	   0.03191
   0.01144	   0.03013
   0.01014	   0.02837
   0.00893	   0.02663
   0.00780	   0.02492
   0.00675	   0.02323
   0.00578	   0.02157
   0.00490	   0.01994
   0.00409	   0.01833
   0.00337	   0.01675
   0.00271	   0.01520
   0.00213	   0.01367
   0.00161	   0.01215
   0.00117	   0.01066
   0.00080	   0.00918
   0.00049	   0.00772
   0.00025	   0.00628
   0.00007	   0.00484
  -0.00003	   0.00341
  -0.00007	   0.00199
  -0.00003	   0.00058
   0.00007	  -0.00083
   0.00025	  -0.00224
   0.00049	  -0.00365
   0.00081	  -0.00506
   0.00120	  -0.00646
   0.00165	  -0.00787
   0.00217	  -0.00927
   0.00276	  -0.01067
   0.00342	  -0.01207
   0.00416	  -0.01346
   0.00496	  -0.01485
   0.00585	  -0.01622
   0.00681	  -0.01759
   0.00784	  -0.01894
   0.00897	  -0.02027
   0.01017	  -0.02157
   0.01147	  -0.02285
   0.01285	  -0.02408
   0.01433	  -0.02526
   0.01590	  -0.02638
   0.01756	  -0.02744
   0.01931	  -0.02844
   0.02115	  -0.02939
   0.02309	  -0.03028
   0.02512	  -0.03111
   0.02724	  -0.03188
   0.02945	  -0.03261
   0.03177	  -0.03330
   0.03420	  -0.03394
   0.03674	  -0.03454
   0.03942	  -0.03512
   0.04224	  -0.03567
   0.04520	  -0.03621
   0.04833	  -0.03676
   0.05161	  -0.03733
   0.05506	  -0.03795
   0.05866	  -0.03860
   0.06243	  -0.03929
   0.06636	  -0.03998
   0.07046	  -0.04066
   0.07474	  -0.04130
   0.07924	  -0.04187
   0.08398	  -0.04234
   0.08902	  -0.04273
   0.09439	  -0.04304
   0.10015	  -0.04328
   0.10634	  -0.04345
   0.11296	  -0.04355
   0.12002	  -0.04359
   0.12750	  -0.04354
   0.13538	  -0.04340
   0.14360	  -0.04316
   0.15215	  -0.04282
   0.16103	  -0.04238
   0.17023	  -0.04183
   0.17979	  -0.04117
   0.18970	  -0.04039
   0.19997	  -0.03949
   0.21061	  -0.03846
   0.22159	  -0.03731
   0.23291	  -0.03604
   0.24454	  -0.03466
   0.25646	  -0.03319
   0.26863	  -0.03162
   0.28102	  -0.03000
   0.29360	  -0.02832
   0.30634	  -0.02662
   0.31921	  -0.02490
   0.33219	  -0.02318
   0.34524	  -0.02146
   0.35833	  -0.01974
   0.37142	  -0.01804
   0.38447	  -0.01635
   0.39745	  -0.01468
   0.41031	  -0.01304
   0.42304	  -0.01144
   0.43562	  -0.00988
   0.44804	  -0.00839
   0.46033	  -0.00695
   0.47249	  -0.00559
   0.48457	  -0.00430
   0.49661	  -0.00308
   0.50864	  -0.00194
   0.52073	  -0.00088
   0.53290	   0.00013
   0.54518	   0.00109
   0.55760	   0.00200
   0.57015	   0.00287
   0.58283	   0.00371
   0.59558	   0.00453
   0.60837	   0.00532
   0.62114	   0.00609
   0.63383	   0.00683
   0.64641	   0.00752
   0.65887	   0.00815
   0.67121	   0.00873
   0.68344	   0.00924
   0.69560	   0.00969
   0.70770	   0.01007
   0.71979	   0.01037
   0.73191	   0.01061
   0.74406	   0.01078
   0.75626	   0.01090
   0.76851	   0.01096
   0.78080	   0.01096
   0.79310	   0.01091
   0.80537	   0.01082
   0.81758	   0.01067
   0.82968	   0.01048
   0.84165	   0.01022
   0.85347	   0.00990
   0.86514	   0.00952
   0.87665	   0.00907
   0.88800	   0.00855
   0.89921	   0.00795
   0.91029	   0.00728
   0.92123	   0.00655
   0.93197	   0.00577
   0.94242	   0.00497
   0.95249	   0.00416
   0.96209	   0.00337
   0.97116	   0.00259
   0.97969	   0.00185
   0.98771	   0.00113
   0.99523	   0.00044
   1.00000	   0.00000
