GOE 370
   1.00000	   0.00000
   0.99709	   0.00070
   0.99245	   0.00180
   0.98743	   0.00297
   0.98198	   0.00423
   0.97603	   0.00558
   0.96950	   0.00704
   0.96232	   0.00860
   0.95448	   0.01027
   0.94604	   0.01202
   0.93761	   0.01373
   0.92934	   0.01536
   0.92108	   0.01697
   0.91270	   0.01856
   0.90416	   0.02016
   0.89552	   0.02175
   0.88701	   0.02331
   0.87860	   0.02483
   0.87024	   0.02632
   0.86190	   0.02780
   0.85356	   0.02926
   0.84519	   0.03071
   0.83679	   0.03216
   0.82833	   0.03361
   0.81980	   0.03505
   0.81121	   0.03650
   0.80255	   0.03794
   0.79384	   0.03939
   0.78514	   0.04082
   0.77647	   0.04224
   0.76781	   0.04365
   0.75916	   0.04504
   0.75051	   0.04643
   0.74185	   0.04781
   0.73317	   0.04918
   0.72447	   0.05054
   0.71575	   0.05189
   0.70702	   0.05323
   0.69829	   0.05456
   0.68959	   0.05588
   0.68090	   0.05717
   0.67222	   0.05845
   0.66356	   0.05970
   0.65491	   0.06091
   0.64626	   0.06210
   0.63762	   0.06325
   0.62898	   0.06436
   0.62035	   0.06543
   0.61170	   0.06645
   0.60306	   0.06743
   0.59440	   0.06835
   0.58573	   0.06922
   0.57704	   0.07004
   0.56835	   0.07082
   0.55963	   0.07156
   0.55090	   0.07226
   0.54215	   0.07292
   0.53339	   0.07355
   0.52462	   0.07416
   0.51583	   0.07473
   0.50704	   0.07529
   0.49824	   0.07583
   0.48945	   0.07635
   0.48066	   0.07685
   0.47188	   0.07733
   0.46311	   0.07777
   0.45435	   0.07819
   0.44560	   0.07856
   0.43687	   0.07889
   0.42815	   0.07917
   0.41945	   0.07939
   0.41075	   0.07957
   0.40207	   0.07968
   0.39339	   0.07973
   0.38472	   0.07971
   0.37605	   0.07964
   0.36738	   0.07950
   0.35870	   0.07931
   0.35003	   0.07906
   0.34134	   0.07876
   0.33265	   0.07841
   0.32395	   0.07801
   0.31525	   0.07756
   0.30653	   0.07707
   0.29780	   0.07654
   0.28906	   0.07596
   0.28031	   0.07534
   0.27155	   0.07468
   0.26279	   0.07396
   0.25403	   0.07319
   0.24526	   0.07237
   0.23651	   0.07149
   0.22778	   0.07056
   0.21906	   0.06956
   0.21039	   0.06850
   0.20175	   0.06739
   0.19317	   0.06621
   0.18465	   0.06496
   0.17620	   0.06364
   0.16780	   0.06223
   0.15944	   0.06072
   0.15109	   0.05911
   0.14273	   0.05736
   0.13431	   0.05548
   0.12584	   0.05347
   0.11734	   0.05133
   0.10885	   0.04908
   0.10046	   0.04676
   0.09228	   0.04438
   0.08431	   0.04196
   0.07641	   0.03944
   0.06831	   0.03671
   0.06038	   0.03387
   0.05247	   0.03083
   0.04501	   0.02776
   0.03892	   0.02512
   0.03356	   0.02271
   0.02825	   0.02024
   0.02214	   0.01730
   0.01721	   0.01476
   0.01136	   0.01143
   0.00796	   0.00931
   0.00585	   0.00785
   0.00430	   0.00668
   0.00310	   0.00567
   0.00215	   0.00477
   0.00140	   0.00396
   0.00081	   0.00320
   0.00038	   0.00249
   0.00008	   0.00182
  -0.00008	   0.00119
  -0.00011	   0.00058
   0.00000	  -0.00001
   0.00027	  -0.00058
   0.00069	  -0.00113
   0.00128	  -0.00168
   0.00204	  -0.00222
   0.00300	  -0.00277
   0.00421	  -0.00333
   0.00575	  -0.00390
   0.00779	  -0.00450
   0.01079	  -0.00516
   0.01642	  -0.00576
   0.02344	  -0.00550
   0.03034	  -0.00493
   0.03649	  -0.00445
   0.04301	  -0.00391
   0.05057	  -0.00316
   0.05911	  -0.00206
   0.06750	  -0.00079
   0.07607	   0.00058
   0.08459	   0.00196
   0.09304	   0.00336
   0.10151	   0.00482
   0.10997	   0.00638
   0.11842	   0.00799
   0.12685	   0.00961
   0.13525	   0.01120
   0.14363	   0.01274
   0.15203	   0.01417
   0.16046	   0.01549
   0.16894	   0.01671
   0.17748	   0.01786
   0.18610	   0.01895
   0.19479	   0.02000
   0.20353	   0.02103
   0.21231	   0.02204
   0.22108	   0.02303
   0.22984	   0.02400
   0.23860	   0.02495
   0.24736	   0.02587
   0.25615	   0.02676
   0.26494	   0.02762
   0.27372	   0.02844
   0.28248	   0.02922
   0.29122	   0.02996
   0.29993	   0.03066
   0.30864	   0.03131
   0.31732	   0.03191
   0.32601	   0.03247
   0.33468	   0.03298
   0.34336	   0.03344
   0.35203	   0.03386
   0.36071	   0.03422
   0.36939	   0.03453
   0.37808	   0.03479
   0.38677	   0.03499
   0.39547	   0.03515
   0.40417	   0.03524
   0.41288	   0.03528
   0.42159	   0.03527
   0.43032	   0.03521
   0.43904	   0.03510
   0.44777	   0.03495
   0.45651	   0.03475
   0.46526	   0.03451
   0.47401	   0.03424
   0.48276	   0.03394
   0.49152	   0.03360
   0.50029	   0.03323
   0.50907	   0.03284
   0.51786	   0.03242
   0.52665	   0.03198
   0.53546	   0.03152
   0.54427	   0.03104
   0.55309	   0.03055
   0.56191	   0.03004
   0.57074	   0.02953
   0.57957	   0.02901
   0.58840	   0.02848
   0.59723	   0.02796
   0.60606	   0.02743
   0.61488	   0.02690
   0.62368	   0.02637
   0.63248	   0.02584
   0.64127	   0.02530
   0.65004	   0.02475
   0.65880	   0.02419
   0.66756	   0.02362
   0.67631	   0.02303
   0.68506	   0.02242
   0.69381	   0.02180
   0.70257	   0.02115
   0.71134	   0.02047
   0.72014	   0.01978
   0.72895	   0.01906
   0.73773	   0.01833
   0.74650	   0.01759
   0.75524	   0.01684
   0.76397	   0.01608
   0.77270	   0.01531
   0.78143	   0.01454
   0.79019	   0.01376
   0.79897	   0.01298
   0.80775	   0.01221
   0.81647	   0.01145
   0.82510	   0.01070
   0.83366	   0.00997
   0.84215	   0.00925
   0.85059	   0.00856
   0.85898	   0.00789
   0.86736	   0.00724
   0.87576	   0.00661
   0.88420	   0.00601
   0.89273	   0.00542
   0.90141	   0.00486
   0.91016	   0.00433
   0.91871	   0.00383
   0.92712	   0.00337
   0.93547	   0.00294
   0.94393	   0.00252
   0.95261	   0.00209
   0.96084	   0.00171
   0.96836	   0.00136
   0.97519	   0.00105
   0.98139	   0.00078
   0.98704	   0.00054
   0.99223	   0.00032
   0.99701	   0.00012
   1.00000	   0.00000
