GOE 417A (GEW, PLATTE)
   1.00000	   0.00000
   0.99642	   0.00095
   0.99086	   0.00240
   0.98507	   0.00390
   0.97902	   0.00545
   0.97271	   0.00704
   0.96610	   0.00869
   0.95919	   0.01039
   0.95194	   0.01215
   0.94436	   0.01396
   0.93641	   0.01583
   0.92811	   0.01775
   0.91946	   0.01972
   0.91047	   0.02172
   0.90118	   0.02375
   0.89165	   0.02578
   0.88195	   0.02781
   0.87214	   0.02980
   0.86229	   0.03174
   0.85246	   0.03362
   0.84268	   0.03543
   0.83297	   0.03716
   0.82335	   0.03881
   0.81380	   0.04037
   0.80432	   0.04185
   0.79487	   0.04325
   0.78542	   0.04458
   0.77595	   0.04585
   0.76644	   0.04707
   0.75686	   0.04824
   0.74721	   0.04937
   0.73747	   0.05048
   0.72764	   0.05156
   0.71773	   0.05263
   0.70774	   0.05369
   0.69771	   0.05474
   0.68765	   0.05579
   0.67758	   0.05683
   0.66754	   0.05785
   0.65754	   0.05885
   0.64758	   0.05982
   0.63766	   0.06076
   0.62780	   0.06166
   0.61798	   0.06252
   0.60820	   0.06335
   0.59843	   0.06412
   0.58867	   0.06485
   0.57890	   0.06554
   0.56910	   0.06619
   0.55928	   0.06681
   0.54941	   0.06740
   0.53949	   0.06796
   0.52954	   0.06850
   0.51954	   0.06903
   0.50951	   0.06953
   0.49947	   0.07003
   0.48942	   0.07051
   0.47938	   0.07097
   0.46937	   0.07142
   0.45939	   0.07183
   0.44945	   0.07222
   0.43957	   0.07257
   0.42973	   0.07287
   0.41994	   0.07313
   0.41019	   0.07334
   0.40048	   0.07349
   0.39081	   0.07359
   0.38116	   0.07363
   0.37153	   0.07361
   0.36191	   0.07353
   0.35231	   0.07338
   0.34270	   0.07318
   0.33311	   0.07291
   0.32351	   0.07258
   0.31391	   0.07219
   0.30431	   0.07173
   0.29471	   0.07120
   0.28511	   0.07061
   0.27551	   0.06996
   0.26590	   0.06924
   0.25629	   0.06847
   0.24667	   0.06765
   0.23703	   0.06677
   0.22737	   0.06585
   0.21768	   0.06488
   0.20796	   0.06386
   0.19818	   0.06280
   0.18835	   0.06170
   0.17846	   0.06055
   0.16857	   0.05936
   0.15874	   0.05813
   0.14907	   0.05688
   0.13968	   0.05560
   0.13063	   0.05428
   0.12193	   0.05288
   0.11354	   0.05137
   0.10541	   0.04972
   0.09747	   0.04789
   0.08963	   0.04586
   0.08184	   0.04363
   0.07408	   0.04120
   0.06634	   0.03858
   0.05867	   0.03581
   0.05119	   0.03296
   0.04408	   0.03015
   0.03757	   0.02748
   0.03182	   0.02503
   0.02685	   0.02284
   0.02259	   0.02089
   0.01893	   0.01911
   0.01578	   0.01743
   0.01309	   0.01586
   0.01076	   0.01438
   0.00877	   0.01300
   0.00707	   0.01169
   0.00563	   0.01045
   0.00439	   0.00927
   0.00335	   0.00812
   0.00247	   0.00701
   0.00173	   0.00593
   0.00114	   0.00486
   0.00067	   0.00381
   0.00033	   0.00276
   0.00011	   0.00173
   0.00000	   0.00069
   0.00002	  -0.00034
   0.00014	  -0.00138
   0.00037	  -0.00242
   0.00070	  -0.00345
   0.00111	  -0.00448
   0.00161	  -0.00549
   0.00219	  -0.00649
   0.00285	  -0.00746
   0.00357	  -0.00841
   0.00438	  -0.00932
   0.00525	  -0.01019
   0.00619	  -0.01101
   0.00719	  -0.01177
   0.00827	  -0.01246
   0.00941	  -0.01306
   0.01062	  -0.01354
   0.01189	  -0.01389
   0.01323	  -0.01407
   0.01465	  -0.01406
   0.01616	  -0.01384
   0.01779	  -0.01340
   0.01957	  -0.01272
   0.02157	  -0.01179
   0.02386	  -0.01061
   0.02656	  -0.00919
   0.02985	  -0.00755
   0.03396	  -0.00563
   0.03907	  -0.00340
   0.04496	  -0.00099
   0.05118	   0.00146
   0.05765	   0.00398
   0.06454	   0.00663
   0.07196	   0.00939
   0.07975	   0.01219
   0.08752	   0.01480
   0.09508	   0.01713
   0.10247	   0.01914
   0.10987	   0.02089
   0.11747	   0.02244
   0.12542	   0.02387
   0.13386	   0.02521
   0.14289	   0.02652
   0.15252	   0.02784
   0.16250	   0.02920
   0.17244	   0.03053
   0.18244	   0.03183
   0.19232	   0.03307
   0.20198	   0.03423
   0.21146	   0.03531
   0.22082	   0.03631
   0.23013	   0.03725
   0.23942	   0.03814
   0.24873	   0.03896
   0.25806	   0.03973
   0.26746	   0.04045
   0.27692	   0.04112
   0.28645	   0.04173
   0.29605	   0.04229
   0.30571	   0.04279
   0.31541	   0.04323
   0.32512	   0.04361
   0.33485	   0.04393
   0.34457	   0.04419
   0.35428	   0.04438
   0.36397	   0.04452
   0.37365	   0.04460
   0.38332	   0.04461
   0.39299	   0.04457
   0.40266	   0.04447
   0.41235	   0.04430
   0.42207	   0.04409
   0.43183	   0.04382
   0.44164	   0.04351
   0.45150	   0.04315
   0.46141	   0.04276
   0.47137	   0.04234
   0.48138	   0.04188
   0.49142	   0.04141
   0.50147	   0.04093
   0.51152	   0.04043
   0.52156	   0.03992
   0.53156	   0.03940
   0.54152	   0.03885
   0.55143	   0.03828
   0.56130	   0.03769
   0.57113	   0.03707
   0.58092	   0.03641
   0.59068	   0.03571
   0.60044	   0.03497
   0.61019	   0.03418
   0.61997	   0.03334
   0.62979	   0.03247
   0.63965	   0.03156
   0.64956	   0.03061
   0.65952	   0.02963
   0.66953	   0.02863
   0.67958	   0.02760
   0.68966	   0.02657
   0.69974	   0.02553
   0.70980	   0.02449
   0.71982	   0.02344
   0.72977	   0.02238
   0.73965	   0.02130
   0.74944	   0.02019
   0.75913	   0.01904
   0.76874	   0.01785
   0.77826	   0.01661
   0.78771	   0.01531
   0.79709	   0.01394
   0.80641	   0.01250
   0.81569	   0.01099
   0.82495	   0.00944
   0.83418	   0.00788
   0.84338	   0.00634
   0.85255	   0.00483
   0.86166	   0.00339
   0.87071	   0.00204
   0.87966	   0.00080
   0.88848	  -0.00029
   0.89716	  -0.00123
   0.90567	  -0.00199
   0.91398	  -0.00259
   0.92207	  -0.00302
   0.92994	  -0.00331
   0.93757	  -0.00346
   0.94497	  -0.00348
   0.95213	  -0.00339
   0.95906	  -0.00320
   0.96577	  -0.00292
   0.97227	  -0.00256
   0.97856	  -0.00212
   0.98465	  -0.00162
   0.99055	  -0.00105
   0.99628	  -0.00044
   1.00000	   0.00000
