GOE 226 (MVA H,36)
   1.00000	   0.00100
   0.99595	   0.00237
   0.98952	   0.00453
   0.98263	   0.00684
   0.97522	   0.00930
   0.96725	   0.01193
   0.95868	   0.01474
   0.94953	   0.01772
   0.93985	   0.02084
   0.92976	   0.02408
   0.91939	   0.02740
   0.90887	   0.03078
   0.89829	   0.03420
   0.88769	   0.03767
   0.87708	   0.04116
   0.86646	   0.04467
   0.85585	   0.04818
   0.84524	   0.05169
   0.83463	   0.05518
   0.82404	   0.05864
   0.81346	   0.06205
   0.80290	   0.06541
   0.79236	   0.06871
   0.78185	   0.07193
   0.77137	   0.07508
   0.76092	   0.07816
   0.75050	   0.08116
   0.74009	   0.08409
   0.72969	   0.08694
   0.71929	   0.08972
   0.70887	   0.09244
   0.69842	   0.09508
   0.68791	   0.09766
   0.67733	   0.10018
   0.66666	   0.10265
   0.65590	   0.10507
   0.64505	   0.10744
   0.63412	   0.10976
   0.62314	   0.11203
   0.61213	   0.11426
   0.60113	   0.11642
   0.59020	   0.11853
   0.57938	   0.12056
   0.56870	   0.12250
   0.55817	   0.12434
   0.54780	   0.12607
   0.53758	   0.12770
   0.52747	   0.12921
   0.51745	   0.13061
   0.50748	   0.13189
   0.49753	   0.13306
   0.48753	   0.13411
   0.47744	   0.13505
   0.46721	   0.13590
   0.45681	   0.13665
   0.44621	   0.13733
   0.43542	   0.13794
   0.42444	   0.13848
   0.41330	   0.13897
   0.40208	   0.13940
   0.39087	   0.13980
   0.37977	   0.14016
   0.36886	   0.14045
   0.35819	   0.14066
   0.34778	   0.14078
   0.33762	   0.14080
   0.32769	   0.14071
   0.31797	   0.14050
   0.30840	   0.14017
   0.29896	   0.13971
   0.28959	   0.13910
   0.28025	   0.13836
   0.27089	   0.13746
   0.26150	   0.13642
   0.25206	   0.13524
   0.24257	   0.13390
   0.23304	   0.13242
   0.22350	   0.13079
   0.21399	   0.12904
   0.20458	   0.12717
   0.19532	   0.12520
   0.18627	   0.12314
   0.17749	   0.12101
   0.16897	   0.11879
   0.16071	   0.11647
   0.15266	   0.11403
   0.14478	   0.11146
   0.13703	   0.10874
   0.12936	   0.10585
   0.12176	   0.10282
   0.11425	   0.09964
   0.10688	   0.09634
   0.09968	   0.09297
   0.09274	   0.08956
   0.08610	   0.08615
   0.07980	   0.08275
   0.07386	   0.07937
   0.06826	   0.07601
   0.06299	   0.07268
   0.05803	   0.06939
   0.05336	   0.06614
   0.04897	   0.06295
   0.04485	   0.05982
   0.04098	   0.05676
   0.03736	   0.05381
   0.03399	   0.05099
   0.03087	   0.04829
   0.02797	   0.04575
   0.02529	   0.04335
   0.02282	   0.04109
   0.02053	   0.03896
   0.01841	   0.03692
   0.01645	   0.03495
   0.01463	   0.03304
   0.01294	   0.03118
   0.01137	   0.02936
   0.00991	   0.02758
   0.00857	   0.02584
   0.00734	   0.02416
   0.00622	   0.02253
   0.00519	   0.02094
   0.00427	   0.01940
   0.00344	   0.01790
   0.00269	   0.01644
   0.00203	   0.01502
   0.00145	   0.01362
   0.00094	   0.01226
   0.00051	   0.01093
   0.00016	   0.00962
  -0.00012	   0.00834
  -0.00033	   0.00708
  -0.00046	   0.00584
  -0.00052	   0.00461
  -0.00050	   0.00340
  -0.00040	   0.00220
  -0.00022	   0.00102
   0.00004	  -0.00016
   0.00039	  -0.00133
   0.00083	  -0.00249
   0.00136	  -0.00365
   0.00197	  -0.00480
   0.00267	  -0.00594
   0.00345	  -0.00708
   0.00432	  -0.00822
   0.00529	  -0.00935
   0.00634	  -0.01047
   0.00749	  -0.01158
   0.00874	  -0.01267
   0.01009	  -0.01374
   0.01153	  -0.01478
   0.01307	  -0.01578
   0.01471	  -0.01672
   0.01644	  -0.01760
   0.01828	  -0.01843
   0.02022	  -0.01920
   0.02228	  -0.01990
   0.02445	  -0.02056
   0.02674	  -0.02116
   0.02918	  -0.02172
   0.03177	  -0.02223
   0.03453	  -0.02269
   0.03749	  -0.02310
   0.04067	  -0.02346
   0.04409	  -0.02378
   0.04779	  -0.02404
   0.05177	  -0.02427
   0.05606	  -0.02447
   0.06066	  -0.02461
   0.06558	  -0.02469
   0.07081	  -0.02468
   0.07640	  -0.02454
   0.08241	  -0.02427
   0.08897	  -0.02384
   0.09619	  -0.02329
   0.10419	  -0.02266
   0.11290	  -0.02198
   0.12216	  -0.02127
   0.13173	  -0.02051
   0.14139	  -0.01970
   0.15106	  -0.01880
   0.16078	  -0.01780
   0.17064	  -0.01669
   0.18072	  -0.01547
   0.19108	  -0.01414
   0.20174	  -0.01270
   0.21268	  -0.01116
   0.22384	  -0.00954
   0.23516	  -0.00786
   0.24659	  -0.00612
   0.25808	  -0.00435
   0.26959	  -0.00257
   0.28111	  -0.00077
   0.29260	   0.00101
   0.30409	   0.00279
   0.31557	   0.00454
   0.32707	   0.00627
   0.33858	   0.00798
   0.35011	   0.00968
   0.36165	   0.01135
   0.37320	   0.01300
   0.38473	   0.01463
   0.39624	   0.01623
   0.40770	   0.01780
   0.41907	   0.01933
   0.43036	   0.02081
   0.44155	   0.02224
   0.45264	   0.02361
   0.46364	   0.02492
   0.47457	   0.02616
   0.48545	   0.02734
   0.49630	   0.02844
   0.50714	   0.02947
   0.51802	   0.03044
   0.52896	   0.03134
   0.53997	   0.03218
   0.55106	   0.03297
   0.56223	   0.03370
   0.57345	   0.03439
   0.58472	   0.03503
   0.59599	   0.03562
   0.60722	   0.03618
   0.61835	   0.03668
   0.62936	   0.03712
   0.64022	   0.03748
   0.65092	   0.03777
   0.66147	   0.03796
   0.67188	   0.03806
   0.68216	   0.03807
   0.69233	   0.03796
   0.70244	   0.03774
   0.71249	   0.03741
   0.72254	   0.03697
   0.73260	   0.03641
   0.74269	   0.03576
   0.75284	   0.03500
   0.76306	   0.03414
   0.77336	   0.03317
   0.78376	   0.03211
   0.79427	   0.03096
   0.80489	   0.02970
   0.81561	   0.02836
   0.82645	   0.02693
   0.83739	   0.02542
   0.84842	   0.02383
   0.85954	   0.02219
   0.87071	   0.02049
   0.88191	   0.01874
   0.89313	   0.01697
   0.90432	   0.01518
   0.91543	   0.01339
   0.92637	   0.01161
   0.93701	   0.00986
   0.94720	   0.00816
   0.95683	   0.00653
   0.96582	   0.00500
   0.97417	   0.00356
   0.98191	   0.00221
   0.98910	   0.00094
   0.99579	  -0.00025
   1.00000	  -0.00100
