GOE 436
   1.00000	   0.00000
   0.99635	   0.00083
   0.99053	   0.00216
   0.98426	   0.00358
   0.97747	   0.00511
   0.97013	   0.00676
   0.96218	   0.00854
   0.95364	   0.01044
   0.94458	   0.01245
   0.93515	   0.01452
   0.92553	   0.01661
   0.91588	   0.01868
   0.90629	   0.02070
   0.89678	   0.02266
   0.88733	   0.02457
   0.87789	   0.02643
   0.86843	   0.02827
   0.85893	   0.03009
   0.84936	   0.03190
   0.83972	   0.03369
   0.83000	   0.03549
   0.82020	   0.03730
   0.81033	   0.03911
   0.80040	   0.04093
   0.79046	   0.04275
   0.78053	   0.04457
   0.77063	   0.04638
   0.76078	   0.04817
   0.75099	   0.04992
   0.74127	   0.05163
   0.73161	   0.05331
   0.72201	   0.05494
   0.71245	   0.05652
   0.70291	   0.05804
   0.69339	   0.05952
   0.68384	   0.06095
   0.67427	   0.06233
   0.66464	   0.06368
   0.65495	   0.06500
   0.64519	   0.06630
   0.63537	   0.06758
   0.62548	   0.06883
   0.61554	   0.07008
   0.60556	   0.07132
   0.59556	   0.07254
   0.58557	   0.07376
   0.57561	   0.07496
   0.56569	   0.07613
   0.55583	   0.07727
   0.54603	   0.07837
   0.53629	   0.07943
   0.52661	   0.08045
   0.51697	   0.08142
   0.50738	   0.08233
   0.49780	   0.08319
   0.48822	   0.08400
   0.47863	   0.08476
   0.46901	   0.08547
   0.45936	   0.08614
   0.44965	   0.08677
   0.43989	   0.08737
   0.43008	   0.08794
   0.42023	   0.08847
   0.41033	   0.08899
   0.40040	   0.08948
   0.39045	   0.08995
   0.38051	   0.09040
   0.37058	   0.09082
   0.36068	   0.09120
   0.35083	   0.09154
   0.34103	   0.09184
   0.33128	   0.09209
   0.32161	   0.09228
   0.31200	   0.09242
   0.30247	   0.09249
   0.29301	   0.09250
   0.28363	   0.09244
   0.27432	   0.09231
   0.26510	   0.09209
   0.25596	   0.09179
   0.24690	   0.09139
   0.23792	   0.09090
   0.22902	   0.09030
   0.22019	   0.08959
   0.21145	   0.08877
   0.20279	   0.08783
   0.19420	   0.08677
   0.18569	   0.08559
   0.17723	   0.08429
   0.16882	   0.08288
   0.16043	   0.08134
   0.15201	   0.07967
   0.14353	   0.07786
   0.13495	   0.07590
   0.12628	   0.07378
   0.11762	   0.07153
   0.10911	   0.06917
   0.10096	   0.06679
   0.09331	   0.06443
   0.08622	   0.06207
   0.07957	   0.05967
   0.07318	   0.05712
   0.06685	   0.05434
   0.06045	   0.05134
   0.05408	   0.04825
   0.04805	   0.04530
   0.04266	   0.04265
   0.03797	   0.04026
   0.03387	   0.03805
   0.03024	   0.03597
   0.02699	   0.03395
   0.02404	   0.03197
   0.02134	   0.02998
   0.01883	   0.02799
   0.01651	   0.02602
   0.01438	   0.02410
   0.01244	   0.02226
   0.01068	   0.02051
   0.00911	   0.01888
   0.00771	   0.01735
   0.00647	   0.01590
   0.00538	   0.01454
   0.00440	   0.01324
   0.00355	   0.01200
   0.00279	   0.01080
   0.00214	   0.00965
   0.00157	   0.00854
   0.00109	   0.00745
   0.00069	   0.00640
   0.00036	   0.00536
   0.00012	   0.00435
  -0.00004	   0.00335
  -0.00013	   0.00237
  -0.00014	   0.00140
  -0.00006	   0.00043
   0.00010	  -0.00053
   0.00035	  -0.00149
   0.00069	  -0.00245
   0.00111	  -0.00342
   0.00162	  -0.00439
   0.00222	  -0.00536
   0.00292	  -0.00635
   0.00371	  -0.00735
   0.00460	  -0.00836
   0.00560	  -0.00939
   0.00671	  -0.01044
   0.00796	  -0.01150
   0.00934	  -0.01257
   0.01087	  -0.01365
   0.01254	  -0.01472
   0.01437	  -0.01576
   0.01634	  -0.01677
   0.01848	  -0.01771
   0.02078	  -0.01859
   0.02326	  -0.01938
   0.02592	  -0.02010
   0.02881	  -0.02075
   0.03197	  -0.02132
   0.03545	  -0.02180
   0.03933	  -0.02219
   0.04371	  -0.02250
   0.04868	  -0.02271
   0.05437	  -0.02285
   0.06083	  -0.02291
   0.06805	  -0.02289
   0.07594	  -0.02282
   0.08438	  -0.02273
   0.09329	  -0.02261
   0.10254	  -0.02245
   0.11204	  -0.02225
   0.12173	  -0.02202
   0.13155	  -0.02176
   0.14145	  -0.02148
   0.15140	  -0.02121
   0.16140	  -0.02095
   0.17143	  -0.02070
   0.18150	  -0.02045
   0.19161	  -0.02020
   0.20174	  -0.01996
   0.21189	  -0.01971
   0.22206	  -0.01946
   0.23223	  -0.01921
   0.24240	  -0.01895
   0.25257	  -0.01870
   0.26274	  -0.01844
   0.27291	  -0.01818
   0.28308	  -0.01793
   0.29325	  -0.01767
   0.30342	  -0.01741
   0.31359	  -0.01716
   0.32376	  -0.01690
   0.33392	  -0.01665
   0.34409	  -0.01639
   0.35425	  -0.01614
   0.36442	  -0.01589
   0.37459	  -0.01563
   0.38476	  -0.01538
   0.39493	  -0.01513
   0.40511	  -0.01487
   0.41528	  -0.01462
   0.42546	  -0.01436
   0.43564	  -0.01411
   0.44581	  -0.01386
   0.45599	  -0.01360
   0.46616	  -0.01335
   0.47634	  -0.01309
   0.48652	  -0.01284
   0.49669	  -0.01258
   0.50687	  -0.01233
   0.51704	  -0.01207
   0.52722	  -0.01182
   0.53739	  -0.01156
   0.54757	  -0.01131
   0.55774	  -0.01106
   0.56792	  -0.01080
   0.57809	  -0.01055
   0.58827	  -0.01029
   0.59844	  -0.01004
   0.60862	  -0.00978
   0.61879	  -0.00953
   0.62896	  -0.00928
   0.63913	  -0.00902
   0.64930	  -0.00877
   0.65946	  -0.00851
   0.66963	  -0.00826
   0.67980	  -0.00801
   0.68997	  -0.00775
   0.70014	  -0.00750
   0.71031	  -0.00724
   0.72048	  -0.00699
   0.73063	  -0.00673
   0.74078	  -0.00648
   0.75092	  -0.00623
   0.76106	  -0.00597
   0.77120	  -0.00572
   0.78134	  -0.00547
   0.79149	  -0.00521
   0.80166	  -0.00496
   0.81181	  -0.00470
   0.82194	  -0.00445
   0.83203	  -0.00420
   0.84209	  -0.00395
   0.85212	  -0.00370
   0.86213	  -0.00345
   0.87214	  -0.00320
   0.88215	  -0.00295
   0.89219	  -0.00270
   0.90228	  -0.00244
   0.91243	  -0.00219
   0.92259	  -0.00194
   0.93271	  -0.00168
   0.94261	  -0.00143
   0.95209	  -0.00120
   0.96099	  -0.00098
   0.96923	  -0.00077
   0.97683	  -0.00058
   0.98383	  -0.00040
   0.99028	  -0.00024
   0.99625	  -0.00009
   1.00000	   0.00000
