GOE 190 (MVA MK,18)
   1.00000	   0.00000
   0.99628	   0.00119
   0.99033	   0.00309
   0.98389	   0.00515
   0.97688	   0.00739
   0.96927	   0.00984
   0.96102	   0.01249
   0.95221	   0.01532
   0.94296	   0.01831
   0.93351	   0.02134
   0.92406	   0.02433
   0.91476	   0.02719
   0.90564	   0.02991
   0.89669	   0.03245
   0.88783	   0.03484
   0.87900	   0.03710
   0.87015	   0.03925
   0.86122	   0.04132
   0.85218	   0.04333
   0.84299	   0.04528
   0.83361	   0.04719
   0.82404	   0.04907
   0.81424	   0.05093
   0.80422	   0.05278
   0.79399	   0.05463
   0.78358	   0.05647
   0.77304	   0.05830
   0.76238	   0.06013
   0.75169	   0.06195
   0.74101	   0.06374
   0.73033	   0.06554
   0.71963	   0.06733
   0.70899	   0.06911
   0.69843	   0.07089
   0.68796	   0.07267
   0.67760	   0.07444
   0.66733	   0.07618
   0.65716	   0.07789
   0.64708	   0.07956
   0.63707	   0.08119
   0.62713	   0.08277
   0.61722	   0.08429
   0.60734	   0.08575
   0.59744	   0.08714
   0.58751	   0.08846
   0.57751	   0.08973
   0.56743	   0.09094
   0.55724	   0.09211
   0.54693	   0.09324
   0.53652	   0.09435
   0.52599	   0.09543
   0.51537	   0.09650
   0.50469	   0.09757
   0.49399	   0.09863
   0.48332	   0.09969
   0.47272	   0.10074
   0.46223	   0.10174
   0.45186	   0.10271
   0.44162	   0.10362
   0.43150	   0.10446
   0.42150	   0.10524
   0.41160	   0.10593
   0.40178	   0.10654
   0.39201	   0.10707
   0.38226	   0.10750
   0.37251	   0.10784
   0.36273	   0.10809
   0.35292	   0.10827
   0.34307	   0.10835
   0.33318	   0.10835
   0.32326	   0.10827
   0.31332	   0.10810
   0.30339	   0.10786
   0.29349	   0.10753
   0.28367	   0.10713
   0.27395	   0.10665
   0.26435	   0.10608
   0.25487	   0.10542
   0.24552	   0.10466
   0.23629	   0.10381
   0.22716	   0.10285
   0.21811	   0.10178
   0.20913	   0.10060
   0.20017	   0.09929
   0.19120	   0.09784
   0.18220	   0.09625
   0.17314	   0.09451
   0.16404	   0.09264
   0.15495	   0.09064
   0.14593	   0.08854
   0.13709	   0.08638
   0.12849	   0.08414
   0.12018	   0.08183
   0.11215	   0.07943
   0.10437	   0.07694
   0.09680	   0.07432
   0.08940	   0.07157
   0.08214	   0.06868
   0.07508	   0.06569
   0.06828	   0.06266
   0.06184	   0.05965
   0.05583	   0.05667
   0.05028	   0.05376
   0.04519	   0.05092
   0.04055	   0.04816
   0.03634	   0.04551
   0.03252	   0.04296
   0.02906	   0.04052
   0.02593	   0.03817
   0.02308	   0.03591
   0.02047	   0.03372
   0.01808	   0.03159
   0.01589	   0.02952
   0.01388	   0.02750
   0.01204	   0.02556
   0.01035	   0.02370
   0.00882	   0.02193
   0.00745	   0.02025
   0.00622	   0.01866
   0.00513	   0.01714
   0.00415	   0.01570
   0.00329	   0.01431
   0.00253	   0.01298
   0.00187	   0.01170
   0.00130	   0.01046
   0.00081	   0.00925
   0.00041	   0.00808
   0.00009	   0.00694
  -0.00016	   0.00583
  -0.00032	   0.00474
  -0.00040	   0.00367
  -0.00040	   0.00262
  -0.00031	   0.00159
  -0.00014	   0.00057
   0.00013	  -0.00045
   0.00049	  -0.00145
   0.00095	  -0.00245
   0.00151	  -0.00345
   0.00216	  -0.00444
   0.00291	  -0.00544
   0.00376	  -0.00644
   0.00472	  -0.00745
   0.00579	  -0.00846
   0.00699	  -0.00948
   0.00831	  -0.01050
   0.00977	  -0.01152
   0.01138	  -0.01253
   0.01313	  -0.01353
   0.01503	  -0.01449
   0.01708	  -0.01540
   0.01931	  -0.01627
   0.02172	  -0.01709
   0.02435	  -0.01786
   0.02721	  -0.01859
   0.03036	  -0.01931
   0.03385	  -0.02001
   0.03776	  -0.02069
   0.04216	  -0.02137
   0.04716	  -0.02205
   0.05287	  -0.02277
   0.05932	  -0.02355
   0.06650	  -0.02438
   0.07426	  -0.02525
   0.08241	  -0.02613
   0.09078	  -0.02697
   0.09926	  -0.02772
   0.10783	  -0.02832
   0.11654	  -0.02878
   0.12544	  -0.02910
   0.13455	  -0.02930
   0.14386	  -0.02938
   0.15332	  -0.02937
   0.16282	  -0.02926
   0.17228	  -0.02904
   0.18165	  -0.02871
   0.19089	  -0.02827
   0.20002	  -0.02770
   0.20908	  -0.02699
   0.21811	  -0.02616
   0.22717	  -0.02520
   0.23628	  -0.02412
   0.24548	  -0.02292
   0.25481	  -0.02161
   0.26428	  -0.02019
   0.27392	  -0.01866
   0.28374	  -0.01703
   0.29374	  -0.01531
   0.30392	  -0.01351
   0.31425	  -0.01165
   0.32471	  -0.00973
   0.33526	  -0.00776
   0.34586	  -0.00577
   0.35650	  -0.00375
   0.36714	  -0.00173
   0.37774	   0.00029
   0.38829	   0.00229
   0.39875	   0.00427
   0.40912	   0.00620
   0.41938	   0.00809
   0.42951	   0.00991
   0.43953	   0.01166
   0.44943	   0.01333
   0.45921	   0.01491
   0.46891	   0.01640
   0.47851	   0.01779
   0.48806	   0.01908
   0.49755	   0.02027
   0.50702	   0.02134
   0.51648	   0.02230
   0.52596	   0.02316
   0.53547	   0.02393
   0.54501	   0.02460
   0.55461	   0.02519
   0.56427	   0.02568
   0.57400	   0.02610
   0.58379	   0.02643
   0.59366	   0.02668
   0.60360	   0.02686
   0.61360	   0.02696
   0.62367	   0.02700
   0.63379	   0.02696
   0.64397	   0.02686
   0.65419	   0.02670
   0.66447	   0.02648
   0.67479	   0.02621
   0.68515	   0.02590
   0.69555	   0.02554
   0.70598	   0.02515
   0.71646	   0.02471
   0.72697	   0.02424
   0.73751	   0.02374
   0.74807	   0.02320
   0.75864	   0.02263
   0.76921	   0.02203
   0.77977	   0.02139
   0.79029	   0.02073
   0.80078	   0.02004
   0.81120	   0.01932
   0.82154	   0.01857
   0.83178	   0.01778
   0.84192	   0.01694
   0.85195	   0.01605
   0.86187	   0.01509
   0.87167	   0.01407
   0.88135	   0.01298
   0.89092	   0.01181
   0.90039	   0.01057
   0.90975	   0.00924
   0.91900	   0.00788
   0.92811	   0.00655
   0.93703	   0.00529
   0.94570	   0.00415
   0.95405	   0.00316
   0.96202	   0.00234
   0.96961	   0.00166
   0.97679	   0.00112
   0.98359	   0.00069
   0.99002	   0.00036
   0.99611	   0.00012
   1.00000	   0.00000
