GOE 391
   1.00000	   0.00000
   0.99708	   0.00060
   0.99243	   0.00155
   0.98740	   0.00256
   0.98193	   0.00366
   0.97595	   0.00484
   0.96939	   0.00612
   0.96218	   0.00750
   0.95430	   0.00900
   0.94586	   0.01057
   0.93747	   0.01210
   0.92924	   0.01358
   0.92099	   0.01503
   0.91262	   0.01648
   0.90406	   0.01792
   0.89549	   0.01934
   0.88705	   0.02071
   0.87871	   0.02203
   0.87043	   0.02331
   0.86216	   0.02456
   0.85389	   0.02579
   0.84559	   0.02699
   0.83725	   0.02818
   0.82884	   0.02935
   0.82037	   0.03051
   0.81183	   0.03165
   0.80323	   0.03278
   0.79456	   0.03390
   0.78586	   0.03499
   0.77714	   0.03607
   0.76843	   0.03711
   0.75972	   0.03813
   0.75100	   0.03912
   0.74226	   0.04009
   0.73354	   0.04102
   0.72483	   0.04192
   0.71615	   0.04278
   0.70748	   0.04361
   0.69882	   0.04441
   0.69017	   0.04516
   0.68153	   0.04589
   0.67288	   0.04658
   0.66423	   0.04724
   0.65557	   0.04787
   0.64691	   0.04848
   0.63823	   0.04906
   0.62954	   0.04963
   0.62084	   0.05017
   0.61212	   0.05070
   0.60339	   0.05121
   0.59466	   0.05170
   0.58591	   0.05218
   0.57716	   0.05265
   0.56840	   0.05310
   0.55964	   0.05353
   0.55089	   0.05395
   0.54213	   0.05435
   0.53337	   0.05473
   0.52462	   0.05509
   0.51588	   0.05543
   0.50714	   0.05575
   0.49841	   0.05605
   0.48969	   0.05633
   0.48098	   0.05659
   0.47228	   0.05682
   0.46358	   0.05703
   0.45490	   0.05721
   0.44623	   0.05736
   0.43756	   0.05748
   0.42890	   0.05756
   0.42023	   0.05762
   0.41157	   0.05763
   0.40290	   0.05761
   0.39422	   0.05756
   0.38553	   0.05746
   0.37682	   0.05733
   0.36809	   0.05717
   0.35934	   0.05698
   0.35058	   0.05677
   0.34180	   0.05653
   0.33302	   0.05627
   0.32424	   0.05600
   0.31547	   0.05572
   0.30670	   0.05543
   0.29791	   0.05513
   0.28915	   0.05483
   0.28043	   0.05451
   0.27174	   0.05418
   0.26310	   0.05382
   0.25451	   0.05344
   0.24595	   0.05302
   0.23743	   0.05255
   0.22893	   0.05203
   0.22046	   0.05146
   0.21198	   0.05082
   0.20349	   0.05011
   0.19497	   0.04932
   0.18640	   0.04846
   0.17777	   0.04752
   0.16908	   0.04654
   0.16036	   0.04552
   0.15163	   0.04449
   0.14294	   0.04347
   0.13435	   0.04243
   0.12587	   0.04135
   0.11752	   0.04021
   0.10927	   0.03897
   0.10109	   0.03760
   0.09293	   0.03607
   0.08473	   0.03439
   0.07641	   0.03261
   0.06794	   0.03074
   0.05954	   0.02875
   0.05129	   0.02657
   0.04400	   0.02438
   0.03767	   0.02233
   0.03178	   0.02036
   0.02558	   0.01829
   0.01889	   0.01600
   0.01252	   0.01306
   0.00895	   0.01093
   0.00668	   0.00938
   0.00501	   0.00810
   0.00371	   0.00699
   0.00267	   0.00600
   0.00183	   0.00510
   0.00116	   0.00426
   0.00063	   0.00348
   0.00024	   0.00275
  -0.00003	   0.00205
  -0.00017	   0.00140
  -0.00018	   0.00077
  -0.00006	   0.00017
   0.00020	  -0.00040
   0.00061	  -0.00096
   0.00118	  -0.00149
   0.00192	  -0.00202
   0.00285	  -0.00254
   0.00400	  -0.00305
   0.00546	  -0.00356
   0.00734	  -0.00408
   0.00995	  -0.00461
   0.01422	  -0.00509
   0.02159	  -0.00492
   0.02859	  -0.00429
   0.03470	  -0.00386
   0.04113	  -0.00349
   0.04865	  -0.00308
   0.05711	  -0.00256
   0.06527	  -0.00200
   0.07369	  -0.00140
   0.08228	  -0.00078
   0.09075	  -0.00019
   0.09928	   0.00036
   0.10791	   0.00085
   0.11662	   0.00128
   0.12536	   0.00167
   0.13413	   0.00202
   0.14290	   0.00235
   0.15166	   0.00266
   0.16042	   0.00296
   0.16918	   0.00325
   0.17793	   0.00353
   0.18669	   0.00381
   0.19544	   0.00407
   0.20419	   0.00432
   0.21295	   0.00456
   0.22170	   0.00478
   0.23045	   0.00499
   0.23920	   0.00519
   0.24795	   0.00537
   0.25670	   0.00555
   0.26544	   0.00571
   0.27419	   0.00585
   0.28294	   0.00598
   0.29169	   0.00610
   0.30044	   0.00620
   0.30919	   0.00630
   0.31794	   0.00637
   0.32670	   0.00644
   0.33546	   0.00649
   0.34422	   0.00653
   0.35299	   0.00657
   0.36176	   0.00659
   0.37053	   0.00660
   0.37930	   0.00661
   0.38808	   0.00661
   0.39685	   0.00660
   0.40563	   0.00659
   0.41441	   0.00657
   0.42318	   0.00655
   0.43195	   0.00652
   0.44072	   0.00648
   0.44949	   0.00643
   0.45826	   0.00638
   0.46702	   0.00632
   0.47578	   0.00625
   0.48454	   0.00617
   0.49330	   0.00608
   0.50206	   0.00598
   0.51082	   0.00586
   0.51959	   0.00574
   0.52835	   0.00561
   0.53712	   0.00548
   0.54589	   0.00533
   0.55467	   0.00519
   0.56345	   0.00504
   0.57223	   0.00488
   0.58101	   0.00473
   0.58979	   0.00458
   0.59858	   0.00442
   0.60736	   0.00427
   0.61614	   0.00413
   0.62491	   0.00398
   0.63368	   0.00384
   0.64245	   0.00370
   0.65121	   0.00356
   0.65997	   0.00342
   0.66873	   0.00328
   0.67750	   0.00315
   0.68627	   0.00301
   0.69504	   0.00288
   0.70383	   0.00274
   0.71260	   0.00261
   0.72136	   0.00247
   0.73009	   0.00234
   0.73881	   0.00220
   0.74751	   0.00206
   0.75620	   0.00193
   0.76489	   0.00179
   0.77358	   0.00165
   0.78228	   0.00150
   0.79101	   0.00135
   0.79978	   0.00120
   0.80853	   0.00105
   0.81721	   0.00090
   0.82581	   0.00075
   0.83435	   0.00060
   0.84281	   0.00046
   0.85123	   0.00033
   0.85961	   0.00021
   0.86798	   0.00009
   0.87636	  -0.00001
   0.88480	  -0.00009
   0.89333	  -0.00016
   0.90200	  -0.00021
   0.91069	  -0.00024
   0.91918	  -0.00025
   0.92752	  -0.00025
   0.93582	  -0.00024
   0.94423	  -0.00022
   0.95287	  -0.00019
   0.96105	  -0.00016
   0.96852	  -0.00014
   0.97531	  -0.00011
   0.98147	  -0.00009
   0.98710	  -0.00006
   0.99226	  -0.00004
   0.99702	  -0.00001
   1.00000	   0.00000
