GOE 336 (MVA H,44)
   1.00000	   0.00150
   0.99659	   0.00228
   0.99114	   0.00352
   0.98527	   0.00484
   0.97889	   0.00626
   0.97195	   0.00779
   0.96440	   0.00943
   0.95620	   0.01118
   0.94739	   0.01303
   0.93810	   0.01495
   0.92865	   0.01688
   0.91926	   0.01876
   0.90982	   0.02064
   0.90032	   0.02251
   0.89091	   0.02435
   0.88159	   0.02617
   0.87233	   0.02796
   0.86310	   0.02973
   0.85389	   0.03147
   0.84467	   0.03320
   0.83544	   0.03491
   0.82618	   0.03661
   0.81690	   0.03828
   0.80757	   0.03994
   0.79821	   0.04157
   0.78882	   0.04317
   0.77940	   0.04476
   0.76995	   0.04633
   0.76049	   0.04788
   0.75101	   0.04943
   0.74152	   0.05097
   0.73203	   0.05251
   0.72254	   0.05405
   0.71306	   0.05560
   0.70358	   0.05715
   0.69411	   0.05872
   0.68466	   0.06031
   0.67523	   0.06189
   0.66581	   0.06349
   0.65640	   0.06507
   0.64702	   0.06665
   0.63764	   0.06821
   0.62828	   0.06975
   0.61893	   0.07126
   0.60959	   0.07274
   0.60026	   0.07419
   0.59092	   0.07560
   0.58158	   0.07697
   0.57224	   0.07831
   0.56289	   0.07960
   0.55353	   0.08087
   0.54416	   0.08209
   0.53477	   0.08329
   0.52538	   0.08446
   0.51596	   0.08559
   0.50653	   0.08669
   0.49709	   0.08777
   0.48763	   0.08882
   0.47815	   0.08983
   0.46865	   0.09081
   0.45915	   0.09176
   0.44964	   0.09266
   0.44014	   0.09353
   0.43065	   0.09435
   0.42118	   0.09512
   0.41175	   0.09584
   0.40236	   0.09650
   0.39304	   0.09711
   0.38380	   0.09766
   0.37464	   0.09814
   0.36557	   0.09855
   0.35658	   0.09888
   0.34767	   0.09913
   0.33883	   0.09929
   0.33004	   0.09936
   0.32128	   0.09933
   0.31254	   0.09920
   0.30378	   0.09896
   0.29498	   0.09860
   0.28611	   0.09812
   0.27713	   0.09753
   0.26802	   0.09681
   0.25878	   0.09598
   0.24940	   0.09503
   0.23991	   0.09399
   0.23033	   0.09284
   0.22072	   0.09162
   0.21115	   0.09034
   0.20171	   0.08902
   0.19248	   0.08768
   0.18353	   0.08633
   0.17484	   0.08493
   0.16637	   0.08347
   0.15804	   0.08192
   0.14972	   0.08024
   0.14127	   0.07838
   0.13253	   0.07630
   0.12346	   0.07399
   0.11416	   0.07147
   0.10499	   0.06887
   0.09641	   0.06635
   0.08869	   0.06397
   0.08170	   0.06161
   0.07511	   0.05913
   0.06851	   0.05633
   0.06149	   0.05306
   0.05407	   0.04944
   0.04713	   0.04603
   0.04141	   0.04320
   0.03676	   0.04074
   0.03284	   0.03847
   0.02943	   0.03624
   0.02637	   0.03397
   0.02357	   0.03155
   0.02088	   0.02887
   0.01820	   0.02596
   0.01557	   0.02302
   0.01311	   0.02034
   0.01091	   0.01805
   0.00901	   0.01611
   0.00739	   0.01443
   0.00600	   0.01294
   0.00481	   0.01159
   0.00379	   0.01035
   0.00291	   0.00919
   0.00216	   0.00810
   0.00152	   0.00706
   0.00099	   0.00607
   0.00057	   0.00511
   0.00024	   0.00417
   0.00001	   0.00327
  -0.00013	   0.00238
  -0.00017	   0.00150
  -0.00011	   0.00064
   0.00005	  -0.00023
   0.00033	  -0.00109
   0.00071	  -0.00195
   0.00119	  -0.00281
   0.00178	  -0.00367
   0.00248	  -0.00454
   0.00330	  -0.00541
   0.00424	  -0.00629
   0.00531	  -0.00716
   0.00652	  -0.00804
   0.00790	  -0.00890
   0.00946	  -0.00974
   0.01123	  -0.01053
   0.01324	  -0.01123
   0.01553	  -0.01178
   0.01817	  -0.01216
   0.02130	  -0.01233
   0.02508	  -0.01235
   0.02971	  -0.01236
   0.03527	  -0.01240
   0.04150	  -0.01240
   0.04798	  -0.01228
   0.05456	  -0.01194
   0.06147	  -0.01135
   0.06902	  -0.01051
   0.07739	  -0.00944
   0.08639	  -0.00823
   0.09553	  -0.00700
   0.10458	  -0.00582
   0.11359	  -0.00472
   0.12263	  -0.00367
   0.13177	  -0.00267
   0.14104	  -0.00170
   0.15044	  -0.00076
   0.15993	   0.00017
   0.16946	   0.00106
   0.17899	   0.00192
   0.18850	   0.00275
   0.19796	   0.00354
   0.20738	   0.00428
   0.21677	   0.00499
   0.22612	   0.00565
   0.23546	   0.00628
   0.24478	   0.00685
   0.25409	   0.00739
   0.26340	   0.00787
   0.27270	   0.00831
   0.28201	   0.00870
   0.29132	   0.00904
   0.30064	   0.00932
   0.30997	   0.00955
   0.31932	   0.00973
   0.32867	   0.00985
   0.33805	   0.00993
   0.34744	   0.00996
   0.35685	   0.00995
   0.36627	   0.00990
   0.37572	   0.00980
   0.38518	   0.00967
   0.39466	   0.00951
   0.40416	   0.00931
   0.41368	   0.00908
   0.42321	   0.00882
   0.43276	   0.00853
   0.44233	   0.00822
   0.45190	   0.00788
   0.46149	   0.00752
   0.47109	   0.00714
   0.48070	   0.00675
   0.49032	   0.00633
   0.49994	   0.00590
   0.50957	   0.00546
   0.51919	   0.00500
   0.52882	   0.00454
   0.53845	   0.00407
   0.54808	   0.00360
   0.55770	   0.00313
   0.56733	   0.00266
   0.57695	   0.00219
   0.58658	   0.00173
   0.59621	   0.00128
   0.60585	   0.00083
   0.61549	   0.00040
   0.62515	  -0.00003
   0.63481	  -0.00045
   0.64448	  -0.00087
   0.65416	  -0.00129
   0.66384	  -0.00170
   0.67352	  -0.00212
   0.68320	  -0.00255
   0.69286	  -0.00298
   0.70251	  -0.00341
   0.71213	  -0.00386
   0.72172	  -0.00430
   0.73127	  -0.00474
   0.74079	  -0.00517
   0.75026	  -0.00558
   0.75971	  -0.00596
   0.76911	  -0.00631
   0.77849	  -0.00663
   0.78785	  -0.00691
   0.79720	  -0.00714
   0.80654	  -0.00732
   0.81589	  -0.00745
   0.82526	  -0.00753
   0.83465	  -0.00758
   0.84407	  -0.00758
   0.85352	  -0.00756
   0.86301	  -0.00750
   0.87254	  -0.00742
   0.88211	  -0.00732
   0.89171	  -0.00721
   0.90135	  -0.00708
   0.91100	  -0.00695
   0.92063	  -0.00678
   0.93015	  -0.00655
   0.93943	  -0.00626
   0.94834	  -0.00588
   0.95677	  -0.00543
   0.96466	  -0.00491
   0.97200	  -0.00435
   0.97881	  -0.00376
   0.98513	  -0.00315
   0.99102	  -0.00254
   0.99652	  -0.00192
   1.00000	  -0.00150
