GOE 81
   1.00000	   0.00135
   0.99659	   0.00234
   0.99118	   0.00387
   0.98538	   0.00547
   0.97916	   0.00714
   0.97246	   0.00889
   0.96524	   0.01069
   0.95749	   0.01256
   0.94920	   0.01447
   0.94044	   0.01640
   0.93134	   0.01833
   0.92201	   0.02025
   0.91258	   0.02217
   0.90314	   0.02409
   0.89373	   0.02604
   0.88433	   0.02802
   0.87495	   0.03003
   0.86557	   0.03207
   0.85618	   0.03412
   0.84678	   0.03619
   0.83736	   0.03826
   0.82792	   0.04033
   0.81845	   0.04239
   0.80896	   0.04443
   0.79946	   0.04645
   0.78993	   0.04844
   0.78039	   0.05039
   0.77085	   0.05231
   0.76130	   0.05419
   0.75175	   0.05604
   0.74219	   0.05786
   0.73263	   0.05964
   0.72307	   0.06138
   0.71349	   0.06310
   0.70391	   0.06478
   0.69429	   0.06643
   0.68465	   0.06805
   0.67498	   0.06965
   0.66527	   0.07122
   0.65552	   0.07277
   0.64574	   0.07430
   0.63592	   0.07582
   0.62609	   0.07731
   0.61624	   0.07878
   0.60641	   0.08024
   0.59659	   0.08167
   0.58682	   0.08309
   0.57711	   0.08447
   0.56746	   0.08581
   0.55789	   0.08710
   0.54838	   0.08834
   0.53895	   0.08953
   0.52957	   0.09065
   0.52024	   0.09170
   0.51095	   0.09268
   0.50167	   0.09359
   0.49238	   0.09442
   0.48306	   0.09518
   0.47370	   0.09587
   0.46428	   0.09649
   0.45479	   0.09706
   0.44523	   0.09758
   0.43559	   0.09805
   0.42588	   0.09847
   0.41612	   0.09886
   0.40632	   0.09921
   0.39651	   0.09953
   0.38672	   0.09983
   0.37697	   0.10009
   0.36728	   0.10032
   0.35768	   0.10049
   0.34815	   0.10061
   0.33870	   0.10068
   0.32933	   0.10068
   0.32001	   0.10061
   0.31074	   0.10047
   0.30148	   0.10026
   0.29223	   0.09996
   0.28294	   0.09957
   0.27361	   0.09909
   0.26422	   0.09852
   0.25478	   0.09784
   0.24530	   0.09707
   0.23582	   0.09619
   0.22635	   0.09521
   0.21696	   0.09414
   0.20769	   0.09298
   0.19860	   0.09173
   0.18975	   0.09042
   0.18115	   0.08904
   0.17277	   0.08758
   0.16454	   0.08603
   0.15636	   0.08435
   0.14808	   0.08251
   0.13953	   0.08046
   0.13050	   0.07813
   0.12098	   0.07555
   0.11148	   0.07286
   0.10204	   0.07013
   0.09351	   0.06763
   0.08610	   0.06533
   0.07947	   0.06306
   0.07326	   0.06064
   0.06706	   0.05789
   0.06056	   0.05472
   0.05369	   0.05118
   0.04700	   0.04768
   0.04117	   0.04459
   0.03628	   0.04187
   0.03210	   0.03936
   0.02843	   0.03695
   0.02512	   0.03454
   0.02207	   0.03204
   0.01917	   0.02942
   0.01639	   0.02673
   0.01380	   0.02414
   0.01147	   0.02176
   0.00942	   0.01964
   0.00766	   0.01775
   0.00616	   0.01605
   0.00487	   0.01449
   0.00376	   0.01305
   0.00282	   0.01170
   0.00202	   0.01043
   0.00134	   0.00922
   0.00078	   0.00807
   0.00033	   0.00697
  -0.00001	   0.00590
  -0.00026	   0.00486
  -0.00040	   0.00386
  -0.00045	   0.00288
  -0.00041	   0.00192
  -0.00026	   0.00098
  -0.00002	   0.00005
   0.00034	  -0.00087
   0.00079	  -0.00178
   0.00134	  -0.00267
   0.00199	  -0.00355
   0.00273	  -0.00440
   0.00356	  -0.00524
   0.00448	  -0.00605
   0.00550	  -0.00682
   0.00660	  -0.00755
   0.00780	  -0.00823
   0.00909	  -0.00884
   0.01048	  -0.00936
   0.01197	  -0.00977
   0.01355	  -0.01002
   0.01523	  -0.01010
   0.01705	  -0.01000
   0.01903	  -0.00970
   0.02122	  -0.00922
   0.02371	  -0.00855
   0.02658	  -0.00778
   0.02996	  -0.00695
   0.03399	  -0.00606
   0.03877	  -0.00511
   0.04426	  -0.00410
   0.05030	  -0.00302
   0.05681	  -0.00181
   0.06387	  -0.00046
   0.07155	   0.00101
   0.07984	   0.00253
   0.08855	   0.00403
   0.09749	   0.00548
   0.10657	   0.00686
   0.11580	   0.00820
   0.12520	   0.00950
   0.13476	   0.01079
   0.14444	   0.01208
   0.15419	   0.01337
   0.16392	   0.01467
   0.17355	   0.01593
   0.18307	   0.01714
   0.19246	   0.01828
   0.20173	   0.01934
   0.21093	   0.02031
   0.22007	   0.02119
   0.22920	   0.02199
   0.23833	   0.02272
   0.24747	   0.02338
   0.25666	   0.02397
   0.26589	   0.02450
   0.27519	   0.02497
   0.28454	   0.02537
   0.29397	   0.02571
   0.30346	   0.02599
   0.31301	   0.02622
   0.32261	   0.02639
   0.33227	   0.02651
   0.34196	   0.02658
   0.35170	   0.02661
   0.36147	   0.02660
   0.37127	   0.02655
   0.38110	   0.02647
   0.39096	   0.02637
   0.40084	   0.02625
   0.41074	   0.02610
   0.42067	   0.02595
   0.43062	   0.02577
   0.44058	   0.02559
   0.45056	   0.02540
   0.46056	   0.02521
   0.47056	   0.02501
   0.48056	   0.02480
   0.49057	   0.02460
   0.50057	   0.02440
   0.51056	   0.02421
   0.52052	   0.02402
   0.53047	   0.02382
   0.54039	   0.02362
   0.55028	   0.02341
   0.56015	   0.02319
   0.56999	   0.02295
   0.57981	   0.02269
   0.58960	   0.02241
   0.59939	   0.02210
   0.60916	   0.02177
   0.61894	   0.02140
   0.62871	   0.02101
   0.63850	   0.02059
   0.64830	   0.02015
   0.65812	   0.01969
   0.66796	   0.01921
   0.67783	   0.01871
   0.68773	   0.01819
   0.69766	   0.01767
   0.70762	   0.01713
   0.71762	   0.01658
   0.72764	   0.01603
   0.73764	   0.01546
   0.74763	   0.01490
   0.75760	   0.01433
   0.76756	   0.01376
   0.77753	   0.01319
   0.78753	   0.01262
   0.79754	   0.01205
   0.80752	   0.01149
   0.81743	   0.01093
   0.82727	   0.01037
   0.83703	   0.00981
   0.84673	   0.00924
   0.85637	   0.00867
   0.86597	   0.00809
   0.87556	   0.00749
   0.88516	   0.00687
   0.89483	   0.00623
   0.90459	   0.00556
   0.91450	   0.00485
   0.92449	   0.00411
   0.93448	   0.00337
   0.94431	   0.00264
   0.95369	   0.00195
   0.96245	   0.00131
   0.97050	   0.00073
   0.97786	   0.00020
   0.98458	  -0.00028
   0.99076	  -0.00071
   0.99644	  -0.00110
   1.00000	  -0.00135
