GOE 780
   1.00000	   0.00000
   0.99700	   0.00044
   0.99223	   0.00115
   0.98706	   0.00193
   0.98145	   0.00280
   0.97532	   0.00377
   0.96859	   0.00486
   0.96122	   0.00608
   0.95318	   0.00745
   0.94465	   0.00894
   0.93628	   0.01043
   0.92804	   0.01193
   0.91977	   0.01343
   0.91138	   0.01496
   0.90281	   0.01650
   0.89422	   0.01802
   0.88577	   0.01949
   0.87740	   0.02092
   0.86909	   0.02232
   0.86080	   0.02371
   0.85251	   0.02509
   0.84419	   0.02648
   0.83583	   0.02787
   0.82741	   0.02928
   0.81894	   0.03072
   0.81041	   0.03218
   0.80182	   0.03368
   0.79318	   0.03521
   0.78452	   0.03678
   0.77585	   0.03836
   0.76720	   0.03996
   0.75856	   0.04156
   0.74990	   0.04315
   0.74124	   0.04475
   0.73257	   0.04633
   0.72391	   0.04788
   0.71527	   0.04940
   0.70665	   0.05088
   0.69804	   0.05232
   0.68944	   0.05372
   0.68084	   0.05506
   0.67224	   0.05635
   0.66365	   0.05759
   0.65505	   0.05877
   0.64644	   0.05990
   0.63784	   0.06098
   0.62922	   0.06200
   0.62060	   0.06296
   0.61196	   0.06386
   0.60332	   0.06470
   0.59467	   0.06547
   0.58601	   0.06618
   0.57734	   0.06682
   0.56866	   0.06741
   0.55998	   0.06793
   0.55129	   0.06840
   0.54259	   0.06881
   0.53389	   0.06916
   0.52518	   0.06945
   0.51647	   0.06969
   0.50775	   0.06988
   0.49904	   0.07001
   0.49032	   0.07010
   0.48160	   0.07013
   0.47288	   0.07011
   0.46416	   0.07004
   0.45544	   0.06993
   0.44672	   0.06976
   0.43801	   0.06954
   0.42929	   0.06927
   0.42058	   0.06895
   0.41187	   0.06858
   0.40316	   0.06816
   0.39445	   0.06770
   0.38575	   0.06718
   0.37705	   0.06662
   0.36835	   0.06601
   0.35965	   0.06537
   0.35096	   0.06468
   0.34226	   0.06396
   0.33355	   0.06320
   0.32485	   0.06241
   0.31614	   0.06159
   0.30742	   0.06074
   0.29870	   0.05987
   0.28996	   0.05897
   0.28121	   0.05804
   0.27245	   0.05709
   0.26369	   0.05610
   0.25494	   0.05509
   0.24621	   0.05406
   0.23748	   0.05299
   0.22875	   0.05188
   0.22001	   0.05074
   0.21128	   0.04957
   0.20258	   0.04837
   0.19394	   0.04713
   0.18535	   0.04586
   0.17681	   0.04454
   0.16832	   0.04318
   0.15985	   0.04175
   0.15138	   0.04025
   0.14284	   0.03866
   0.13423	   0.03699
   0.12568	   0.03528
   0.11721	   0.03355
   0.10874	   0.03180
   0.10017	   0.03003
   0.09169	   0.02831
   0.08344	   0.02665
   0.07513	   0.02503
   0.06686	   0.02344
   0.05912	   0.02193
   0.05111	   0.02025
   0.04374	   0.01853
   0.03799	   0.01705
   0.03297	   0.01562
   0.02796	   0.01403
   0.02191	   0.01183
   0.01707	   0.00988
   0.01108	   0.00742
   0.00762	   0.00595
   0.00551	   0.00496
   0.00399	   0.00415
   0.00281	   0.00343
   0.00190	   0.00277
   0.00119	   0.00215
   0.00066	   0.00156
   0.00028	   0.00098
   0.00006	   0.00040
  -0.00000	  -0.00017
   0.00009	  -0.00075
   0.00032	  -0.00135
   0.00071	  -0.00196
   0.00126	  -0.00261
   0.00197	  -0.00329
   0.00289	  -0.00402
   0.00406	  -0.00482
   0.00558	  -0.00573
   0.00766	  -0.00683
   0.01096	  -0.00835
   0.01715	  -0.01076
   0.02265	  -0.01241
   0.02902	  -0.01392
   0.03441	  -0.01502
   0.04002	  -0.01609
   0.04665	  -0.01734
   0.05481	  -0.01899
   0.06292	  -0.02070
   0.07125	  -0.02235
   0.07913	  -0.02363
   0.08691	  -0.02461
   0.09499	  -0.02548
   0.10353	  -0.02638
   0.11217	  -0.02737
   0.12065	  -0.02840
   0.12914	  -0.02945
   0.13773	  -0.03052
   0.14643	  -0.03158
   0.15505	  -0.03258
   0.16361	  -0.03351
   0.17216	  -0.03440
   0.18074	  -0.03524
   0.18937	  -0.03605
   0.19806	  -0.03683
   0.20681	  -0.03759
   0.21559	  -0.03832
   0.22435	  -0.03902
   0.23311	  -0.03970
   0.24186	  -0.04035
   0.25061	  -0.04097
   0.25938	  -0.04157
   0.26816	  -0.04214
   0.27696	  -0.04269
   0.28575	  -0.04321
   0.29452	  -0.04370
   0.30328	  -0.04417
   0.31203	  -0.04462
   0.32077	  -0.04504
   0.32951	  -0.04544
   0.33826	  -0.04582
   0.34700	  -0.04618
   0.35576	  -0.04652
   0.36452	  -0.04684
   0.37329	  -0.04715
   0.38206	  -0.04744
   0.39085	  -0.04772
   0.39964	  -0.04799
   0.40844	  -0.04825
   0.41724	  -0.04849
   0.42604	  -0.04872
   0.43484	  -0.04893
   0.44364	  -0.04914
   0.45244	  -0.04932
   0.46124	  -0.04949
   0.47003	  -0.04964
   0.47883	  -0.04977
   0.48761	  -0.04988
   0.49639	  -0.04997
   0.50517	  -0.05004
   0.51394	  -0.05008
   0.52270	  -0.05010
   0.53146	  -0.05010
   0.54022	  -0.05007
   0.54897	  -0.05001
   0.55771	  -0.04992
   0.56646	  -0.04979
   0.57519	  -0.04964
   0.58393	  -0.04945
   0.59266	  -0.04922
   0.60140	  -0.04896
   0.61013	  -0.04865
   0.61887	  -0.04831
   0.62761	  -0.04794
   0.63636	  -0.04754
   0.64512	  -0.04711
   0.65388	  -0.04666
   0.66264	  -0.04619
   0.67142	  -0.04569
   0.68020	  -0.04519
   0.68899	  -0.04466
   0.69778	  -0.04413
   0.70658	  -0.04360
   0.71538	  -0.04305
   0.72418	  -0.04249
   0.73298	  -0.04190
   0.74178	  -0.04129
   0.75056	  -0.04063
   0.75933	  -0.03994
   0.76808	  -0.03921
   0.77680	  -0.03842
   0.78549	  -0.03757
   0.79415	  -0.03666
   0.80276	  -0.03568
   0.81132	  -0.03463
   0.81983	  -0.03353
   0.82829	  -0.03237
   0.83671	  -0.03116
   0.84509	  -0.02991
   0.85345	  -0.02863
   0.86181	  -0.02731
   0.87018	  -0.02596
   0.87858	  -0.02458
   0.88705	  -0.02317
   0.89561	  -0.02174
   0.90427	  -0.02028
   0.91280	  -0.01884
   0.92119	  -0.01739
   0.92949	  -0.01592
   0.93781	  -0.01439
   0.94630	  -0.01274
   0.95465	  -0.01104
   0.96241	  -0.00936
   0.96952	  -0.00775
   0.97602	  -0.00621
   0.98196	  -0.00475
   0.98740	  -0.00337
   0.99243	  -0.00205
   0.99708	  -0.00080
   1.00000	   0.00000
