GOE 385
   1.00000	   0.00210
   0.99674	   0.00265
   0.99154	   0.00354
   0.98594	   0.00452
   0.97988	   0.00560
   0.97329	   0.00680
   0.96612	   0.00814
   0.95835	   0.00962
   0.95000	   0.01125
   0.94119	   0.01301
   0.93210	   0.01486
   0.92293	   0.01674
   0.91383	   0.01858
   0.90487	   0.02037
   0.89605	   0.02207
   0.88733	   0.02369
   0.87867	   0.02526
   0.87002	   0.02677
   0.86137	   0.02826
   0.85269	   0.02972
   0.84395	   0.03117
   0.83515	   0.03262
   0.82628	   0.03408
   0.81734	   0.03555
   0.80832	   0.03704
   0.79925	   0.03857
   0.79014	   0.04013
   0.78101	   0.04172
   0.77187	   0.04332
   0.76275	   0.04492
   0.75364	   0.04653
   0.74456	   0.04812
   0.73551	   0.04969
   0.72648	   0.05124
   0.71748	   0.05275
   0.70850	   0.05422
   0.69953	   0.05565
   0.69055	   0.05703
   0.68156	   0.05837
   0.67254	   0.05968
   0.66349	   0.06096
   0.65440	   0.06221
   0.64528	   0.06344
   0.63611	   0.06467
   0.62691	   0.06588
   0.61768	   0.06709
   0.60842	   0.06831
   0.59914	   0.06953
   0.58985	   0.07075
   0.58058	   0.07199
   0.57132	   0.07321
   0.56208	   0.07443
   0.55287	   0.07563
   0.54370	   0.07680
   0.53455	   0.07795
   0.52544	   0.07906
   0.51636	   0.08014
   0.50731	   0.08117
   0.49828	   0.08215
   0.48926	   0.08308
   0.48025	   0.08396
   0.47124	   0.08479
   0.46224	   0.08557
   0.45323	   0.08630
   0.44422	   0.08698
   0.43520	   0.08761
   0.42617	   0.08818
   0.41714	   0.08871
   0.40811	   0.08918
   0.39907	   0.08960
   0.39003	   0.08996
   0.38099	   0.09028
   0.37196	   0.09054
   0.36293	   0.09075
   0.35391	   0.09091
   0.34489	   0.09102
   0.33587	   0.09108
   0.32684	   0.09109
   0.31780	   0.09106
   0.30875	   0.09098
   0.29967	   0.09085
   0.29055	   0.09067
   0.28140	   0.09044
   0.27220	   0.09015
   0.26297	   0.08980
   0.25372	   0.08937
   0.24446	   0.08887
   0.23524	   0.08829
   0.22608	   0.08762
   0.21702	   0.08686
   0.20810	   0.08603
   0.19937	   0.08511
   0.19085	   0.08412
   0.18257	   0.08304
   0.17449	   0.08188
   0.16657	   0.08061
   0.15872	   0.07923
   0.15086	   0.07768
   0.14283	   0.07594
   0.13450	   0.07397
   0.12575	   0.07174
   0.11673	   0.06930
   0.10775	   0.06677
   0.09898	   0.06421
   0.09102	   0.06182
   0.08388	   0.05953
   0.07726	   0.05718
   0.07078	   0.05459
   0.06398	   0.05156
   0.05655	   0.04797
   0.04890	   0.04414
   0.04220	   0.04072
   0.03671	   0.03778
   0.03207	   0.03511
   0.02795	   0.03253
   0.02414	   0.02987
   0.02039	   0.02694
   0.01668	   0.02376
   0.01339	   0.02078
   0.01072	   0.01830
   0.00859	   0.01626
   0.00687	   0.01453
   0.00546	   0.01300
   0.00427	   0.01163
   0.00327	   0.01037
   0.00243	   0.00921
   0.00172	   0.00811
   0.00113	   0.00708
   0.00064	   0.00609
   0.00026	   0.00514
  -0.00002	   0.00423
  -0.00021	   0.00334
  -0.00030	   0.00248
  -0.00030	   0.00164
  -0.00020	   0.00082
  -0.00000	   0.00001
   0.00030	  -0.00079
   0.00072	  -0.00158
   0.00124	  -0.00237
   0.00187	  -0.00315
   0.00261	  -0.00393
   0.00347	  -0.00471
   0.00446	  -0.00549
   0.00559	  -0.00627
   0.00688	  -0.00704
   0.00835	  -0.00779
   0.01002	  -0.00852
   0.01194	  -0.00920
   0.01414	  -0.00978
   0.01668	  -0.01019
   0.01969	  -0.01041
   0.02336	  -0.01043
   0.02796	  -0.01034
   0.03384	  -0.01026
   0.04105	  -0.01021
   0.04902	  -0.01018
   0.05726	  -0.01012
   0.06581	  -0.01005
   0.07478	  -0.00996
   0.08406	  -0.00988
   0.09347	  -0.00980
   0.10287	  -0.00973
   0.11225	  -0.00965
   0.12162	  -0.00957
   0.13100	  -0.00949
   0.14039	  -0.00940
   0.14981	  -0.00932
   0.15924	  -0.00924
   0.16867	  -0.00916
   0.17810	  -0.00908
   0.18753	  -0.00900
   0.19697	  -0.00893
   0.20640	  -0.00885
   0.21583	  -0.00877
   0.22525	  -0.00869
   0.23468	  -0.00861
   0.24411	  -0.00853
   0.25353	  -0.00845
   0.26296	  -0.00837
   0.27239	  -0.00829
   0.28182	  -0.00821
   0.29125	  -0.00813
   0.30069	  -0.00804
   0.31012	  -0.00796
   0.31956	  -0.00788
   0.32899	  -0.00780
   0.33842	  -0.00772
   0.34786	  -0.00764
   0.35729	  -0.00756
   0.36673	  -0.00748
   0.37616	  -0.00740
   0.38559	  -0.00732
   0.39503	  -0.00724
   0.40446	  -0.00716
   0.41390	  -0.00708
   0.42333	  -0.00700
   0.43277	  -0.00692
   0.44220	  -0.00684
   0.45163	  -0.00676
   0.46107	  -0.00668
   0.47050	  -0.00660
   0.47993	  -0.00652
   0.48937	  -0.00644
   0.49880	  -0.00636
   0.50824	  -0.00628
   0.51767	  -0.00620
   0.52711	  -0.00612
   0.53654	  -0.00604
   0.54597	  -0.00596
   0.55540	  -0.00588
   0.56483	  -0.00580
   0.57426	  -0.00572
   0.58369	  -0.00564
   0.59312	  -0.00556
   0.60255	  -0.00548
   0.61199	  -0.00540
   0.62142	  -0.00532
   0.63084	  -0.00524
   0.64026	  -0.00516
   0.64968	  -0.00508
   0.65909	  -0.00500
   0.66851	  -0.00492
   0.67792	  -0.00484
   0.68734	  -0.00476
   0.69677	  -0.00468
   0.70620	  -0.00460
   0.71562	  -0.00452
   0.72502	  -0.00444
   0.73441	  -0.00436
   0.74379	  -0.00428
   0.75315	  -0.00420
   0.76251	  -0.00412
   0.77187	  -0.00404
   0.78124	  -0.00396
   0.79063	  -0.00388
   0.80004	  -0.00380
   0.80945	  -0.00372
   0.81881	  -0.00364
   0.82811	  -0.00356
   0.83735	  -0.00348
   0.84655	  -0.00341
   0.85571	  -0.00333
   0.86486	  -0.00325
   0.87402	  -0.00317
   0.88321	  -0.00309
   0.89247	  -0.00301
   0.90184	  -0.00293
   0.91117	  -0.00285
   0.92035	  -0.00277
   0.92945	  -0.00270
   0.93861	  -0.00262
   0.94791	  -0.00254
   0.95681	  -0.00246
   0.96504	  -0.00239
   0.97255	  -0.00233
   0.97940	  -0.00227
   0.98566	  -0.00222
   0.99140	  -0.00217
   0.99669	  -0.00213
   1.00000	  -0.00210
