GOE 241 (MVA PR,1)
   1.00000	   0.00200
   0.99567	   0.00372
   0.98879	   0.00646
   0.98143	   0.00940
   0.97352	   0.01257
   0.96504	   0.01599
   0.95599	   0.01965
   0.94642	   0.02353
   0.93643	   0.02760
   0.92616	   0.03178
   0.91572	   0.03598
   0.90521	   0.04016
   0.89464	   0.04428
   0.88397	   0.04834
   0.87318	   0.05235
   0.86223	   0.05634
   0.85111	   0.06031
   0.83978	   0.06429
   0.82826	   0.06827
   0.81655	   0.07226
   0.80469	   0.07626
   0.79272	   0.08026
   0.78071	   0.08425
   0.76870	   0.08819
   0.75676	   0.09207
   0.74490	   0.09586
   0.73315	   0.09955
   0.72151	   0.10315
   0.70998	   0.10664
   0.69854	   0.11002
   0.68717	   0.11330
   0.67584	   0.11647
   0.66455	   0.11956
   0.65327	   0.12255
   0.64199	   0.12546
   0.63070	   0.12828
   0.61940	   0.13102
   0.60808	   0.13367
   0.59673	   0.13623
   0.58536	   0.13871
   0.57397	   0.14110
   0.56256	   0.14340
   0.55114	   0.14562
   0.53970	   0.14775
   0.52825	   0.14979
   0.51678	   0.15175
   0.50529	   0.15363
   0.49379	   0.15543
   0.48226	   0.15714
   0.47072	   0.15876
   0.45917	   0.16030
   0.44762	   0.16174
   0.43610	   0.16307
   0.42464	   0.16430
   0.41328	   0.16541
   0.40205	   0.16641
   0.39100	   0.16729
   0.38016	   0.16804
   0.36955	   0.16866
   0.35917	   0.16914
   0.34902	   0.16949
   0.33906	   0.16971
   0.32928	   0.16978
   0.31962	   0.16970
   0.31006	   0.16948
   0.30054	   0.16911
   0.29101	   0.16857
   0.28141	   0.16785
   0.27169	   0.16696
   0.26181	   0.16589
   0.25177	   0.16464
   0.24157	   0.16321
   0.23127	   0.16161
   0.22095	   0.15986
   0.21072	   0.15799
   0.20073	   0.15605
   0.19112	   0.15407
   0.18198	   0.15207
   0.17335	   0.15003
   0.16519	   0.14793
   0.15745	   0.14574
   0.15005	   0.14344
   0.14292	   0.14099
   0.13599	   0.13837
   0.12921	   0.13559
   0.12254	   0.13264
   0.11596	   0.12952
   0.10948	   0.12624
   0.10309	   0.12282
   0.09681	   0.11927
   0.09066	   0.11562
   0.08468	   0.11190
   0.07891	   0.10817
   0.07338	   0.10447
   0.06812	   0.10086
   0.06318	   0.09734
   0.05857	   0.09391
   0.05428	   0.09055
   0.05029	   0.08725
   0.04658	   0.08399
   0.04313	   0.08076
   0.03991	   0.07757
   0.03691	   0.07442
   0.03410	   0.07132
   0.03149	   0.06828
   0.02905	   0.06528
   0.02677	   0.06235
   0.02464	   0.05947
   0.02266	   0.05665
   0.02081	   0.05388
   0.01907	   0.05117
   0.01742	   0.04850
   0.01584	   0.04590
   0.01433	   0.04336
   0.01287	   0.04089
   0.01147	   0.03850
   0.01012	   0.03619
   0.00883	   0.03397
   0.00762	   0.03183
   0.00648	   0.02978
   0.00544	   0.02781
   0.00447	   0.02591
   0.00359	   0.02408
   0.00279	   0.02232
   0.00207	   0.02060
   0.00143	   0.01895
   0.00086	   0.01733
   0.00037	   0.01576
  -0.00004	   0.01423
  -0.00039	   0.01273
  -0.00066	   0.01127
  -0.00086	   0.00983
  -0.00098	   0.00842
  -0.00103	   0.00704
  -0.00101	   0.00567
  -0.00091	   0.00432
  -0.00073	   0.00299
  -0.00046	   0.00167
  -0.00011	   0.00036
   0.00033	  -0.00093
   0.00086	  -0.00222
   0.00148	  -0.00350
   0.00219	  -0.00477
   0.00298	  -0.00603
   0.00387	  -0.00726
   0.00484	  -0.00848
   0.00591	  -0.00968
   0.00706	  -0.01084
   0.00830	  -0.01197
   0.00964	  -0.01306
   0.01108	  -0.01409
   0.01261	  -0.01506
   0.01423	  -0.01594
   0.01595	  -0.01674
   0.01777	  -0.01747
   0.01970	  -0.01811
   0.02174	  -0.01869
   0.02388	  -0.01920
   0.02614	  -0.01967
   0.02852	  -0.02010
   0.03103	  -0.02050
   0.03369	  -0.02086
   0.03651	  -0.02119
   0.03951	  -0.02149
   0.04271	  -0.02177
   0.04614	  -0.02204
   0.04982	  -0.02230
   0.05379	  -0.02260
   0.05806	  -0.02292
   0.06267	  -0.02327
   0.06766	  -0.02366
   0.07306	  -0.02406
   0.07890	  -0.02448
   0.08525	  -0.02491
   0.09216	  -0.02534
   0.09966	  -0.02578
   0.10776	  -0.02622
   0.11645	  -0.02665
   0.12563	  -0.02705
   0.13519	  -0.02740
   0.14502	  -0.02770
   0.15501	  -0.02792
   0.16513	  -0.02806
   0.17533	  -0.02811
   0.18561	  -0.02805
   0.19595	  -0.02786
   0.20636	  -0.02755
   0.21687	  -0.02709
   0.22749	  -0.02650
   0.23824	  -0.02577
   0.24913	  -0.02492
   0.26017	  -0.02394
   0.27138	  -0.02284
   0.28274	  -0.02162
   0.29425	  -0.02029
   0.30590	  -0.01886
   0.31766	  -0.01735
   0.32950	  -0.01574
   0.34141	  -0.01405
   0.35337	  -0.01229
   0.36539	  -0.01046
   0.37745	  -0.00855
   0.38959	  -0.00658
   0.40180	  -0.00454
   0.41412	  -0.00244
   0.42658	  -0.00026
   0.43918	   0.00198
   0.45190	   0.00427
   0.46472	   0.00662
   0.47758	   0.00899
   0.49040	   0.01137
   0.50306	   0.01374
   0.51548	   0.01606
   0.52759	   0.01829
   0.53937	   0.02041
   0.55081	   0.02239
   0.56196	   0.02424
   0.57285	   0.02594
   0.58355	   0.02749
   0.59409	   0.02888
   0.60456	   0.03012
   0.61501	   0.03122
   0.62549	   0.03218
   0.63606	   0.03301
   0.64674	   0.03373
   0.65756	   0.03433
   0.66853	   0.03484
   0.67966	   0.03524
   0.69093	   0.03554
   0.70231	   0.03576
   0.71375	   0.03588
   0.72519	   0.03591
   0.73658	   0.03584
   0.74791	   0.03566
   0.75912	   0.03536
   0.77021	   0.03496
   0.78117	   0.03444
   0.79199	   0.03380
   0.80267	   0.03305
   0.81322	   0.03218
   0.82366	   0.03119
   0.83398	   0.03009
   0.84420	   0.02887
   0.85435	   0.02753
   0.86442	   0.02607
   0.87445	   0.02449
   0.88445	   0.02277
   0.89445	   0.02092
   0.90446	   0.01893
   0.91452	   0.01680
   0.92461	   0.01457
   0.93467	   0.01230
   0.94459	   0.01004
   0.95424	   0.00786
   0.96350	   0.00580
   0.97226	   0.00388
   0.98050	   0.00211
   0.98821	   0.00046
   0.99544	  -0.00105
   1.00000	  -0.00200
