GOE 278 (DAIMLER IX)
   1.00000	   0.00100
   0.99677	   0.00172
   0.99164	   0.00287
   0.98610	   0.00408
   0.98010	   0.00538
   0.97357	   0.00677
   0.96645	   0.00827
   0.95870	   0.00986
   0.95030	   0.01155
   0.94136	   0.01332
   0.93206	   0.01511
   0.92282	   0.01687
   0.91359	   0.01861
   0.90428	   0.02035
   0.89492	   0.02209
   0.88564	   0.02381
   0.87643	   0.02552
   0.86727	   0.02722
   0.85812	   0.02890
   0.84899	   0.03057
   0.83985	   0.03222
   0.83070	   0.03386
   0.82154	   0.03548
   0.81236	   0.03708
   0.80316	   0.03865
   0.79396	   0.04021
   0.78474	   0.04173
   0.77554	   0.04322
   0.76634	   0.04467
   0.75715	   0.04609
   0.74798	   0.04747
   0.73882	   0.04882
   0.72967	   0.05012
   0.72053	   0.05138
   0.71139	   0.05260
   0.70225	   0.05378
   0.69310	   0.05491
   0.68392	   0.05601
   0.67472	   0.05707
   0.66549	   0.05810
   0.65622	   0.05911
   0.64692	   0.06009
   0.63757	   0.06105
   0.62819	   0.06199
   0.61877	   0.06292
   0.60933	   0.06384
   0.59987	   0.06475
   0.59040	   0.06565
   0.58093	   0.06655
   0.57147	   0.06743
   0.56203	   0.06830
   0.55261	   0.06915
   0.54321	   0.06997
   0.53384	   0.07077
   0.52450	   0.07154
   0.51519	   0.07228
   0.50591	   0.07298
   0.49665	   0.07365
   0.48741	   0.07428
   0.47819	   0.07487
   0.46898	   0.07543
   0.45977	   0.07595
   0.45057	   0.07644
   0.44137	   0.07689
   0.43216	   0.07731
   0.42293	   0.07769
   0.41369	   0.07804
   0.40443	   0.07836
   0.39513	   0.07865
   0.38580	   0.07890
   0.37643	   0.07913
   0.36702	   0.07932
   0.35757	   0.07948
   0.34809	   0.07961
   0.33859	   0.07970
   0.32909	   0.07977
   0.31960	   0.07981
   0.31014	   0.07982
   0.30074	   0.07980
   0.29143	   0.07975
   0.28223	   0.07966
   0.27316	   0.07953
   0.26421	   0.07935
   0.25540	   0.07911
   0.24669	   0.07880
   0.23809	   0.07841
   0.22957	   0.07794
   0.22111	   0.07738
   0.21269	   0.07672
   0.20426	   0.07595
   0.19579	   0.07506
   0.18724	   0.07403
   0.17859	   0.07288
   0.16983	   0.07160
   0.16099	   0.07022
   0.15214	   0.06874
   0.14337	   0.06721
   0.13478	   0.06562
   0.12643	   0.06396
   0.11833	   0.06222
   0.11044	   0.06037
   0.10273	   0.05839
   0.09512	   0.05625
   0.08756	   0.05394
   0.08002	   0.05144
   0.07253	   0.04877
   0.06513	   0.04597
   0.05785	   0.04304
   0.05069	   0.03999
   0.04365	   0.03684
   0.03690	   0.03369
   0.03075	   0.03072
   0.02544	   0.02810
   0.02101	   0.02584
   0.01734	   0.02377
   0.01434	   0.02183
   0.01184	   0.02000
   0.00973	   0.01828
   0.00796	   0.01669
   0.00645	   0.01521
   0.00515	   0.01383
   0.00404	   0.01254
   0.00308	   0.01131
   0.00226	   0.01014
   0.00156	   0.00903
   0.00097	   0.00796
   0.00049	   0.00693
   0.00010	   0.00593
  -0.00018	   0.00497
  -0.00038	   0.00404
  -0.00048	   0.00314
  -0.00048	   0.00226
  -0.00039	   0.00140
  -0.00019	   0.00056
   0.00011	  -0.00026
   0.00052	  -0.00106
   0.00105	  -0.00185
   0.00168	  -0.00262
   0.00243	  -0.00338
   0.00329	  -0.00412
   0.00427	  -0.00485
   0.00538	  -0.00555
   0.00662	  -0.00622
   0.00800	  -0.00685
   0.00954	  -0.00743
   0.01125	  -0.00793
   0.01314	  -0.00831
   0.01522	  -0.00852
   0.01754	  -0.00853
   0.02018	  -0.00832
   0.02328	  -0.00790
   0.02703	  -0.00733
   0.03168	  -0.00672
   0.03741	  -0.00607
   0.04411	  -0.00539
   0.05133	  -0.00467
   0.05885	  -0.00385
   0.06676	  -0.00296
   0.07509	  -0.00204
   0.08372	  -0.00117
   0.09247	  -0.00038
   0.10122	   0.00032
   0.10997	   0.00093
   0.11874	   0.00144
   0.12757	   0.00188
   0.13648	   0.00225
   0.14549	   0.00256
   0.15459	   0.00281
   0.16377	   0.00301
   0.17303	   0.00317
   0.18234	   0.00331
   0.19170	   0.00344
   0.20110	   0.00358
   0.21053	   0.00373
   0.21997	   0.00389
   0.22943	   0.00407
   0.23889	   0.00426
   0.24835	   0.00444
   0.25780	   0.00463
   0.26725	   0.00482
   0.27669	   0.00500
   0.28612	   0.00517
   0.29555	   0.00532
   0.30497	   0.00546
   0.31439	   0.00559
   0.32381	   0.00569
   0.33325	   0.00578
   0.34268	   0.00586
   0.35213	   0.00593
   0.36160	   0.00598
   0.37107	   0.00603
   0.38056	   0.00607
   0.39006	   0.00610
   0.39957	   0.00612
   0.40910	   0.00614
   0.41863	   0.00615
   0.42818	   0.00616
   0.43772	   0.00617
   0.44728	   0.00617
   0.45684	   0.00617
   0.46639	   0.00617
   0.47595	   0.00618
   0.48551	   0.00618
   0.49506	   0.00618
   0.50460	   0.00618
   0.51414	   0.00619
   0.52366	   0.00619
   0.53317	   0.00619
   0.54267	   0.00619
   0.55215	   0.00618
   0.56162	   0.00616
   0.57108	   0.00613
   0.58054	   0.00610
   0.58998	   0.00605
   0.59942	   0.00598
   0.60886	   0.00590
   0.61830	   0.00581
   0.62774	   0.00570
   0.63719	   0.00558
   0.64666	   0.00546
   0.65613	   0.00532
   0.66562	   0.00517
   0.67512	   0.00502
   0.68464	   0.00486
   0.69417	   0.00471
   0.70372	   0.00455
   0.71327	   0.00439
   0.72280	   0.00423
   0.73231	   0.00406
   0.74182	   0.00390
   0.75133	   0.00373
   0.76083	   0.00355
   0.77035	   0.00337
   0.77988	   0.00317
   0.78943	   0.00297
   0.79893	   0.00276
   0.80838	   0.00255
   0.81777	   0.00232
   0.82709	   0.00209
   0.83635	   0.00186
   0.84556	   0.00163
   0.85472	   0.00140
   0.86387	   0.00117
   0.87302	   0.00096
   0.88220	   0.00075
   0.89145	   0.00054
   0.90081	   0.00035
   0.91031	   0.00018
   0.91972	   0.00002
   0.92903	  -0.00013
   0.93840	  -0.00027
   0.94782	  -0.00040
   0.95675	  -0.00052
   0.96499	  -0.00062
   0.97253	  -0.00071
   0.97939	  -0.00079
   0.98565	  -0.00086
   0.99139	  -0.00092
   0.99669	  -0.00097
   1.00000	  -0.00100
