GOE 331 (PFALZ 60)
   1.00000	   0.00130
   0.99631	   0.00243
   0.99041	   0.00423
   0.98403	   0.00619
   0.97711	   0.00832
   0.96958	   0.01065
   0.96142	   0.01319
   0.95263	   0.01593
   0.94334	   0.01885
   0.93372	   0.02187
   0.92398	   0.02491
   0.91428	   0.02788
   0.90469	   0.03076
   0.89518	   0.03353
   0.88572	   0.03619
   0.87623	   0.03878
   0.86667	   0.04132
   0.85700	   0.04382
   0.84718	   0.04631
   0.83719	   0.04879
   0.82700	   0.05129
   0.81663	   0.05380
   0.80607	   0.05635
   0.79537	   0.05893
   0.78456	   0.06154
   0.77372	   0.06416
   0.76287	   0.06677
   0.75206	   0.06935
   0.74132	   0.07190
   0.73067	   0.07440
   0.72011	   0.07685
   0.70964	   0.07924
   0.69927	   0.08157
   0.68897	   0.08383
   0.67874	   0.08603
   0.66856	   0.08817
   0.65842	   0.09025
   0.64831	   0.09226
   0.63822	   0.09422
   0.62814	   0.09611
   0.61806	   0.09794
   0.60798	   0.09970
   0.59788	   0.10140
   0.58776	   0.10303
   0.57761	   0.10460
   0.56742	   0.10610
   0.55720	   0.10754
   0.54694	   0.10892
   0.53665	   0.11024
   0.52633	   0.11149
   0.51601	   0.11269
   0.50567	   0.11383
   0.49536	   0.11490
   0.48507	   0.11591
   0.47482	   0.11686
   0.46462	   0.11773
   0.45448	   0.11853
   0.44438	   0.11926
   0.43434	   0.11991
   0.42433	   0.12048
   0.41435	   0.12097
   0.40437	   0.12138
   0.39439	   0.12170
   0.38437	   0.12194
   0.37429	   0.12210
   0.36415	   0.12218
   0.35392	   0.12219
   0.34361	   0.12213
   0.33323	   0.12201
   0.32278	   0.12182
   0.31228	   0.12158
   0.30177	   0.12129
   0.29128	   0.12095
   0.28085	   0.12057
   0.27052	   0.12011
   0.26033	   0.11958
   0.25030	   0.11897
   0.24046	   0.11825
   0.23082	   0.11744
   0.22139	   0.11651
   0.21218	   0.11548
   0.20319	   0.11433
   0.19442	   0.11307
   0.18587	   0.11169
   0.17752	   0.11019
   0.16934	   0.10856
   0.16131	   0.10680
   0.15338	   0.10489
   0.14550	   0.10280
   0.13761	   0.10053
   0.12967	   0.09806
   0.12170	   0.09540
   0.11374	   0.09257
   0.10587	   0.08961
   0.09823	   0.08658
   0.09092	   0.08354
   0.08403	   0.08051
   0.07753	   0.07745
   0.07138	   0.07433
   0.06549	   0.07113
   0.05984	   0.06785
   0.05442	   0.06452
   0.04927	   0.06118
   0.04441	   0.05788
   0.03989	   0.05467
   0.03575	   0.05158
   0.03197	   0.04864
   0.02854	   0.04584
   0.02545	   0.04319
   0.02264	   0.04069
   0.02009	   0.03830
   0.01774	   0.03600
   0.01558	   0.03378
   0.01357	   0.03163
   0.01171	   0.02956
   0.00998	   0.02756
   0.00840	   0.02564
   0.00697	   0.02381
   0.00568	   0.02205
   0.00452	   0.02037
   0.00349	   0.01875
   0.00259	   0.01719
   0.00179	   0.01569
   0.00111	   0.01424
   0.00052	   0.01283
   0.00004	   0.01146
  -0.00035	   0.01013
  -0.00064	   0.00884
  -0.00085	   0.00758
  -0.00096	   0.00634
  -0.00099	   0.00514
  -0.00092	   0.00396
  -0.00077	   0.00280
  -0.00053	   0.00166
  -0.00020	   0.00055
   0.00023	  -0.00055
   0.00074	  -0.00163
   0.00134	  -0.00269
   0.00202	  -0.00371
   0.00277	  -0.00470
   0.00359	  -0.00564
   0.00447	  -0.00654
   0.00542	  -0.00738
   0.00642	  -0.00817
   0.00748	  -0.00888
   0.00859	  -0.00951
   0.00975	  -0.01005
   0.01095	  -0.01049
   0.01220	  -0.01081
   0.01350	  -0.01099
   0.01485	  -0.01103
   0.01625	  -0.01093
   0.01772	  -0.01071
   0.01927	  -0.01037
   0.02090	  -0.00993
   0.02264	  -0.00941
   0.02451	  -0.00883
   0.02651	  -0.00825
   0.02867	  -0.00769
   0.03100	  -0.00714
   0.03353	  -0.00662
   0.03627	  -0.00612
   0.03926	  -0.00564
   0.04250	  -0.00516
   0.04601	  -0.00467
   0.04982	  -0.00414
   0.05396	  -0.00353
   0.05848	  -0.00281
   0.06343	  -0.00201
   0.06888	  -0.00112
   0.07491	  -0.00018
   0.08160	   0.00076
   0.08904	   0.00170
   0.09729	   0.00267
   0.10631	   0.00368
   0.11592	   0.00473
   0.12585	   0.00577
   0.13586	   0.00677
   0.14581	   0.00769
   0.15568	   0.00853
   0.16557	   0.00929
   0.17553	   0.00999
   0.18564	   0.01063
   0.19591	   0.01123
   0.20635	   0.01177
   0.21693	   0.01227
   0.22763	   0.01273
   0.23840	   0.01315
   0.24924	   0.01353
   0.26010	   0.01386
   0.27098	   0.01416
   0.28187	   0.01443
   0.29274	   0.01467
   0.30361	   0.01488
   0.31447	   0.01507
   0.32533	   0.01524
   0.33618	   0.01538
   0.34704	   0.01550
   0.35790	   0.01560
   0.36877	   0.01568
   0.37965	   0.01573
   0.39055	   0.01577
   0.40147	   0.01578
   0.41241	   0.01577
   0.42337	   0.01575
   0.43436	   0.01570
   0.44537	   0.01564
   0.45640	   0.01557
   0.46745	   0.01548
   0.47852	   0.01538
   0.48959	   0.01526
   0.50067	   0.01514
   0.51173	   0.01501
   0.52277	   0.01487
   0.53379	   0.01472
   0.54478	   0.01455
   0.55573	   0.01437
   0.56666	   0.01416
   0.57756	   0.01394
   0.58844	   0.01370
   0.59930	   0.01343
   0.61016	   0.01314
   0.62103	   0.01283
   0.63192	   0.01249
   0.64282	   0.01214
   0.65376	   0.01178
   0.66472	   0.01140
   0.67572	   0.01102
   0.68675	   0.01064
   0.69781	   0.01026
   0.70890	   0.00989
   0.72000	   0.00952
   0.73112	   0.00915
   0.74224	   0.00879
   0.75336	   0.00842
   0.76448	   0.00806
   0.77560	   0.00769
   0.78669	   0.00732
   0.79776	   0.00694
   0.80881	   0.00655
   0.81983	   0.00615
   0.83083	   0.00575
   0.84179	   0.00534
   0.85273	   0.00492
   0.86364	   0.00449
   0.87455	   0.00406
   0.88546	   0.00362
   0.89639	   0.00318
   0.90734	   0.00272
   0.91831	   0.00227
   0.92918	   0.00180
   0.93979	   0.00135
   0.94990	   0.00091
   0.95935	   0.00050
   0.96804	   0.00012
   0.97600	  -0.00023
   0.98329	  -0.00055
   0.98997	  -0.00085
   0.99614	  -0.00113
   1.00000	  -0.00130
