GOE 627
   1.00000	   0.00000
   0.99613	   0.00124
   0.98998	   0.00322
   0.98335	   0.00535
   0.97618	   0.00765
   0.96843	   0.01012
   0.96007	   0.01279
   0.95113	   0.01564
   0.94169	   0.01864
   0.93192	   0.02172
   0.92198	   0.02483
   0.91202	   0.02789
   0.90209	   0.03088
   0.89221	   0.03378
   0.88235	   0.03660
   0.87247	   0.03934
   0.86255	   0.04203
   0.85257	   0.04466
   0.84251	   0.04725
   0.83236	   0.04980
   0.82212	   0.05230
   0.81178	   0.05476
   0.80134	   0.05719
   0.79083	   0.05958
   0.78025	   0.06192
   0.76962	   0.06422
   0.75895	   0.06648
   0.74824	   0.06868
   0.73752	   0.07084
   0.72677	   0.07295
   0.71602	   0.07502
   0.70524	   0.07703
   0.69445	   0.07901
   0.68363	   0.08095
   0.67279	   0.08284
   0.66192	   0.08470
   0.65102	   0.08652
   0.64010	   0.08830
   0.62915	   0.09004
   0.61818	   0.09175
   0.60721	   0.09342
   0.59624	   0.09506
   0.58527	   0.09665
   0.57433	   0.09820
   0.56341	   0.09971
   0.55253	   0.10116
   0.54167	   0.10257
   0.53085	   0.10392
   0.52006	   0.10522
   0.50928	   0.10647
   0.49853	   0.10766
   0.48778	   0.10879
   0.47703	   0.10987
   0.46627	   0.11089
   0.45550	   0.11186
   0.44472	   0.11278
   0.43392	   0.11364
   0.42312	   0.11445
   0.41232	   0.11520
   0.40153	   0.11591
   0.39076	   0.11655
   0.38001	   0.11714
   0.36931	   0.11767
   0.35865	   0.11813
   0.34804	   0.11854
   0.33748	   0.11887
   0.32697	   0.11914
   0.31651	   0.11934
   0.30609	   0.11946
   0.29571	   0.11951
   0.28536	   0.11949
   0.27504	   0.11938
   0.26477	   0.11918
   0.25455	   0.11890
   0.24441	   0.11851
   0.23438	   0.11803
   0.22449	   0.11744
   0.21476	   0.11676
   0.20524	   0.11598
   0.19596	   0.11511
   0.18694	   0.11414
   0.17819	   0.11308
   0.16971	   0.11190
   0.16149	   0.11060
   0.15351	   0.10918
   0.14574	   0.10763
   0.13817	   0.10594
   0.13078	   0.10412
   0.12355	   0.10216
   0.11649	   0.10008
   0.10959	   0.09787
   0.10285	   0.09554
   0.09627	   0.09309
   0.08986	   0.09053
   0.08365	   0.08790
   0.07769	   0.08524
   0.07201	   0.08259
   0.06667	   0.07996
   0.06168	   0.07736
   0.05703	   0.07478
   0.05270	   0.07220
   0.04867	   0.06963
   0.04490	   0.06705
   0.04139	   0.06448
   0.03811	   0.06194
   0.03506	   0.05943
   0.03221	   0.05695
   0.02955	   0.05451
   0.02707	   0.05211
   0.02477	   0.04976
   0.02262	   0.04744
   0.02060	   0.04516
   0.01869	   0.04291
   0.01689	   0.04070
   0.01518	   0.03852
   0.01355	   0.03640
   0.01200	   0.03433
   0.01054	   0.03233
   0.00917	   0.03040
   0.00789	   0.02855
   0.00672	   0.02677
   0.00565	   0.02506
   0.00466	   0.02342
   0.00377	   0.02184
   0.00295	   0.02031
   0.00222	   0.01883
   0.00157	   0.01740
   0.00099	   0.01600
   0.00048	   0.01465
   0.00005	   0.01333
  -0.00032	   0.01204
  -0.00062	   0.01079
  -0.00085	   0.00956
  -0.00102	   0.00835
  -0.00111	   0.00717
  -0.00114	   0.00600
  -0.00110	   0.00486
  -0.00098	   0.00374
  -0.00079	   0.00262
  -0.00052	   0.00153
  -0.00017	   0.00044
   0.00027	  -0.00063
   0.00080	  -0.00170
   0.00142	  -0.00276
   0.00213	  -0.00381
   0.00293	  -0.00485
   0.00382	  -0.00588
   0.00480	  -0.00690
   0.00588	  -0.00792
   0.00705	  -0.00891
   0.00833	  -0.00989
   0.00970	  -0.01084
   0.01118	  -0.01176
   0.01276	  -0.01264
   0.01445	  -0.01346
   0.01625	  -0.01423
   0.01818	  -0.01495
   0.02024	  -0.01563
   0.02245	  -0.01629
   0.02483	  -0.01695
   0.02738	  -0.01765
   0.03011	  -0.01837
   0.03305	  -0.01914
   0.03620	  -0.01993
   0.03958	  -0.02074
   0.04318	  -0.02157
   0.04704	  -0.02240
   0.05117	  -0.02322
   0.05561	  -0.02403
   0.06044	  -0.02483
   0.06571	  -0.02564
   0.07149	  -0.02649
   0.07782	  -0.02741
   0.08463	  -0.02841
   0.09183	  -0.02944
   0.09933	  -0.03042
   0.10713	  -0.03131
   0.11531	  -0.03210
   0.12395	  -0.03282
   0.13312	  -0.03347
   0.14285	  -0.03408
   0.15309	  -0.03468
   0.16365	  -0.03528
   0.17433	  -0.03585
   0.18495	  -0.03637
   0.19545	  -0.03683
   0.20585	  -0.03720
   0.21619	  -0.03750
   0.22656	  -0.03772
   0.23700	  -0.03789
   0.24756	  -0.03800
   0.25828	  -0.03806
   0.26917	  -0.03808
   0.28026	  -0.03807
   0.29153	  -0.03804
   0.30296	  -0.03799
   0.31452	  -0.03792
   0.32614	  -0.03785
   0.33778	  -0.03776
   0.34941	  -0.03766
   0.36100	  -0.03754
   0.37253	  -0.03740
   0.38400	  -0.03725
   0.39541	  -0.03708
   0.40678	  -0.03688
   0.41811	  -0.03667
   0.42943	  -0.03643
   0.44075	  -0.03617
   0.45208	  -0.03589
   0.46342	  -0.03560
   0.47478	  -0.03528
   0.48615	  -0.03494
   0.49755	  -0.03458
   0.50896	  -0.03420
   0.52038	  -0.03380
   0.53179	  -0.03339
   0.54321	  -0.03295
   0.55462	  -0.03250
   0.56602	  -0.03203
   0.57742	  -0.03153
   0.58881	  -0.03102
   0.60019	  -0.03049
   0.61158	  -0.02994
   0.62297	  -0.02937
   0.63436	  -0.02878
   0.64576	  -0.02817
   0.65716	  -0.02754
   0.66857	  -0.02689
   0.67997	  -0.02622
   0.69138	  -0.02553
   0.70278	  -0.02483
   0.71417	  -0.02410
   0.72553	  -0.02337
   0.73688	  -0.02261
   0.74821	  -0.02183
   0.75952	  -0.02103
   0.77081	  -0.02022
   0.78210	  -0.01938
   0.79338	  -0.01852
   0.80468	  -0.01763
   0.81599	  -0.01672
   0.82734	  -0.01578
   0.83871	  -0.01483
   0.85011	  -0.01386
   0.86152	  -0.01287
   0.87293	  -0.01188
   0.88432	  -0.01088
   0.89565	  -0.00988
   0.90689	  -0.00889
   0.91799	  -0.00791
   0.92884	  -0.00694
   0.93930	  -0.00599
   0.94925	  -0.00507
   0.95857	  -0.00419
   0.96723	  -0.00334
   0.97525	  -0.00255
   0.98267	  -0.00180
   0.98956	  -0.00109
   0.99597	  -0.00043
   1.00000	   0.00000
