GOE 770
   1.00000	   0.00260
   0.99530	   0.00373
   0.98788	   0.00552
   0.97994	   0.00743
   0.97144	   0.00947
   0.96234	   0.01166
   0.95260	   0.01401
   0.94224	   0.01651
   0.93128	   0.01916
   0.91983	   0.02192
   0.90795	   0.02477
   0.89574	   0.02770
   0.88327	   0.03068
   0.87058	   0.03370
   0.85773	   0.03675
   0.84476	   0.03984
   0.83172	   0.04294
   0.81864	   0.04607
   0.80554	   0.04922
   0.79243	   0.05239
   0.77931	   0.05559
   0.76617	   0.05881
   0.75300	   0.06204
   0.73981	   0.06528
   0.72659	   0.06853
   0.71333	   0.07178
   0.70004	   0.07503
   0.68670	   0.07827
   0.67332	   0.08151
   0.65991	   0.08474
   0.64648	   0.08797
   0.63305	   0.09119
   0.61964	   0.09440
   0.60629	   0.09761
   0.59304	   0.10080
   0.57990	   0.10395
   0.56692	   0.10706
   0.55412	   0.11009
   0.54150	   0.11304
   0.52910	   0.11589
   0.51690	   0.11863
   0.50493	   0.12125
   0.49317	   0.12374
   0.48163	   0.12610
   0.47030	   0.12832
   0.45916	   0.13041
   0.44820	   0.13236
   0.43740	   0.13417
   0.42674	   0.13584
   0.41619	   0.13738
   0.40573	   0.13877
   0.39532	   0.14003
   0.38494	   0.14115
   0.37458	   0.14213
   0.36421	   0.14299
   0.35385	   0.14371
   0.34348	   0.14430
   0.33314	   0.14476
   0.32285	   0.14509
   0.31263	   0.14529
   0.30252	   0.14536
   0.29256	   0.14531
   0.28280	   0.14514
   0.27324	   0.14484
   0.26390	   0.14442
   0.25479	   0.14386
   0.24589	   0.14317
   0.23719	   0.14235
   0.22868	   0.14139
   0.22033	   0.14030
   0.21212	   0.13907
   0.20404	   0.13769
   0.19605	   0.13616
   0.18814	   0.13448
   0.18029	   0.13266
   0.17251	   0.13071
   0.16481	   0.12863
   0.15721	   0.12646
   0.14975	   0.12420
   0.14247	   0.12189
   0.13540	   0.11953
   0.12857	   0.11714
   0.12199	   0.11471
   0.11566	   0.11226
   0.10959	   0.10979
   0.10376	   0.10729
   0.09816	   0.10478
   0.09280	   0.10226
   0.08765	   0.09972
   0.08271	   0.09718
   0.07799	   0.09463
   0.07347	   0.09209
   0.06915	   0.08956
   0.06502	   0.08705
   0.06109	   0.08456
   0.05735	   0.08209
   0.05378	   0.07965
   0.05039	   0.07724
   0.04716	   0.07487
   0.04408	   0.07253
   0.04116	   0.07024
   0.03838	   0.06800
   0.03573	   0.06581
   0.03322	   0.06366
   0.03084	   0.06158
   0.02857	   0.05954
   0.02642	   0.05756
   0.02437	   0.05563
   0.02242	   0.05375
   0.02058	   0.05191
   0.01882	   0.05009
   0.01715	   0.04829
   0.01557	   0.04649
   0.01407	   0.04470
   0.01265	   0.04291
   0.01130	   0.04112
   0.01002	   0.03933
   0.00882	   0.03754
   0.00770	   0.03577
   0.00664	   0.03401
   0.00566	   0.03227
   0.00475	   0.03055
   0.00391	   0.02885
   0.00313	   0.02716
   0.00242	   0.02550
   0.00177	   0.02386
   0.00119	   0.02223
   0.00067	   0.02063
   0.00021	   0.01904
  -0.00018	   0.01747
  -0.00052	   0.01592
  -0.00079	   0.01439
  -0.00100	   0.01287
  -0.00115	   0.01137
  -0.00124	   0.00988
  -0.00126	   0.00841
  -0.00122	   0.00695
  -0.00111	   0.00550
  -0.00093	   0.00407
  -0.00068	   0.00264
  -0.00035	   0.00123
   0.00005	  -0.00017
   0.00054	  -0.00157
   0.00111	  -0.00296
   0.00176	  -0.00434
   0.00249	  -0.00571
   0.00330	  -0.00708
   0.00419	  -0.00845
   0.00516	  -0.00980
   0.00621	  -0.01115
   0.00735	  -0.01248
   0.00856	  -0.01380
   0.00987	  -0.01511
   0.01125	  -0.01640
   0.01271	  -0.01766
   0.01426	  -0.01889
   0.01588	  -0.02009
   0.01759	  -0.02125
   0.01937	  -0.02240
   0.02125	  -0.02352
   0.02321	  -0.02462
   0.02526	  -0.02571
   0.02741	  -0.02679
   0.02965	  -0.02786
   0.03200	  -0.02893
   0.03446	  -0.02999
   0.03703	  -0.03104
   0.03974	  -0.03209
   0.04258	  -0.03314
   0.04557	  -0.03419
   0.04871	  -0.03523
   0.05203	  -0.03627
   0.05552	  -0.03732
   0.05921	  -0.03837
   0.06312	  -0.03942
   0.06726	  -0.04048
   0.07166	  -0.04154
   0.07633	  -0.04261
   0.08131	  -0.04368
   0.08660	  -0.04478
   0.09223	  -0.04590
   0.09822	  -0.04704
   0.10457	  -0.04823
   0.11128	  -0.04947
   0.11835	  -0.05073
   0.12577	  -0.05201
   0.13352	  -0.05330
   0.14156	  -0.05457
   0.14987	  -0.05580
   0.15843	  -0.05698
   0.16724	  -0.05810
   0.17627	  -0.05914
   0.18554	  -0.06010
   0.19503	  -0.06096
   0.20478	  -0.06171
   0.21482	  -0.06236
   0.22519	  -0.06290
   0.23592	  -0.06335
   0.24705	  -0.06370
   0.25858	  -0.06398
   0.27052	  -0.06419
   0.28282	  -0.06436
   0.29540	  -0.06449
   0.30811	  -0.06463
   0.32080	  -0.06475
   0.33334	  -0.06485
   0.34565	  -0.06490
   0.35769	  -0.06488
   0.36948	  -0.06478
   0.38105	  -0.06459
   0.39245	  -0.06429
   0.40375	  -0.06387
   0.41504	  -0.06332
   0.42640	  -0.06265
   0.43790	  -0.06187
   0.44959	  -0.06097
   0.46154	  -0.05997
   0.47377	  -0.05886
   0.48632	  -0.05766
   0.49919	  -0.05638
   0.51234	  -0.05504
   0.52571	  -0.05364
   0.53926	  -0.05219
   0.55292	  -0.05071
   0.56666	  -0.04920
   0.58045	  -0.04767
   0.59426	  -0.04612
   0.60809	  -0.04457
   0.62194	  -0.04301
   0.63581	  -0.04144
   0.64971	  -0.03987
   0.66364	  -0.03829
   0.67759	  -0.03671
   0.69156	  -0.03512
   0.70553	  -0.03353
   0.71950	  -0.03194
   0.73346	  -0.03035
   0.74738	  -0.02876
   0.76128	  -0.02717
   0.77513	  -0.02559
   0.78893	  -0.02401
   0.80267	  -0.02243
   0.81635	  -0.02086
   0.82996	  -0.01930
   0.84345	  -0.01776
   0.85680	  -0.01624
   0.86996	  -0.01475
   0.88288	  -0.01331
   0.89550	  -0.01191
   0.90777	  -0.01058
   0.91964	  -0.00929
   0.93106	  -0.00805
   0.94195	  -0.00686
   0.95226	  -0.00570
   0.96198	  -0.00459
   0.97109	  -0.00353
   0.97965	  -0.00251
   0.98767	  -0.00153
   0.99521	  -0.00060
   1.00000	   0.00000
