GOE 389
   1.00000	   0.00105
   0.99664	   0.00192
   0.99132	   0.00327
   0.98560	   0.00468
   0.97945	   0.00616
   0.97281	   0.00771
   0.96564	   0.00934
   0.95793	   0.01102
   0.94968	   0.01275
   0.94098	   0.01450
   0.93195	   0.01626
   0.92276	   0.01800
   0.91352	   0.01972
   0.90434	   0.02143
   0.89525	   0.02314
   0.88623	   0.02487
   0.87727	   0.02661
   0.86834	   0.02835
   0.85945	   0.03009
   0.85056	   0.03183
   0.84168	   0.03356
   0.83279	   0.03527
   0.82388	   0.03697
   0.81495	   0.03864
   0.80599	   0.04028
   0.79699	   0.04188
   0.78795	   0.04344
   0.77887	   0.04497
   0.76975	   0.04647
   0.76060	   0.04794
   0.75141	   0.04939
   0.74220	   0.05082
   0.73296	   0.05224
   0.72370	   0.05366
   0.71442	   0.05508
   0.70515	   0.05651
   0.69588	   0.05794
   0.68662	   0.05938
   0.67739	   0.06083
   0.66819	   0.06226
   0.65902	   0.06369
   0.64988	   0.06509
   0.64077	   0.06647
   0.63169	   0.06781
   0.62264	   0.06911
   0.61360	   0.07037
   0.60459	   0.07158
   0.59557	   0.07273
   0.58656	   0.07383
   0.57753	   0.07487
   0.56849	   0.07586
   0.55943	   0.07681
   0.55034	   0.07771
   0.54122	   0.07858
   0.53206	   0.07941
   0.52288	   0.08020
   0.51366	   0.08097
   0.50440	   0.08170
   0.49512	   0.08242
   0.48581	   0.08311
   0.47647	   0.08378
   0.46711	   0.08443
   0.45774	   0.08505
   0.44836	   0.08565
   0.43898	   0.08622
   0.42960	   0.08677
   0.42023	   0.08729
   0.41088	   0.08779
   0.40155	   0.08826
   0.39226	   0.08870
   0.38300	   0.08912
   0.37379	   0.08949
   0.36464	   0.08983
   0.35553	   0.09012
   0.34646	   0.09036
   0.33744	   0.09055
   0.32846	   0.09068
   0.31951	   0.09074
   0.31058	   0.09074
   0.30165	   0.09066
   0.29272	   0.09051
   0.28377	   0.09027
   0.27480	   0.08995
   0.26580	   0.08953
   0.25678	   0.08903
   0.24773	   0.08842
   0.23869	   0.08772
   0.22967	   0.08692
   0.22069	   0.08602
   0.21178	   0.08502
   0.20299	   0.08392
   0.19434	   0.08274
   0.18586	   0.08147
   0.17755	   0.08012
   0.16938	   0.07867
   0.16128	   0.07712
   0.15318	   0.07543
   0.14495	   0.07357
   0.13643	   0.07150
   0.12752	   0.06921
   0.11855	   0.06678
   0.10975	   0.06432
   0.10080	   0.06177
   0.09235	   0.05933
   0.08477	   0.05702
   0.07782	   0.05471
   0.07109	   0.05219
   0.06413	   0.04925
   0.05664	   0.04581
   0.04906	   0.04215
   0.04246	   0.03887
   0.03709	   0.03604
   0.03256	   0.03346
   0.02859	   0.03095
   0.02496	   0.02839
   0.02147	   0.02558
   0.01797	   0.02248
   0.01467	   0.01945
   0.01187	   0.01689
   0.00959	   0.01482
   0.00775	   0.01311
   0.00624	   0.01164
   0.00497	   0.01032
   0.00390	   0.00912
   0.00300	   0.00801
   0.00223	   0.00697
   0.00160	   0.00597
   0.00107	   0.00502
   0.00065	   0.00410
   0.00033	   0.00321
   0.00011	   0.00234
  -0.00002	   0.00148
  -0.00005	   0.00064
   0.00003	  -0.00021
   0.00021	  -0.00105
   0.00049	  -0.00189
   0.00087	  -0.00274
   0.00136	  -0.00360
   0.00195	  -0.00447
   0.00265	  -0.00536
   0.00346	  -0.00625
   0.00441	  -0.00717
   0.00551	  -0.00811
   0.00677	  -0.00907
   0.00823	  -0.01006
   0.00993	  -0.01106
   0.01193	  -0.01207
   0.01428	  -0.01305
   0.01710	  -0.01392
   0.02052	  -0.01468
   0.02472	  -0.01531
   0.02984	  -0.01598
   0.03588	  -0.01671
   0.04255	  -0.01740
   0.04944	  -0.01793
   0.05646	  -0.01826
   0.06378	  -0.01843
   0.07159	  -0.01853
   0.07990	  -0.01867
   0.08849	  -0.01889
   0.09713	  -0.01912
   0.10576	  -0.01925
   0.11443	  -0.01928
   0.12322	  -0.01922
   0.13217	  -0.01908
   0.14130	  -0.01889
   0.15061	  -0.01866
   0.16003	  -0.01842
   0.16949	  -0.01816
   0.17892	  -0.01788
   0.18831	  -0.01758
   0.19762	  -0.01726
   0.20686	  -0.01691
   0.21606	  -0.01653
   0.22524	  -0.01613
   0.23440	  -0.01571
   0.24356	  -0.01527
   0.25273	  -0.01483
   0.26192	  -0.01438
   0.27114	  -0.01392
   0.28039	  -0.01347
   0.28967	  -0.01303
   0.29898	  -0.01261
   0.30832	  -0.01220
   0.31769	  -0.01181
   0.32708	  -0.01143
   0.33648	  -0.01107
   0.34590	  -0.01073
   0.35533	  -0.01040
   0.36477	  -0.01008
   0.37421	  -0.00976
   0.38366	  -0.00946
   0.39311	  -0.00916
   0.40256	  -0.00887
   0.41201	  -0.00857
   0.42147	  -0.00828
   0.43093	  -0.00799
   0.44039	  -0.00770
   0.44985	  -0.00741
   0.45931	  -0.00712
   0.46877	  -0.00683
   0.47823	  -0.00653
   0.48767	  -0.00623
   0.49711	  -0.00592
   0.50654	  -0.00561
   0.51596	  -0.00529
   0.52536	  -0.00498
   0.53475	  -0.00466
   0.54411	  -0.00436
   0.55347	  -0.00406
   0.56280	  -0.00377
   0.57213	  -0.00350
   0.58144	  -0.00325
   0.59075	  -0.00302
   0.60005	  -0.00281
   0.60935	  -0.00263
   0.61866	  -0.00247
   0.62797	  -0.00234
   0.63729	  -0.00222
   0.64663	  -0.00212
   0.65598	  -0.00204
   0.66535	  -0.00197
   0.67475	  -0.00191
   0.68416	  -0.00186
   0.69360	  -0.00182
   0.70306	  -0.00178
   0.71253	  -0.00174
   0.72198	  -0.00170
   0.73141	  -0.00166
   0.74083	  -0.00163
   0.75023	  -0.00159
   0.75963	  -0.00155
   0.76904	  -0.00151
   0.77845	  -0.00148
   0.78788	  -0.00144
   0.79734	  -0.00139
   0.80679	  -0.00135
   0.81619	  -0.00130
   0.82553	  -0.00125
   0.83481	  -0.00121
   0.84404	  -0.00116
   0.85324	  -0.00112
   0.86241	  -0.00108
   0.87158	  -0.00104
   0.88078	  -0.00101
   0.89003	  -0.00098
   0.89937	  -0.00096
   0.90880	  -0.00095
   0.91812	  -0.00094
   0.92733	  -0.00094
   0.93657	  -0.00095
   0.94594	  -0.00096
   0.95501	  -0.00097
   0.96348	  -0.00098
   0.97128	  -0.00099
   0.97842	  -0.00100
   0.98496	  -0.00102
   0.99097	  -0.00103
   0.99652	  -0.00104
   1.00000	  -0.00105
