GOE 369
   1.00000	   0.00000
   0.99702	   0.00060
   0.99225	   0.00154
   0.98708	   0.00255
   0.98143	   0.00365
   0.97523	   0.00483
   0.96839	   0.00612
   0.96084	   0.00753
   0.95254	   0.00904
   0.94363	   0.01064
   0.93477	   0.01219
   0.92602	   0.01370
   0.91723	   0.01518
   0.90827	   0.01666
   0.89920	   0.01813
   0.89029	   0.01954
   0.88150	   0.02091
   0.87278	   0.02225
   0.86408	   0.02356
   0.85539	   0.02486
   0.84667	   0.02616
   0.83789	   0.02745
   0.82905	   0.02874
   0.82013	   0.03005
   0.81113	   0.03136
   0.80206	   0.03270
   0.79292	   0.03405
   0.78379	   0.03540
   0.77468	   0.03676
   0.76559	   0.03813
   0.75651	   0.03949
   0.74743	   0.04086
   0.73834	   0.04223
   0.72923	   0.04361
   0.72010	   0.04498
   0.71095	   0.04636
   0.70180	   0.04773
   0.69266	   0.04910
   0.68354	   0.05045
   0.67443	   0.05180
   0.66532	   0.05315
   0.65621	   0.05448
   0.64710	   0.05581
   0.63799	   0.05712
   0.62887	   0.05843
   0.61975	   0.05973
   0.61063	   0.06101
   0.60151	   0.06229
   0.59240	   0.06355
   0.58328	   0.06480
   0.57417	   0.06603
   0.56507	   0.06723
   0.55598	   0.06842
   0.54689	   0.06957
   0.53782	   0.07069
   0.52876	   0.07178
   0.51971	   0.07284
   0.51067	   0.07385
   0.50165	   0.07483
   0.49264	   0.07576
   0.48363	   0.07664
   0.47464	   0.07748
   0.46566	   0.07827
   0.45669	   0.07901
   0.44772	   0.07970
   0.43876	   0.08034
   0.42980	   0.08093
   0.42084	   0.08147
   0.41188	   0.08195
   0.40290	   0.08237
   0.39391	   0.08274
   0.38491	   0.08305
   0.37588	   0.08331
   0.36684	   0.08351
   0.35777	   0.08366
   0.34868	   0.08376
   0.33957	   0.08382
   0.33045	   0.08382
   0.32133	   0.08377
   0.31221	   0.08369
   0.30311	   0.08355
   0.29404	   0.08338
   0.28500	   0.08317
   0.27601	   0.08291
   0.26707	   0.08259
   0.25819	   0.08223
   0.24936	   0.08180
   0.24057	   0.08130
   0.23182	   0.08074
   0.22309	   0.08010
   0.21438	   0.07938
   0.20565	   0.07857
   0.19690	   0.07767
   0.18809	   0.07667
   0.17921	   0.07557
   0.17026	   0.07440
   0.16127	   0.07315
   0.15228	   0.07184
   0.14334	   0.07049
   0.13452	   0.06910
   0.12586	   0.06765
   0.11736	   0.06611
   0.10901	   0.06446
   0.10077	   0.06267
   0.09259	   0.06073
   0.08444	   0.05862
   0.07627	   0.05636
   0.06807	   0.05395
   0.05993	   0.05132
   0.05224	   0.04853
   0.04540	   0.04571
   0.03948	   0.04299
   0.03422	   0.04034
   0.02930	   0.03761
   0.02429	   0.03454
   0.01827	   0.03021
   0.01275	   0.02525
   0.00948	   0.02185
   0.00724	   0.01931
   0.00555	   0.01725
   0.00419	   0.01549
   0.00307	   0.01395
   0.00213	   0.01256
   0.00134	   0.01130
   0.00068	   0.01014
   0.00012	   0.00907
  -0.00034	   0.00808
  -0.00071	   0.00715
  -0.00100	   0.00629
  -0.00120	   0.00548
  -0.00133	   0.00473
  -0.00137	   0.00402
  -0.00133	   0.00337
  -0.00121	   0.00276
  -0.00100	   0.00220
  -0.00069	   0.00169
  -0.00027	   0.00123
   0.00027	   0.00082
   0.00095	   0.00046
   0.00177	   0.00016
   0.00277	  -0.00008
   0.00396	  -0.00027
   0.00540	  -0.00038
   0.00717	  -0.00040
   0.00941	  -0.00031
   0.01242	  -0.00001
   0.01672	   0.00069
   0.02237	   0.00192
   0.02784	   0.00305
   0.03326	   0.00391
   0.03908	   0.00467
   0.04571	   0.00546
   0.05347	   0.00648
   0.06207	   0.00783
   0.07078	   0.00930
   0.07927	   0.01068
   0.08765	   0.01192
   0.09606	   0.01303
   0.10456	   0.01401
   0.11318	   0.01486
   0.12193	   0.01562
   0.13082	   0.01630
   0.13983	   0.01694
   0.14893	   0.01757
   0.15809	   0.01821
   0.16727	   0.01885
   0.17643	   0.01949
   0.18555	   0.02012
   0.19462	   0.02071
   0.20366	   0.02126
   0.21268	   0.02176
   0.22168	   0.02222
   0.23069	   0.02265
   0.23972	   0.02304
   0.24877	   0.02340
   0.25785	   0.02373
   0.26696	   0.02404
   0.27610	   0.02433
   0.28527	   0.02460
   0.29446	   0.02485
   0.30368	   0.02510
   0.31290	   0.02533
   0.32213	   0.02555
   0.33135	   0.02576
   0.34055	   0.02594
   0.34974	   0.02611
   0.35890	   0.02625
   0.36805	   0.02636
   0.37718	   0.02644
   0.38629	   0.02649
   0.39538	   0.02651
   0.40447	   0.02648
   0.41355	   0.02643
   0.42264	   0.02633
   0.43173	   0.02621
   0.44084	   0.02605
   0.44996	   0.02587
   0.45909	   0.02566
   0.46825	   0.02543
   0.47742	   0.02518
   0.48660	   0.02492
   0.49580	   0.02463
   0.50501	   0.02434
   0.51423	   0.02403
   0.52345	   0.02371
   0.53267	   0.02338
   0.54189	   0.02303
   0.55110	   0.02268
   0.56031	   0.02230
   0.56951	   0.02191
   0.57870	   0.02151
   0.58788	   0.02108
   0.59706	   0.02064
   0.60622	   0.02019
   0.61538	   0.01971
   0.62453	   0.01923
   0.63368	   0.01873
   0.64282	   0.01822
   0.65197	   0.01770
   0.66111	   0.01719
   0.67027	   0.01667
   0.67943	   0.01615
   0.68860	   0.01563
   0.69779	   0.01512
   0.70700	   0.01462
   0.71623	   0.01413
   0.72547	   0.01364
   0.73469	   0.01317
   0.74388	   0.01270
   0.75306	   0.01225
   0.76222	   0.01180
   0.77139	   0.01135
   0.78056	   0.01091
   0.78976	   0.01048
   0.79900	   0.01005
   0.80821	   0.00962
   0.81734	   0.00920
   0.82640	   0.00878
   0.83538	   0.00836
   0.84430	   0.00794
   0.85315	   0.00751
   0.86198	   0.00707
   0.87079	   0.00662
   0.87963	   0.00615
   0.88852	   0.00566
   0.89753	   0.00515
   0.90669	   0.00460
   0.91579	   0.00404
   0.92472	   0.00348
   0.93360	   0.00294
   0.94260	   0.00241
   0.95164	   0.00191
   0.96008	   0.00149
   0.96777	   0.00113
   0.97475	   0.00084
   0.98107	   0.00060
   0.98682	   0.00040
   0.99210	   0.00023
   0.99696	   0.00008
   1.00000	   0.00000
