GOE 633
   1.00000	   0.00000
   0.99577	   0.00064
   0.98909	   0.00167
   0.98194	   0.00278
   0.97428	   0.00398
   0.96608	   0.00529
   0.95731	   0.00670
   0.94798	   0.00823
   0.93814	   0.00986
   0.92789	   0.01158
   0.91734	   0.01336
   0.90662	   0.01518
   0.89580	   0.01700
   0.88494	   0.01883
   0.87406	   0.02065
   0.86320	   0.02248
   0.85238	   0.02431
   0.84159	   0.02616
   0.83086	   0.02802
   0.82016	   0.02991
   0.80951	   0.03183
   0.79888	   0.03378
   0.78825	   0.03579
   0.77760	   0.03785
   0.76691	   0.03995
   0.75616	   0.04211
   0.74535	   0.04431
   0.73447	   0.04655
   0.72353	   0.04883
   0.71253	   0.05114
   0.70149	   0.05348
   0.69042	   0.05583
   0.67936	   0.05818
   0.66832	   0.06052
   0.65732	   0.06284
   0.64637	   0.06514
   0.63548	   0.06740
   0.62465	   0.06963
   0.61389	   0.07181
   0.60318	   0.07395
   0.59251	   0.07603
   0.58188	   0.07807
   0.57127	   0.08005
   0.56069	   0.08198
   0.55012	   0.08385
   0.53956	   0.08567
   0.52902	   0.08743
   0.51850	   0.08914
   0.50801	   0.09078
   0.49754	   0.09235
   0.48711	   0.09386
   0.47672	   0.09530
   0.46639	   0.09666
   0.45611	   0.09794
   0.44588	   0.09914
   0.43569	   0.10027
   0.42555	   0.10131
   0.41543	   0.10226
   0.40533	   0.10313
   0.39523	   0.10391
   0.38511	   0.10461
   0.37496	   0.10521
   0.36477	   0.10574
   0.35454	   0.10618
   0.34426	   0.10654
   0.33394	   0.10682
   0.32359	   0.10702
   0.31324	   0.10715
   0.30290	   0.10720
   0.29260	   0.10718
   0.28239	   0.10709
   0.27229	   0.10692
   0.26232	   0.10665
   0.25250	   0.10628
   0.24283	   0.10580
   0.23333	   0.10521
   0.22399	   0.10449
   0.21482	   0.10366
   0.20580	   0.10270
   0.19692	   0.10161
   0.18819	   0.10039
   0.17958	   0.09903
   0.17108	   0.09754
   0.16266	   0.09593
   0.15431	   0.09418
   0.14599	   0.09229
   0.13766	   0.09026
   0.12932	   0.08807
   0.12102	   0.08576
   0.11285	   0.08335
   0.10496	   0.08091
   0.09748	   0.07849
   0.09051	   0.07613
   0.08407	   0.07382
   0.07811	   0.07150
   0.07256	   0.06913
   0.06731	   0.06667
   0.06232	   0.06414
   0.05756	   0.06154
   0.05302	   0.05891
   0.04874	   0.05630
   0.04472	   0.05374
   0.04099	   0.05125
   0.03755	   0.04883
   0.03436	   0.04650
   0.03143	   0.04423
   0.02871	   0.04202
   0.02619	   0.03986
   0.02385	   0.03776
   0.02166	   0.03568
   0.01962	   0.03364
   0.01769	   0.03163
   0.01588	   0.02966
   0.01418	   0.02774
   0.01258	   0.02588
   0.01108	   0.02408
   0.00969	   0.02235
   0.00840	   0.02069
   0.00722	   0.01910
   0.00614	   0.01757
   0.00517	   0.01610
   0.00430	   0.01468
   0.00351	   0.01330
   0.00281	   0.01196
   0.00219	   0.01065
   0.00166	   0.00937
   0.00119	   0.00812
   0.00081	   0.00689
   0.00049	   0.00567
   0.00025	   0.00447
   0.00008	   0.00328
  -0.00002	   0.00210
  -0.00004	   0.00093
   0.00002	  -0.00025
   0.00015	  -0.00142
   0.00036	  -0.00259
   0.00064	  -0.00377
   0.00100	  -0.00495
   0.00142	  -0.00613
   0.00192	  -0.00732
   0.00250	  -0.00850
   0.00315	  -0.00969
   0.00387	  -0.01088
   0.00468	  -0.01206
   0.00557	  -0.01324
   0.00655	  -0.01442
   0.00762	  -0.01558
   0.00879	  -0.01673
   0.01006	  -0.01785
   0.01144	  -0.01894
   0.01294	  -0.01998
   0.01456	  -0.02094
   0.01630	  -0.02184
   0.01819	  -0.02268
   0.02021	  -0.02345
   0.02240	  -0.02419
   0.02474	  -0.02490
   0.02724	  -0.02562
   0.02992	  -0.02636
   0.03280	  -0.02713
   0.03588	  -0.02793
   0.03919	  -0.02875
   0.04274	  -0.02960
   0.04654	  -0.03046
   0.05061	  -0.03134
   0.05494	  -0.03224
   0.05956	  -0.03313
   0.06445	  -0.03399
   0.06964	  -0.03480
   0.07515	  -0.03553
   0.08105	  -0.03614
   0.08743	  -0.03664
   0.09441	  -0.03705
   0.10204	  -0.03740
   0.11029	  -0.03773
   0.11897	  -0.03803
   0.12788	  -0.03825
   0.13683	  -0.03838
   0.14575	  -0.03838
   0.15466	  -0.03824
   0.16370	  -0.03795
   0.17299	  -0.03752
   0.18267	  -0.03698
   0.19282	  -0.03633
   0.20349	  -0.03561
   0.21462	  -0.03484
   0.22600	  -0.03405
   0.23729	  -0.03327
   0.24854	  -0.03250
   0.25986	  -0.03174
   0.27127	  -0.03099
   0.28255	  -0.03027
   0.29368	  -0.02959
   0.30466	  -0.02896
   0.31556	  -0.02836
   0.32643	  -0.02779
   0.33729	  -0.02725
   0.34818	  -0.02674
   0.35912	  -0.02625
   0.37012	  -0.02578
   0.38121	  -0.02533
   0.39237	  -0.02490
   0.40360	  -0.02447
   0.41488	  -0.02407
   0.42620	  -0.02367
   0.43753	  -0.02329
   0.44886	  -0.02293
   0.46019	  -0.02258
   0.47150	  -0.02225
   0.48278	  -0.02194
   0.49404	  -0.02165
   0.50526	  -0.02137
   0.51646	  -0.02111
   0.52764	  -0.02087
   0.53879	  -0.02066
   0.54992	  -0.02046
   0.56104	  -0.02029
   0.57214	  -0.02014
   0.58324	  -0.02002
   0.59434	  -0.01992
   0.60544	  -0.01985
   0.61655	  -0.01981
   0.62768	  -0.01979
   0.63882	  -0.01978
   0.64998	  -0.01978
   0.66116	  -0.01979
   0.67234	  -0.01980
   0.68353	  -0.01980
   0.69472	  -0.01979
   0.70588	  -0.01977
   0.71702	  -0.01972
   0.72812	  -0.01965
   0.73917	  -0.01955
   0.75015	  -0.01941
   0.76107	  -0.01924
   0.77192	  -0.01902
   0.78269	  -0.01875
   0.79338	  -0.01843
   0.80400	  -0.01805
   0.81453	  -0.01762
   0.82498	  -0.01713
   0.83536	  -0.01658
   0.84568	  -0.01597
   0.85593	  -0.01530
   0.86615	  -0.01456
   0.87633	  -0.01376
   0.88649	  -0.01289
   0.89666	  -0.01195
   0.90685	  -0.01094
   0.91707	  -0.00985
   0.92727	  -0.00871
   0.93737	  -0.00755
   0.94722	  -0.00639
   0.95667	  -0.00527
   0.96560	  -0.00420
   0.97396	  -0.00319
   0.98175	  -0.00224
   0.98900	  -0.00135
   0.99575	  -0.00052
   1.00000	   0.00000
