GOE 276 (DAIMLER VII)
   1.00000	   0.00400
   0.99687	   0.00482
   0.99191	   0.00609
   0.98659	   0.00740
   0.98086	   0.00876
   0.97468	   0.01018
   0.96799	   0.01164
   0.96076	   0.01314
   0.95298	   0.01466
   0.94469	   0.01618
   0.93599	   0.01767
   0.92702	   0.01912
   0.91792	   0.02054
   0.90881	   0.02192
   0.89975	   0.02328
   0.89074	   0.02464
   0.88177	   0.02601
   0.87283	   0.02739
   0.86389	   0.02877
   0.85495	   0.03016
   0.84599	   0.03156
   0.83701	   0.03295
   0.82801	   0.03436
   0.81899	   0.03576
   0.80995	   0.03716
   0.80089	   0.03855
   0.79182	   0.03994
   0.78276	   0.04131
   0.77371	   0.04266
   0.76467	   0.04399
   0.75565	   0.04530
   0.74666	   0.04657
   0.73769	   0.04781
   0.72874	   0.04902
   0.71981	   0.05019
   0.71090	   0.05132
   0.70199	   0.05241
   0.69309	   0.05345
   0.68418	   0.05445
   0.67525	   0.05542
   0.66631	   0.05634
   0.65734	   0.05724
   0.64835	   0.05810
   0.63933	   0.05894
   0.63029	   0.05975
   0.62122	   0.06054
   0.61213	   0.06131
   0.60302	   0.06207
   0.59391	   0.06280
   0.58479	   0.06352
   0.57568	   0.06423
   0.56658	   0.06491
   0.55749	   0.06557
   0.54841	   0.06621
   0.53935	   0.06682
   0.53030	   0.06741
   0.52126	   0.06797
   0.51223	   0.06851
   0.50320	   0.06901
   0.49417	   0.06948
   0.48512	   0.06993
   0.47606	   0.07035
   0.46698	   0.07075
   0.45788	   0.07113
   0.44875	   0.07150
   0.43961	   0.07186
   0.43045	   0.07222
   0.42128	   0.07258
   0.41211	   0.07295
   0.40295	   0.07332
   0.39382	   0.07370
   0.38471	   0.07409
   0.37566	   0.07448
   0.36665	   0.07486
   0.35769	   0.07522
   0.34879	   0.07556
   0.33993	   0.07586
   0.33110	   0.07612
   0.32231	   0.07633
   0.31354	   0.07649
   0.30477	   0.07659
   0.29598	   0.07662
   0.28716	   0.07658
   0.27830	   0.07647
   0.26938	   0.07628
   0.26039	   0.07602
   0.25136	   0.07568
   0.24228	   0.07527
   0.23318	   0.07479
   0.22408	   0.07423
   0.21503	   0.07360
   0.20607	   0.07292
   0.19723	   0.07217
   0.18856	   0.07137
   0.18008	   0.07051
   0.17177	   0.06957
   0.16357	   0.06854
   0.15542	   0.06740
   0.14722	   0.06612
   0.13885	   0.06466
   0.13023	   0.06303
   0.12134	   0.06121
   0.11234	   0.05925
   0.10344	   0.05722
   0.09502	   0.05522
   0.08728	   0.05327
   0.08010	   0.05127
   0.07322	   0.04910
   0.06626	   0.04660
   0.05897	   0.04369
   0.05150	   0.04044
   0.04456	   0.03724
   0.03858	   0.03431
   0.03337	   0.03157
   0.02865	   0.02887
   0.02410	   0.02603
   0.01935	   0.02274
   0.01482	   0.01929
   0.01141	   0.01656
   0.00892	   0.01448
   0.00700	   0.01278
   0.00548	   0.01132
   0.00423	   0.01002
   0.00319	   0.00884
   0.00233	   0.00775
   0.00162	   0.00673
   0.00104	   0.00576
   0.00057	   0.00484
   0.00022	   0.00396
  -0.00003	   0.00311
  -0.00017	   0.00228
  -0.00021	   0.00147
  -0.00015	   0.00068
   0.00003	  -0.00009
   0.00032	  -0.00086
   0.00073	  -0.00163
   0.00125	  -0.00238
   0.00188	  -0.00314
   0.00264	  -0.00389
   0.00353	  -0.00465
   0.00455	  -0.00540
   0.00574	  -0.00614
   0.00710	  -0.00688
   0.00867	  -0.00759
   0.01050	  -0.00827
   0.01264	  -0.00885
   0.01514	  -0.00925
   0.01815	  -0.00938
   0.02191	  -0.00913
   0.02675	  -0.00855
   0.03315	  -0.00781
   0.04104	  -0.00698
   0.04942	  -0.00619
   0.05772	  -0.00545
   0.06616	  -0.00476
   0.07486	  -0.00409
   0.08376	  -0.00346
   0.09264	  -0.00288
   0.10143	  -0.00238
   0.11016	  -0.00196
   0.11891	  -0.00160
   0.12773	  -0.00129
   0.13666	  -0.00100
   0.14571	  -0.00072
   0.15487	  -0.00044
   0.16408	  -0.00015
   0.17328	   0.00015
   0.18248	   0.00045
   0.19170	   0.00076
   0.20091	   0.00106
   0.21010	   0.00136
   0.21928	   0.00165
   0.22845	   0.00194
   0.23761	   0.00222
   0.24677	   0.00250
   0.25594	   0.00277
   0.26511	   0.00304
   0.27429	   0.00331
   0.28347	   0.00357
   0.29266	   0.00382
   0.30186	   0.00407
   0.31105	   0.00431
   0.32025	   0.00455
   0.32944	   0.00478
   0.33863	   0.00500
   0.34781	   0.00521
   0.35698	   0.00540
   0.36615	   0.00559
   0.37530	   0.00576
   0.38445	   0.00592
   0.39360	   0.00607
   0.40273	   0.00620
   0.41187	   0.00631
   0.42100	   0.00641
   0.43013	   0.00649
   0.43926	   0.00656
   0.44840	   0.00662
   0.45754	   0.00666
   0.46668	   0.00669
   0.47583	   0.00671
   0.48499	   0.00671
   0.49415	   0.00671
   0.50333	   0.00669
   0.51251	   0.00667
   0.52170	   0.00664
   0.53090	   0.00660
   0.54012	   0.00655
   0.54934	   0.00650
   0.55857	   0.00644
   0.56780	   0.00637
   0.57702	   0.00631
   0.58625	   0.00624
   0.59548	   0.00617
   0.60471	   0.00610
   0.61393	   0.00604
   0.62313	   0.00596
   0.63233	   0.00589
   0.64150	   0.00581
   0.65067	   0.00572
   0.65981	   0.00563
   0.66895	   0.00552
   0.67808	   0.00541
   0.68721	   0.00528
   0.69634	   0.00514
   0.70548	   0.00498
   0.71463	   0.00481
   0.72381	   0.00463
   0.73301	   0.00443
   0.74223	   0.00423
   0.75144	   0.00402
   0.76064	   0.00381
   0.76984	   0.00359
   0.77904	   0.00338
   0.78825	   0.00318
   0.79746	   0.00297
   0.80662	   0.00278
   0.81572	   0.00260
   0.82473	   0.00241
   0.83367	   0.00223
   0.84254	   0.00203
   0.85134	   0.00183
   0.86010	   0.00161
   0.86883	   0.00137
   0.87756	   0.00110
   0.88632	   0.00080
   0.89516	   0.00046
   0.90412	   0.00008
   0.91324	  -0.00035
   0.92238	  -0.00080
   0.93143	  -0.00126
   0.94054	  -0.00171
   0.94957	  -0.00215
   0.95811	  -0.00253
   0.96603	  -0.00286
   0.97328	  -0.00315
   0.97992	  -0.00338
   0.98600	  -0.00359
   0.99159	  -0.00376
   0.99676	  -0.00391
   1.00000	  -0.00400
