GOE 571
   1.00000	   0.00000
   0.99572	   0.00284
   0.98916	   0.00707
   0.98241	   0.01125
   0.97543	   0.01541
   0.96820	   0.01955
   0.96067	   0.02367
   0.95280	   0.02778
   0.94452	   0.03190
   0.93577	   0.03604
   0.92648	   0.04026
   0.91656	   0.04460
   0.90598	   0.04910
   0.89471	   0.05382
   0.88282	   0.05875
   0.87042	   0.06385
   0.85763	   0.06906
   0.84461	   0.07432
   0.83149	   0.07956
   0.81836	   0.08476
   0.80527	   0.08989
   0.79222	   0.09495
   0.77918	   0.09995
   0.76610	   0.10492
   0.75297	   0.10986
   0.73977	   0.11479
   0.72646	   0.11970
   0.71306	   0.12461
   0.69956	   0.12951
   0.68597	   0.13441
   0.67232	   0.13928
   0.65864	   0.14413
   0.64497	   0.14892
   0.63134	   0.15365
   0.61782	   0.15830
   0.60446	   0.16284
   0.59131	   0.16725
   0.57841	   0.17153
   0.56580	   0.17563
   0.55347	   0.17956
   0.54141	   0.18330
   0.52960	   0.18685
   0.51800	   0.19022
   0.50658	   0.19341
   0.49529	   0.19642
   0.48408	   0.19926
   0.47293	   0.20195
   0.46180	   0.20449
   0.45070	   0.20688
   0.43961	   0.20912
   0.42856	   0.21121
   0.41757	   0.21315
   0.40667	   0.21494
   0.39590	   0.21657
   0.38530	   0.21805
   0.37491	   0.21935
   0.36476	   0.22048
   0.35485	   0.22142
   0.34518	   0.22219
   0.33573	   0.22277
   0.32650	   0.22317
   0.31747	   0.22339
   0.30860	   0.22343
   0.29989	   0.22329
   0.29131	   0.22296
   0.28283	   0.22246
   0.27445	   0.22179
   0.26614	   0.22094
   0.25791	   0.21992
   0.24975	   0.21874
   0.24165	   0.21739
   0.23363	   0.21587
   0.22568	   0.21420
   0.21781	   0.21237
   0.21003	   0.21039
   0.20236	   0.20826
   0.19480	   0.20598
   0.18736	   0.20357
   0.18007	   0.20104
   0.17292	   0.19837
   0.16593	   0.19558
   0.15910	   0.19267
   0.15245	   0.18965
   0.14596	   0.18652
   0.13965	   0.18328
   0.13351	   0.17993
   0.12755	   0.17649
   0.12176	   0.17295
   0.11615	   0.16932
   0.11071	   0.16558
   0.10543	   0.16176
   0.10032	   0.15783
   0.09536	   0.15380
   0.09055	   0.14966
   0.08588	   0.14542
   0.08134	   0.14110
   0.07693	   0.13671
   0.07264	   0.13227
   0.06848	   0.12781
   0.06446	   0.12335
   0.06059	   0.11891
   0.05687	   0.11449
   0.05331	   0.11014
   0.04992	   0.10585
   0.04669	   0.10165
   0.04363	   0.09754
   0.04074	   0.09353
   0.03802	   0.08963
   0.03546	   0.08583
   0.03306	   0.08214
   0.03081	   0.07854
   0.02870	   0.07504
   0.02673	   0.07162
   0.02488	   0.06830
   0.02316	   0.06505
   0.02155	   0.06187
   0.02003	   0.05877
   0.01859	   0.05574
   0.01721	   0.05280
   0.01588	   0.04993
   0.01459	   0.04715
   0.01335	   0.04446
   0.01213	   0.04186
   0.01093	   0.03936
   0.00977	   0.03694
   0.00865	   0.03460
   0.00758	   0.03235
   0.00657	   0.03017
   0.00562	   0.02805
   0.00474	   0.02599
   0.00393	   0.02398
   0.00319	   0.02202
   0.00252	   0.02010
   0.00192	   0.01822
   0.00139	   0.01637
   0.00094	   0.01455
   0.00056	   0.01275
   0.00025	   0.01098
   0.00001	   0.00922
  -0.00015	   0.00747
  -0.00024	   0.00574
  -0.00026	   0.00402
  -0.00020	   0.00230
  -0.00006	   0.00059
   0.00015	  -0.00113
   0.00044	  -0.00283
   0.00080	  -0.00453
   0.00124	  -0.00620
   0.00175	  -0.00785
   0.00233	  -0.00947
   0.00299	  -0.01105
   0.00371	  -0.01258
   0.00451	  -0.01406
   0.00539	  -0.01548
   0.00634	  -0.01683
   0.00737	  -0.01810
   0.00849	  -0.01929
   0.00969	  -0.02039
   0.01098	  -0.02138
   0.01237	  -0.02225
   0.01387	  -0.02298
   0.01548	  -0.02359
   0.01719	  -0.02407
   0.01901	  -0.02445
   0.02093	  -0.02475
   0.02294	  -0.02500
   0.02503	  -0.02522
   0.02719	  -0.02545
   0.02942	  -0.02570
   0.03170	  -0.02597
   0.03406	  -0.02625
   0.03648	  -0.02655
   0.03898	  -0.02685
   0.04156	  -0.02716
   0.04423	  -0.02746
   0.04699	  -0.02775
   0.04986	  -0.02802
   0.05285	  -0.02826
   0.05598	  -0.02846
   0.05927	  -0.02862
   0.06272	  -0.02875
   0.06637	  -0.02884
   0.07023	  -0.02889
   0.07432	  -0.02892
   0.07867	  -0.02892
   0.08329	  -0.02889
   0.08822	  -0.02885
   0.09348	  -0.02879
   0.09911	  -0.02874
   0.10512	  -0.02871
   0.11157	  -0.02870
   0.11849	  -0.02871
   0.12590	  -0.02874
   0.13384	  -0.02878
   0.14231	  -0.02882
   0.15135	  -0.02885
   0.16096	  -0.02885
   0.17119	  -0.02880
   0.18204	  -0.02872
   0.19352	  -0.02858
   0.20560	  -0.02840
   0.21825	  -0.02818
   0.23141	  -0.02791
   0.24499	  -0.02760
   0.25890	  -0.02726
   0.27306	  -0.02691
   0.28738	  -0.02655
   0.30181	  -0.02620
   0.31633	  -0.02587
   0.33094	  -0.02554
   0.34562	  -0.02522
   0.36037	  -0.02490
   0.37519	  -0.02457
   0.39006	  -0.02423
   0.40501	  -0.02387
   0.42001	  -0.02349
   0.43507	  -0.02308
   0.45020	  -0.02267
   0.46538	  -0.02224
   0.48061	  -0.02180
   0.49589	  -0.02136
   0.51121	  -0.02093
   0.52657	  -0.02050
   0.54194	  -0.02008
   0.55734	  -0.01965
   0.57274	  -0.01924
   0.58815	  -0.01882
   0.60355	  -0.01841
   0.61894	  -0.01800
   0.63431	  -0.01758
   0.64966	  -0.01717
   0.66497	  -0.01675
   0.68023	  -0.01632
   0.69541	  -0.01589
   0.71052	  -0.01544
   0.72552	  -0.01499
   0.74040	  -0.01452
   0.75518	  -0.01404
   0.76983	  -0.01356
   0.78439	  -0.01306
   0.79886	  -0.01254
   0.81325	  -0.01202
   0.82756	  -0.01149
   0.84173	  -0.01098
   0.85566	  -0.01050
   0.86921	  -0.01006
   0.88224	  -0.00968
   0.89463	  -0.00937
   0.90631	  -0.00912
   0.91726	  -0.00888
   0.92753	  -0.00859
   0.93719	  -0.00819
   0.94636	  -0.00766
   0.95511	  -0.00695
   0.96352	  -0.00607
   0.97167	  -0.00504
   0.97961	  -0.00385
   0.98737	  -0.00252
   0.99498	  -0.00106
   1.00000	   0.00000
