GOE 124 (MVA H,4)
   1.00000	   0.00250
   0.99654	   0.00314
   0.99102	   0.00417
   0.98504	   0.00529
   0.97855	   0.00650
   0.97147	   0.00782
   0.96374	   0.00927
   0.95533	   0.01085
   0.94629	   0.01255
   0.93678	   0.01434
   0.92721	   0.01615
   0.91770	   0.01795
   0.90812	   0.01977
   0.89848	   0.02160
   0.88895	   0.02343
   0.87950	   0.02524
   0.87010	   0.02704
   0.86072	   0.02883
   0.85135	   0.03063
   0.84196	   0.03242
   0.83254	   0.03421
   0.82309	   0.03600
   0.81360	   0.03779
   0.80407	   0.03958
   0.79450	   0.04136
   0.78490	   0.04313
   0.77529	   0.04488
   0.76567	   0.04662
   0.75605	   0.04835
   0.74643	   0.05006
   0.73682	   0.05175
   0.72722	   0.05342
   0.71762	   0.05508
   0.70805	   0.05671
   0.69848	   0.05832
   0.68892	   0.05992
   0.67937	   0.06149
   0.66982	   0.06304
   0.66028	   0.06457
   0.65074	   0.06608
   0.64120	   0.06756
   0.63166	   0.06903
   0.62213	   0.07046
   0.61259	   0.07187
   0.60307	   0.07326
   0.59355	   0.07462
   0.58403	   0.07594
   0.57453	   0.07724
   0.56504	   0.07850
   0.55556	   0.07972
   0.54610	   0.08091
   0.53665	   0.08205
   0.52722	   0.08315
   0.51781	   0.08420
   0.50842	   0.08521
   0.49904	   0.08616
   0.48969	   0.08707
   0.48035	   0.08792
   0.47103	   0.08871
   0.46173	   0.08945
   0.45245	   0.09014
   0.44318	   0.09077
   0.43391	   0.09135
   0.42465	   0.09187
   0.41539	   0.09233
   0.40612	   0.09273
   0.39683	   0.09307
   0.38752	   0.09335
   0.37818	   0.09357
   0.36880	   0.09374
   0.35938	   0.09384
   0.34993	   0.09389
   0.34046	   0.09389
   0.33096	   0.09382
   0.32146	   0.09371
   0.31197	   0.09354
   0.30251	   0.09333
   0.29311	   0.09306
   0.28378	   0.09275
   0.27454	   0.09237
   0.26541	   0.09193
   0.25639	   0.09141
   0.24748	   0.09081
   0.23868	   0.09012
   0.22998	   0.08933
   0.22136	   0.08844
   0.21282	   0.08744
   0.20434	   0.08632
   0.19589	   0.08507
   0.18746	   0.08369
   0.17903	   0.08218
   0.17057	   0.08055
   0.16205	   0.07879
   0.15347	   0.07691
   0.14477	   0.07490
   0.13596	   0.07277
   0.12702	   0.07051
   0.11804	   0.06814
   0.10911	   0.06569
   0.10038	   0.06322
   0.09202	   0.06076
   0.08411	   0.05832
   0.07662	   0.05585
   0.06945	   0.05330
   0.06252	   0.05062
   0.05584	   0.04783
   0.04955	   0.04499
   0.04376	   0.04217
   0.03855	   0.03945
   0.03389	   0.03682
   0.02970	   0.03428
   0.02591	   0.03181
   0.02246	   0.02938
   0.01928	   0.02697
   0.01638	   0.02461
   0.01381	   0.02239
   0.01155	   0.02035
   0.00958	   0.01849
   0.00789	   0.01681
   0.00644	   0.01526
   0.00519	   0.01383
   0.00411	   0.01250
   0.00317	   0.01124
   0.00237	   0.01004
   0.00169	   0.00889
   0.00112	   0.00779
   0.00065	   0.00673
   0.00027	   0.00570
  -0.00000	   0.00469
  -0.00019	   0.00372
  -0.00028	   0.00276
  -0.00028	   0.00182
  -0.00019	   0.00089
   0.00001	  -0.00003
   0.00030	  -0.00094
   0.00070	  -0.00184
   0.00119	  -0.00274
   0.00177	  -0.00362
   0.00245	  -0.00450
   0.00323	  -0.00537
   0.00411	  -0.00622
   0.00508	  -0.00705
   0.00617	  -0.00786
   0.00737	  -0.00864
   0.00868	  -0.00937
   0.01012	  -0.01005
   0.01170	  -0.01063
   0.01342	  -0.01109
   0.01530	  -0.01139
   0.01739	  -0.01151
   0.01974	  -0.01144
   0.02246	  -0.01116
   0.02568	  -0.01070
   0.02957	  -0.01013
   0.03431	  -0.00943
   0.03992	  -0.00862
   0.04611	  -0.00777
   0.05258	  -0.00697
   0.05943	  -0.00621
   0.06687	  -0.00546
   0.07511	  -0.00465
   0.08404	  -0.00376
   0.09325	  -0.00282
   0.10246	  -0.00191
   0.11164	  -0.00106
   0.12083	  -0.00023
   0.13007	   0.00058
   0.13938	   0.00140
   0.14875	   0.00226
   0.15817	   0.00315
   0.16760	   0.00407
   0.17703	   0.00500
   0.18643	   0.00592
   0.19582	   0.00682
   0.20519	   0.00767
   0.21456	   0.00847
   0.22394	   0.00923
   0.23334	   0.00995
   0.24276	   0.01062
   0.25222	   0.01127
   0.26171	   0.01188
   0.27125	   0.01246
   0.28082	   0.01302
   0.29044	   0.01355
   0.30009	   0.01406
   0.30978	   0.01455
   0.31948	   0.01503
   0.32921	   0.01549
   0.33895	   0.01592
   0.34869	   0.01634
   0.35844	   0.01674
   0.36818	   0.01711
   0.37791	   0.01747
   0.38762	   0.01781
   0.39731	   0.01812
   0.40697	   0.01841
   0.41661	   0.01868
   0.42621	   0.01893
   0.43577	   0.01914
   0.44531	   0.01933
   0.45481	   0.01948
   0.46428	   0.01959
   0.47373	   0.01967
   0.48317	   0.01970
   0.49259	   0.01969
   0.50202	   0.01963
   0.51146	   0.01953
   0.52091	   0.01938
   0.53040	   0.01919
   0.53991	   0.01898
   0.54947	   0.01873
   0.55907	   0.01846
   0.56871	   0.01817
   0.57840	   0.01787
   0.58812	   0.01757
   0.59788	   0.01726
   0.60767	   0.01696
   0.61747	   0.01666
   0.62728	   0.01637
   0.63709	   0.01608
   0.64690	   0.01579
   0.65670	   0.01550
   0.66650	   0.01521
   0.67628	   0.01491
   0.68604	   0.01460
   0.69580	   0.01429
   0.70554	   0.01396
   0.71528	   0.01362
   0.72501	   0.01327
   0.73474	   0.01290
   0.74447	   0.01253
   0.75420	   0.01214
   0.76392	   0.01173
   0.77365	   0.01131
   0.78337	   0.01088
   0.79309	   0.01043
   0.80279	   0.00996
   0.81249	   0.00948
   0.82218	   0.00899
   0.83185	   0.00849
   0.84152	   0.00798
   0.85117	   0.00746
   0.86082	   0.00694
   0.87047	   0.00642
   0.88013	   0.00590
   0.88980	   0.00539
   0.89950	   0.00487
   0.90924	   0.00436
   0.91900	   0.00385
   0.92869	   0.00331
   0.93820	   0.00274
   0.94735	   0.00215
   0.95603	   0.00153
   0.96413	   0.00090
   0.97163	   0.00027
   0.97858	  -0.00035
   0.98500	  -0.00095
   0.99096	  -0.00155
   0.99651	  -0.00212
   1.00000	  -0.00250
