GOE 225 (MVA H,35)
   1.00000	   0.00300
   0.99610	   0.00438
   0.98991	   0.00657
   0.98327	   0.00889
   0.97614	   0.01136
   0.96847	   0.01400
   0.96022	   0.01681
   0.95139	   0.01978
   0.94201	   0.02291
   0.93219	   0.02614
   0.92206	   0.02945
   0.91172	   0.03279
   0.90128	   0.03613
   0.89076	   0.03946
   0.88017	   0.04280
   0.86951	   0.04613
   0.85878	   0.04945
   0.84799	   0.05277
   0.83715	   0.05608
   0.82629	   0.05937
   0.81542	   0.06265
   0.80459	   0.06588
   0.79383	   0.06908
   0.78316	   0.07222
   0.77262	   0.07529
   0.76222	   0.07826
   0.75195	   0.08114
   0.74182	   0.08391
   0.73181	   0.08658
   0.72190	   0.08912
   0.71207	   0.09156
   0.70230	   0.09388
   0.69256	   0.09608
   0.68281	   0.09817
   0.67304	   0.10017
   0.66321	   0.10208
   0.65332	   0.10390
   0.64334	   0.10565
   0.63327	   0.10734
   0.62308	   0.10895
   0.61279	   0.11051
   0.60238	   0.11201
   0.59186	   0.11346
   0.58124	   0.11486
   0.57053	   0.11621
   0.55974	   0.11750
   0.54888	   0.11875
   0.53796	   0.11995
   0.52702	   0.12110
   0.51605	   0.12220
   0.50509	   0.12326
   0.49416	   0.12428
   0.48327	   0.12525
   0.47245	   0.12616
   0.46170	   0.12702
   0.45104	   0.12781
   0.44047	   0.12852
   0.42999	   0.12916
   0.41961	   0.12971
   0.40932	   0.13017
   0.39911	   0.13054
   0.38898	   0.13081
   0.37892	   0.13099
   0.36892	   0.13106
   0.35897	   0.13104
   0.34907	   0.13091
   0.33921	   0.13069
   0.32938	   0.13036
   0.31959	   0.12992
   0.30981	   0.12938
   0.30005	   0.12872
   0.29030	   0.12796
   0.28055	   0.12707
   0.27081	   0.12607
   0.26107	   0.12496
   0.25134	   0.12373
   0.24162	   0.12238
   0.23194	   0.12092
   0.22230	   0.11934
   0.21272	   0.11766
   0.20323	   0.11587
   0.19384	   0.11398
   0.18458	   0.11200
   0.17547	   0.10993
   0.16652	   0.10776
   0.15774	   0.10549
   0.14913	   0.10313
   0.14070	   0.10067
   0.13246	   0.09811
   0.12442	   0.09545
   0.11662	   0.09269
   0.10908	   0.08984
   0.10183	   0.08692
   0.09490	   0.08393
   0.08830	   0.08090
   0.08201	   0.07781
   0.07601	   0.07465
   0.07022	   0.07139
   0.06460	   0.06803
   0.05913	   0.06459
   0.05385	   0.06116
   0.04884	   0.05784
   0.04418	   0.05471
   0.03992	   0.05179
   0.03608	   0.04907
   0.03260	   0.04653
   0.02945	   0.04413
   0.02658	   0.04186
   0.02397	   0.03969
   0.02158	   0.03761
   0.01937	   0.03559
   0.01732	   0.03362
   0.01542	   0.03170
   0.01365	   0.02982
   0.01200	   0.02799
   0.01047	   0.02620
   0.00905	   0.02446
   0.00776	   0.02279
   0.00657	   0.02117
   0.00550	   0.01961
   0.00454	   0.01810
   0.00367	   0.01664
   0.00290	   0.01522
   0.00221	   0.01384
   0.00161	   0.01249
   0.00109	   0.01117
   0.00066	   0.00988
   0.00029	   0.00862
   0.00001	   0.00738
  -0.00020	   0.00616
  -0.00033	   0.00496
  -0.00038	   0.00377
  -0.00036	   0.00259
  -0.00025	   0.00143
  -0.00006	   0.00028
   0.00022	  -0.00087
   0.00059	  -0.00202
   0.00104	  -0.00315
   0.00157	  -0.00429
   0.00219	  -0.00541
   0.00290	  -0.00653
   0.00369	  -0.00765
   0.00457	  -0.00875
   0.00554	  -0.00984
   0.00660	  -0.01091
   0.00776	  -0.01195
   0.00902	  -0.01297
   0.01039	  -0.01395
   0.01186	  -0.01487
   0.01344	  -0.01573
   0.01514	  -0.01651
   0.01697	  -0.01720
   0.01893	  -0.01783
   0.02105	  -0.01839
   0.02332	  -0.01891
   0.02576	  -0.01941
   0.02838	  -0.01992
   0.03118	  -0.02044
   0.03418	  -0.02095
   0.03738	  -0.02146
   0.04079	  -0.02195
   0.04441	  -0.02240
   0.04824	  -0.02280
   0.05231	  -0.02312
   0.05664	  -0.02334
   0.06131	  -0.02347
   0.06635	  -0.02348
   0.07185	  -0.02338
   0.07789	  -0.02315
   0.08453	  -0.02278
   0.09182	  -0.02231
   0.09979	  -0.02175
   0.10838	  -0.02117
   0.11750	  -0.02058
   0.12697	  -0.01997
   0.13662	  -0.01932
   0.14634	  -0.01862
   0.15608	  -0.01784
   0.16586	  -0.01697
   0.17571	  -0.01600
   0.18566	  -0.01494
   0.19571	  -0.01377
   0.20586	  -0.01250
   0.21612	  -0.01114
   0.22648	  -0.00969
   0.23692	  -0.00817
   0.24745	  -0.00658
   0.25806	  -0.00495
   0.26874	  -0.00329
   0.27950	  -0.00160
   0.29034	   0.00009
   0.30125	   0.00177
   0.31224	   0.00342
   0.32331	   0.00506
   0.33447	   0.00669
   0.34569	   0.00830
   0.35698	   0.00990
   0.36832	   0.01149
   0.37969	   0.01308
   0.39109	   0.01466
   0.40247	   0.01624
   0.41382	   0.01782
   0.42512	   0.01938
   0.43635	   0.02091
   0.44749	   0.02241
   0.45855	   0.02386
   0.46950	   0.02527
   0.48036	   0.02661
   0.49112	   0.02790
   0.50180	   0.02911
   0.51238	   0.03025
   0.52289	   0.03132
   0.53333	   0.03232
   0.54371	   0.03323
   0.55403	   0.03406
   0.56431	   0.03481
   0.57455	   0.03548
   0.58476	   0.03606
   0.59496	   0.03654
   0.60515	   0.03694
   0.61534	   0.03724
   0.62554	   0.03745
   0.63577	   0.03757
   0.64601	   0.03760
   0.65629	   0.03754
   0.66659	   0.03740
   0.67693	   0.03717
   0.68729	   0.03687
   0.69768	   0.03647
   0.70808	   0.03600
   0.71849	   0.03545
   0.72891	   0.03482
   0.73933	   0.03412
   0.74976	   0.03334
   0.76018	   0.03248
   0.77061	   0.03155
   0.78105	   0.03055
   0.79151	   0.02947
   0.80199	   0.02831
   0.81252	   0.02709
   0.82308	   0.02579
   0.83370	   0.02442
   0.84437	   0.02298
   0.85509	   0.02149
   0.86585	   0.01994
   0.87664	   0.01834
   0.88743	   0.01670
   0.89820	   0.01503
   0.90892	   0.01334
   0.91954	   0.01163
   0.92995	   0.00991
   0.94004	   0.00821
   0.94968	   0.00653
   0.95878	   0.00491
   0.96730	   0.00335
   0.97524	   0.00186
   0.98263	   0.00044
   0.98951	  -0.00090
   0.99594	  -0.00218
   1.00000	  -0.00300
