GOE 598
   1.00000	   0.00100
   0.99698	   0.00130
   0.99216	   0.00177
   0.98695	   0.00229
   0.98128	   0.00285
   0.97508	   0.00347
   0.96828	   0.00415
   0.96081	   0.00490
   0.95268	   0.00572
   0.94413	   0.00659
   0.93579	   0.00744
   0.92757	   0.00827
   0.91930	   0.00910
   0.91091	   0.00993
   0.90232	   0.01077
   0.89371	   0.01158
   0.88523	   0.01236
   0.87685	   0.01311
   0.86852	   0.01384
   0.86020	   0.01456
   0.85188	   0.01526
   0.84352	   0.01595
   0.83512	   0.01665
   0.82666	   0.01734
   0.81813	   0.01803
   0.80953	   0.01873
   0.80086	   0.01944
   0.79216	   0.02015
   0.78349	   0.02086
   0.77485	   0.02157
   0.76622	   0.02228
   0.75759	   0.02299
   0.74895	   0.02370
   0.74030	   0.02440
   0.73164	   0.02510
   0.72295	   0.02580
   0.71425	   0.02648
   0.70554	   0.02716
   0.69685	   0.02782
   0.68817	   0.02847
   0.67949	   0.02911
   0.67082	   0.02974
   0.66214	   0.03036
   0.65346	   0.03097
   0.64478	   0.03157
   0.63609	   0.03216
   0.62739	   0.03275
   0.61868	   0.03333
   0.60997	   0.03391
   0.60125	   0.03448
   0.59254	   0.03505
   0.58382	   0.03561
   0.57511	   0.03617
   0.56640	   0.03671
   0.55770	   0.03723
   0.54901	   0.03774
   0.54032	   0.03823
   0.53165	   0.03869
   0.52298	   0.03913
   0.51433	   0.03953
   0.50567	   0.03991
   0.49703	   0.04024
   0.48838	   0.04054
   0.47973	   0.04080
   0.47109	   0.04103
   0.46244	   0.04122
   0.45379	   0.04138
   0.44513	   0.04151
   0.43647	   0.04161
   0.42780	   0.04168
   0.41912	   0.04172
   0.41044	   0.04174
   0.40175	   0.04174
   0.39306	   0.04171
   0.38436	   0.04166
   0.37566	   0.04160
   0.36695	   0.04151
   0.35824	   0.04140
   0.34952	   0.04128
   0.34081	   0.04115
   0.33209	   0.04099
   0.32337	   0.04083
   0.31465	   0.04065
   0.30593	   0.04046
   0.29721	   0.04026
   0.28849	   0.04005
   0.27977	   0.03983
   0.27106	   0.03959
   0.26235	   0.03932
   0.25364	   0.03903
   0.24495	   0.03871
   0.23626	   0.03836
   0.22759	   0.03797
   0.21893	   0.03754
   0.21029	   0.03707
   0.20168	   0.03654
   0.19308	   0.03597
   0.18451	   0.03534
   0.17596	   0.03468
   0.16741	   0.03398
   0.15885	   0.03326
   0.15023	   0.03250
   0.14156	   0.03173
   0.13299	   0.03095
   0.12453	   0.03014
   0.11611	   0.02930
   0.10764	   0.02840
   0.09903	   0.02742
   0.09073	   0.02640
   0.08279	   0.02531
   0.07492	   0.02408
   0.06669	   0.02258
   0.05889	   0.02100
   0.05113	   0.01935
   0.04337	   0.01768
   0.03727	   0.01632
   0.03199	   0.01504
   0.02669	   0.01362
   0.02044	   0.01166
   0.01502	   0.00964
   0.00954	   0.00735
   0.00677	   0.00606
   0.00493	   0.00508
   0.00355	   0.00424
   0.00249	   0.00350
   0.00165	   0.00281
   0.00101	   0.00215
   0.00053	   0.00153
   0.00021	   0.00091
   0.00003	   0.00031
   0.00001	  -0.00029
   0.00012	  -0.00089
   0.00039	  -0.00150
   0.00079	  -0.00213
   0.00134	  -0.00278
   0.00205	  -0.00345
   0.00295	  -0.00417
   0.00408	  -0.00494
   0.00551	  -0.00578
   0.00739	  -0.00675
   0.01010	  -0.00795
   0.01510	  -0.00971
   0.02155	  -0.01126
   0.02822	  -0.01253
   0.03381	  -0.01372
   0.03929	  -0.01490
   0.04532	  -0.01610
   0.05246	  -0.01725
   0.06073	  -0.01812
   0.06940	  -0.01868
   0.07795	  -0.01913
   0.08640	  -0.01962
   0.09492	  -0.02015
   0.10357	  -0.02069
   0.11229	  -0.02121
   0.12098	  -0.02170
   0.12969	  -0.02215
   0.13839	  -0.02255
   0.14703	  -0.02290
   0.15563	  -0.02319
   0.16421	  -0.02343
   0.17280	  -0.02363
   0.18142	  -0.02379
   0.19008	  -0.02392
   0.19878	  -0.02403
   0.20750	  -0.02413
   0.21624	  -0.02423
   0.22495	  -0.02431
   0.23365	  -0.02438
   0.24235	  -0.02444
   0.25105	  -0.02450
   0.25976	  -0.02454
   0.26848	  -0.02457
   0.27721	  -0.02460
   0.28594	  -0.02461
   0.29468	  -0.02461
   0.30340	  -0.02461
   0.31211	  -0.02459
   0.32082	  -0.02456
   0.32952	  -0.02452
   0.33821	  -0.02447
   0.34691	  -0.02440
   0.35560	  -0.02433
   0.36429	  -0.02423
   0.37298	  -0.02412
   0.38168	  -0.02400
   0.39037	  -0.02386
   0.39907	  -0.02370
   0.40777	  -0.02352
   0.41647	  -0.02332
   0.42518	  -0.02311
   0.43388	  -0.02289
   0.44259	  -0.02264
   0.45130	  -0.02239
   0.46001	  -0.02212
   0.46872	  -0.02184
   0.47743	  -0.02155
   0.48615	  -0.02125
   0.49487	  -0.02094
   0.50359	  -0.02062
   0.51231	  -0.02029
   0.52103	  -0.01996
   0.52976	  -0.01962
   0.53849	  -0.01928
   0.54722	  -0.01893
   0.55595	  -0.01858
   0.56469	  -0.01823
   0.57343	  -0.01787
   0.58216	  -0.01752
   0.59090	  -0.01716
   0.59963	  -0.01681
   0.60836	  -0.01646
   0.61709	  -0.01611
   0.62581	  -0.01577
   0.63453	  -0.01542
   0.64324	  -0.01508
   0.65195	  -0.01473
   0.66066	  -0.01439
   0.66937	  -0.01405
   0.67808	  -0.01371
   0.68679	  -0.01337
   0.69552	  -0.01303
   0.70425	  -0.01268
   0.71297	  -0.01234
   0.72168	  -0.01200
   0.73037	  -0.01166
   0.73904	  -0.01131
   0.74769	  -0.01097
   0.75634	  -0.01063
   0.76498	  -0.01029
   0.77362	  -0.00995
   0.78228	  -0.00961
   0.79095	  -0.00926
   0.79966	  -0.00892
   0.80837	  -0.00857
   0.81702	  -0.00823
   0.82561	  -0.00789
   0.83414	  -0.00755
   0.84260	  -0.00722
   0.85102	  -0.00688
   0.85942	  -0.00655
   0.86780	  -0.00622
   0.87620	  -0.00589
   0.88466	  -0.00555
   0.89320	  -0.00522
   0.90187	  -0.00487
   0.91046	  -0.00453
   0.91887	  -0.00420
   0.92715	  -0.00388
   0.93538	  -0.00355
   0.94372	  -0.00322
   0.95229	  -0.00288
   0.96051	  -0.00256
   0.96805	  -0.00226
   0.97492	  -0.00199
   0.98117	  -0.00174
   0.98688	  -0.00152
   0.99212	  -0.00131
   0.99697	  -0.00112
   1.00000	  -0.00100
