GOE 404
   1.00000	   0.00080
   0.99567	   0.00181
   0.98882	   0.00340
   0.98147	   0.00512
   0.97358	   0.00695
   0.96509	   0.00893
   0.95598	   0.01105
   0.94625	   0.01331
   0.93594	   0.01571
   0.92515	   0.01822
   0.91402	   0.02082
   0.90266	   0.02347
   0.89119	   0.02616
   0.87965	   0.02886
   0.86810	   0.03157
   0.85657	   0.03425
   0.84509	   0.03690
   0.83366	   0.03950
   0.82229	   0.04205
   0.81096	   0.04455
   0.79964	   0.04699
   0.78831	   0.04938
   0.77692	   0.05172
   0.76546	   0.05402
   0.75390	   0.05630
   0.74222	   0.05856
   0.73041	   0.06082
   0.71848	   0.06307
   0.70643	   0.06532
   0.69429	   0.06758
   0.68210	   0.06985
   0.66987	   0.07210
   0.65765	   0.07434
   0.64546	   0.07656
   0.63333	   0.07875
   0.62127	   0.08090
   0.60931	   0.08300
   0.59744	   0.08506
   0.58568	   0.08707
   0.57404	   0.08903
   0.56250	   0.09092
   0.55106	   0.09274
   0.53972	   0.09450
   0.52846	   0.09618
   0.51727	   0.09779
   0.50612	   0.09933
   0.49499	   0.10079
   0.48387	   0.10217
   0.47273	   0.10349
   0.46155	   0.10473
   0.45033	   0.10591
   0.43907	   0.10703
   0.42775	   0.10809
   0.41639	   0.10910
   0.40501	   0.11006
   0.39361	   0.11096
   0.38223	   0.11181
   0.37089	   0.11259
   0.35961	   0.11330
   0.34843	   0.11393
   0.33737	   0.11447
   0.32645	   0.11492
   0.31571	   0.11526
   0.30515	   0.11550
   0.29481	   0.11563
   0.28469	   0.11566
   0.27481	   0.11558
   0.26515	   0.11539
   0.25571	   0.11508
   0.24646	   0.11465
   0.23739	   0.11410
   0.22846	   0.11343
   0.21965	   0.11263
   0.21093	   0.11169
   0.20226	   0.11060
   0.19361	   0.10936
   0.18493	   0.10796
   0.17621	   0.10641
   0.16744	   0.10472
   0.15867	   0.10292
   0.14997	   0.10105
   0.14144	   0.09915
   0.13319	   0.09723
   0.12528	   0.09528
   0.11778	   0.09332
   0.11068	   0.09133
   0.10400	   0.08931
   0.09771	   0.08727
   0.09178	   0.08521
   0.08620	   0.08311
   0.08093	   0.08098
   0.07593	   0.07880
   0.07116	   0.07657
   0.06658	   0.07426
   0.06217	   0.07190
   0.05791	   0.06953
   0.05382	   0.06716
   0.04993	   0.06484
   0.04623	   0.06260
   0.04277	   0.06045
   0.03954	   0.05838
   0.03655	   0.05638
   0.03377	   0.05443
   0.03120	   0.05251
   0.02881	   0.05061
   0.02659	   0.04873
   0.02452	   0.04684
   0.02259	   0.04495
   0.02078	   0.04304
   0.01908	   0.04113
   0.01747	   0.03920
   0.01594	   0.03728
   0.01448	   0.03536
   0.01309	   0.03346
   0.01175	   0.03158
   0.01048	   0.02974
   0.00928	   0.02794
   0.00814	   0.02618
   0.00708	   0.02447
   0.00610	   0.02280
   0.00519	   0.02117
   0.00436	   0.01958
   0.00361	   0.01803
   0.00292	   0.01651
   0.00231	   0.01502
   0.00177	   0.01356
   0.00129	   0.01212
   0.00088	   0.01071
   0.00054	   0.00931
   0.00027	   0.00794
   0.00006	   0.00658
  -0.00009	   0.00523
  -0.00017	   0.00389
  -0.00018	   0.00256
  -0.00012	   0.00123
   0.00001	  -0.00009
   0.00021	  -0.00141
   0.00048	  -0.00272
   0.00082	  -0.00404
   0.00123	  -0.00535
   0.00171	  -0.00666
   0.00226	  -0.00795
   0.00287	  -0.00924
   0.00355	  -0.01052
   0.00430	  -0.01179
   0.00513	  -0.01303
   0.00603	  -0.01426
   0.00700	  -0.01546
   0.00805	  -0.01663
   0.00918	  -0.01777
   0.01040	  -0.01885
   0.01170	  -0.01989
   0.01309	  -0.02085
   0.01458	  -0.02174
   0.01617	  -0.02256
   0.01786	  -0.02331
   0.01964	  -0.02399
   0.02153	  -0.02461
   0.02352	  -0.02520
   0.02561	  -0.02575
   0.02778	  -0.02629
   0.03006	  -0.02681
   0.03243	  -0.02732
   0.03490	  -0.02781
   0.03748	  -0.02826
   0.04017	  -0.02869
   0.04297	  -0.02907
   0.04590	  -0.02940
   0.04897	  -0.02968
   0.05218	  -0.02989
   0.05557	  -0.03003
   0.05915	  -0.03009
   0.06295	  -0.03007
   0.06701	  -0.02997
   0.07138	  -0.02979
   0.07608	  -0.02953
   0.08118	  -0.02920
   0.08670	  -0.02879
   0.09270	  -0.02832
   0.09922	  -0.02779
   0.10628	  -0.02724
   0.11393	  -0.02666
   0.12214	  -0.02606
   0.13089	  -0.02544
   0.14011	  -0.02478
   0.14971	  -0.02409
   0.15962	  -0.02335
   0.16978	  -0.02257
   0.18015	  -0.02179
   0.19069	  -0.02103
   0.20140	  -0.02031
   0.21226	  -0.01966
   0.22330	  -0.01907
   0.23453	  -0.01853
   0.24595	  -0.01804
   0.25757	  -0.01759
   0.26938	  -0.01717
   0.28137	  -0.01677
   0.29351	  -0.01638
   0.30577	  -0.01598
   0.31809	  -0.01558
   0.33045	  -0.01517
   0.34280	  -0.01477
   0.35513	  -0.01437
   0.36741	  -0.01399
   0.37966	  -0.01362
   0.39188	  -0.01328
   0.40408	  -0.01296
   0.41628	  -0.01266
   0.42852	  -0.01238
   0.44080	  -0.01213
   0.45314	  -0.01188
   0.46553	  -0.01165
   0.47798	  -0.01143
   0.49047	  -0.01121
   0.50299	  -0.01099
   0.51551	  -0.01078
   0.52800	  -0.01055
   0.54044	  -0.01032
   0.55283	  -0.01007
   0.56514	  -0.00981
   0.57738	  -0.00953
   0.58955	  -0.00922
   0.60166	  -0.00889
   0.61370	  -0.00853
   0.62569	  -0.00815
   0.63765	  -0.00776
   0.64958	  -0.00736
   0.66149	  -0.00697
   0.67339	  -0.00659
   0.68530	  -0.00623
   0.69723	  -0.00590
   0.70919	  -0.00560
   0.72118	  -0.00534
   0.73322	  -0.00512
   0.74532	  -0.00492
   0.75746	  -0.00475
   0.76965	  -0.00460
   0.78188	  -0.00448
   0.79413	  -0.00437
   0.80639	  -0.00427
   0.81864	  -0.00419
   0.83084	  -0.00410
   0.84298	  -0.00402
   0.85504	  -0.00392
   0.86698	  -0.00382
   0.87880	  -0.00370
   0.89046	  -0.00355
   0.90196	  -0.00338
   0.91327	  -0.00318
   0.92434	  -0.00296
   0.93508	  -0.00272
   0.94539	  -0.00247
   0.95518	  -0.00221
   0.96438	  -0.00195
   0.97300	  -0.00170
   0.98103	  -0.00144
   0.98854	  -0.00120
   0.99556	  -0.00096
   1.00000	  -0.00080
