GOO620M
   1.00000	   0.00000
   0.99684	   0.00092
   0.99181	   0.00238
   0.98640	   0.00392
   0.98054	   0.00557
   0.97418	   0.00733
   0.96727	   0.00922
   0.95975	   0.01123
   0.95164	   0.01335
   0.94301	   0.01555
   0.93414	   0.01777
   0.92537	   0.01993
   0.91660	   0.02205
   0.90774	   0.02417
   0.89879	   0.02630
   0.88993	   0.02839
   0.88115	   0.03045
   0.87243	   0.03249
   0.86375	   0.03449
   0.85508	   0.03648
   0.84640	   0.03845
   0.83772	   0.04039
   0.82900	   0.04231
   0.82026	   0.04421
   0.81148	   0.04609
   0.80267	   0.04794
   0.79382	   0.04976
   0.78494	   0.05154
   0.77604	   0.05330
   0.76711	   0.05502
   0.75818	   0.05671
   0.74923	   0.05837
   0.74027	   0.06000
   0.73131	   0.06159
   0.72234	   0.06316
   0.71338	   0.06470
   0.70441	   0.06621
   0.69543	   0.06769
   0.68646	   0.06915
   0.67748	   0.07058
   0.66850	   0.07199
   0.65952	   0.07337
   0.65053	   0.07472
   0.64154	   0.07604
   0.63255	   0.07734
   0.62355	   0.07862
   0.61454	   0.07986
   0.60554	   0.08108
   0.59653	   0.08228
   0.58752	   0.08344
   0.57851	   0.08458
   0.56950	   0.08569
   0.56048	   0.08676
   0.55147	   0.08781
   0.54246	   0.08883
   0.53344	   0.08982
   0.52443	   0.09078
   0.51542	   0.09170
   0.50640	   0.09260
   0.49739	   0.09346
   0.48837	   0.09428
   0.47935	   0.09508
   0.47033	   0.09584
   0.46131	   0.09656
   0.45229	   0.09725
   0.44327	   0.09791
   0.43424	   0.09852
   0.42522	   0.09910
   0.41620	   0.09965
   0.40718	   0.10015
   0.39816	   0.10062
   0.38915	   0.10105
   0.38015	   0.10144
   0.37116	   0.10178
   0.36218	   0.10208
   0.35320	   0.10233
   0.34424	   0.10253
   0.33529	   0.10268
   0.32635	   0.10278
   0.31743	   0.10282
   0.30851	   0.10280
   0.29961	   0.10273
   0.29072	   0.10259
   0.28184	   0.10239
   0.27297	   0.10213
   0.26411	   0.10180
   0.25526	   0.10141
   0.24642	   0.10094
   0.23760	   0.10041
   0.22879	   0.09980
   0.22000	   0.09913
   0.21122	   0.09837
   0.20246	   0.09755
   0.19372	   0.09664
   0.18500	   0.09566
   0.17632	   0.09458
   0.16767	   0.09341
   0.15909	   0.09215
   0.15059	   0.09078
   0.14220	   0.08931
   0.13392	   0.08775
   0.12574	   0.08608
   0.11765	   0.08430
   0.10959	   0.08240
   0.10149	   0.08036
   0.09329	   0.07815
   0.08492	   0.07577
   0.07651	   0.07328
   0.06835	   0.07080
   0.06076	   0.06830
   0.05386	   0.06573
   0.04761	   0.06304
   0.04192	   0.06025
   0.03666	   0.05740
   0.03162	   0.05446
   0.02659	   0.05132
   0.02110	   0.04769
   0.01553	   0.04377
   0.01170	   0.04095
   0.00908	   0.03894
   0.00713	   0.03734
   0.00560	   0.03598
   0.00435	   0.03478
   0.00332	   0.03369
   0.00246	   0.03267
   0.00175	   0.03172
   0.00117	   0.03081
   0.00071	   0.02995
   0.00036	   0.02911
   0.00011	   0.02830
  -0.00003	   0.02750
  -0.00006	   0.02672
   0.00002	   0.02595
   0.00021	   0.02518
   0.00051	   0.02440
   0.00093	   0.02362
   0.00147	   0.02283
   0.00214	   0.02203
   0.00294	   0.02120
   0.00389	   0.02035
   0.00503	   0.01946
   0.00638	   0.01852
   0.00802	   0.01752
   0.01004	   0.01644
   0.01262	   0.01525
   0.01601	   0.01398
   0.02055	   0.01270
   0.02614	   0.01151
   0.03249	   0.01028
   0.03954	   0.00902
   0.04716	   0.00778
   0.05510	   0.00664
   0.06310	   0.00568
   0.07109	   0.00491
   0.07913	   0.00433
   0.08741	   0.00390
   0.09604	   0.00356
   0.10505	   0.00322
   0.11421	   0.00284
   0.12328	   0.00244
   0.13236	   0.00201
   0.14152	   0.00155
   0.15063	   0.00105
   0.15959	   0.00055
   0.16840	   0.00006
   0.17708	  -0.00038
   0.18565	  -0.00075
   0.19414	  -0.00102
   0.20256	  -0.00117
   0.21095	  -0.00118
   0.21932	  -0.00108
   0.22769	  -0.00087
   0.23609	  -0.00058
   0.24453	  -0.00021
   0.25301	   0.00021
   0.26156	   0.00067
   0.27017	   0.00115
   0.27885	   0.00164
   0.28761	   0.00212
   0.29643	   0.00256
   0.30531	   0.00296
   0.31424	   0.00330
   0.32321	   0.00359
   0.33221	   0.00383
   0.34123	   0.00405
   0.35026	   0.00424
   0.35930	   0.00441
   0.36834	   0.00457
   0.37739	   0.00474
   0.38644	   0.00492
   0.39548	   0.00511
   0.40454	   0.00534
   0.41360	   0.00559
   0.42268	   0.00587
   0.43177	   0.00618
   0.44087	   0.00650
   0.44999	   0.00684
   0.45913	   0.00720
   0.46829	   0.00756
   0.47746	   0.00793
   0.48663	   0.00830
   0.49582	   0.00867
   0.50499	   0.00902
   0.51417	   0.00937
   0.52333	   0.00971
   0.53247	   0.01002
   0.54159	   0.01032
   0.55069	   0.01059
   0.55976	   0.01083
   0.56882	   0.01105
   0.57785	   0.01123
   0.58687	   0.01137
   0.59587	   0.01148
   0.60487	   0.01154
   0.61387	   0.01156
   0.62287	   0.01155
   0.63187	   0.01150
   0.64089	   0.01143
   0.64993	   0.01134
   0.65898	   0.01123
   0.66806	   0.01112
   0.67716	   0.01099
   0.68628	   0.01087
   0.69542	   0.01075
   0.70458	   0.01064
   0.71377	   0.01054
   0.72297	   0.01044
   0.73219	   0.01035
   0.74142	   0.01026
   0.75065	   0.01017
   0.75987	   0.01006
   0.76909	   0.00995
   0.77828	   0.00982
   0.78745	   0.00967
   0.79658	   0.00950
   0.80565	   0.00931
   0.81467	   0.00908
   0.82363	   0.00884
   0.83252	   0.00857
   0.84136	   0.00827
   0.85015	   0.00796
   0.85892	   0.00762
   0.86769	   0.00725
   0.87647	   0.00686
   0.88530	   0.00645
   0.89423	   0.00600
   0.90329	   0.00552
   0.91244	   0.00502
   0.92145	   0.00451
   0.93036	   0.00399
   0.93929	   0.00346
   0.94839	   0.00292
   0.95716	   0.00241
   0.96529	   0.00194
   0.97274	   0.00152
   0.97953	   0.00113
   0.98575	   0.00079
   0.99145	   0.00047
   0.99671	   0.00018
   1.00000	   0.00000
