Gottingen 7K
   1.00000	   0.00000
   0.99727	   0.00151
   0.99297	   0.00385
   0.98838	   0.00627
   0.98348	   0.00877
   0.97822	   0.01137
   0.97258	   0.01405
   0.96651	   0.01683
   0.95998	   0.01967
   0.95299	   0.02258
   0.94556	   0.02551
   0.93774	   0.02843
   0.92962	   0.03131
   0.92131	   0.03413
   0.91290	   0.03688
   0.90446	   0.03956
   0.89603	   0.04218
   0.88762	   0.04476
   0.87924	   0.04730
   0.87088	   0.04979
   0.86253	   0.05222
   0.85419	   0.05460
   0.84585	   0.05692
   0.83753	   0.05919
   0.82920	   0.06139
   0.82086	   0.06354
   0.81252	   0.06561
   0.80417	   0.06763
   0.79579	   0.06957
   0.78739	   0.07144
   0.77896	   0.07324
   0.77051	   0.07499
   0.76202	   0.07667
   0.75350	   0.07829
   0.74495	   0.07986
   0.73638	   0.08136
   0.72777	   0.08282
   0.71915	   0.08422
   0.71050	   0.08558
   0.70184	   0.08688
   0.69318	   0.08813
   0.68451	   0.08934
   0.67585	   0.09049
   0.66720	   0.09159
   0.65856	   0.09263
   0.64993	   0.09361
   0.64132	   0.09452
   0.63271	   0.09537
   0.62412	   0.09616
   0.61553	   0.09688
   0.60695	   0.09753
   0.59836	   0.09810
   0.58977	   0.09861
   0.58116	   0.09905
   0.57254	   0.09942
   0.56389	   0.09973
   0.55523	   0.09999
   0.54653	   0.10019
   0.53781	   0.10033
   0.52906	   0.10043
   0.52029	   0.10048
   0.51149	   0.10049
   0.50268	   0.10047
   0.49384	   0.10040
   0.48500	   0.10030
   0.47615	   0.10017
   0.46729	   0.10000
   0.45843	   0.09980
   0.44958	   0.09956
   0.44074	   0.09928
   0.43190	   0.09896
   0.42308	   0.09861
   0.41426	   0.09822
   0.40546	   0.09779
   0.39668	   0.09732
   0.38791	   0.09681
   0.37915	   0.09626
   0.37041	   0.09567
   0.36168	   0.09503
   0.35297	   0.09435
   0.34427	   0.09363
   0.33558	   0.09285
   0.32691	   0.09203
   0.31824	   0.09116
   0.30958	   0.09024
   0.30093	   0.08926
   0.29228	   0.08823
   0.28363	   0.08714
   0.27498	   0.08600
   0.26633	   0.08481
   0.25768	   0.08356
   0.24901	   0.08227
   0.24035	   0.08093
   0.23168	   0.07954
   0.22301	   0.07811
   0.21434	   0.07663
   0.20567	   0.07512
   0.19701	   0.07356
   0.18836	   0.07196
   0.17973	   0.07032
   0.17114	   0.06863
   0.16259	   0.06688
   0.15412	   0.06508
   0.14574	   0.06323
   0.13748	   0.06132
   0.12934	   0.05934
   0.12130	   0.05730
   0.11334	   0.05517
   0.10541	   0.05294
   0.09746	   0.05058
   0.08941	   0.04807
   0.08125	   0.04542
   0.07305	   0.04268
   0.06501	   0.03993
   0.05726	   0.03716
   0.04980	   0.03435
   0.04259	   0.03144
   0.03565	   0.02841
   0.02917	   0.02529
   0.02333	   0.02219
   0.01828	   0.01926
   0.01414	   0.01667
   0.01085	   0.01442
   0.00827	   0.01250
   0.00624	   0.01085
   0.00462	   0.00938
   0.00331	   0.00805
   0.00224	   0.00683
   0.00139	   0.00572
   0.00074	   0.00468
   0.00027	   0.00368
  -0.00004	   0.00270
  -0.00018	   0.00172
  -0.00016	   0.00077
   0.00005	  -0.00015
   0.00048	  -0.00103
   0.00113	  -0.00188
   0.00198	  -0.00273
   0.00303	  -0.00355
   0.00430	  -0.00434
   0.00580	  -0.00513
   0.00760	  -0.00593
   0.00978	  -0.00675
   0.01245	  -0.00761
   0.01573	  -0.00849
   0.01978	  -0.00939
   0.02465	  -0.01024
   0.03029	  -0.01091
   0.03677	  -0.01133
   0.04405	  -0.01156
   0.05194	  -0.01173
   0.06020	  -0.01197
   0.06863	  -0.01226
   0.07713	  -0.01252
   0.08574	  -0.01271
   0.09450	  -0.01286
   0.10340	  -0.01301
   0.11237	  -0.01316
   0.12135	  -0.01330
   0.13027	  -0.01343
   0.13913	  -0.01354
   0.14792	  -0.01361
   0.15667	  -0.01363
   0.16543	  -0.01362
   0.17421	  -0.01357
   0.18306	  -0.01349
   0.19197	  -0.01339
   0.20095	  -0.01329
   0.20994	  -0.01318
   0.21890	  -0.01307
   0.22783	  -0.01296
   0.23675	  -0.01285
   0.24566	  -0.01274
   0.25458	  -0.01263
   0.26352	  -0.01251
   0.27247	  -0.01240
   0.28144	  -0.01229
   0.29043	  -0.01217
   0.29943	  -0.01206
   0.30844	  -0.01194
   0.31744	  -0.01183
   0.32643	  -0.01172
   0.33541	  -0.01160
   0.34440	  -0.01149
   0.35339	  -0.01138
   0.36238	  -0.01127
   0.37137	  -0.01116
   0.38037	  -0.01104
   0.38938	  -0.01093
   0.39839	  -0.01082
   0.40740	  -0.01071
   0.41642	  -0.01060
   0.42543	  -0.01048
   0.43444	  -0.01037
   0.44344	  -0.01026
   0.45245	  -0.01014
   0.46146	  -0.01003
   0.47048	  -0.00992
   0.47949	  -0.00981
   0.48850	  -0.00969
   0.49752	  -0.00958
   0.50653	  -0.00947
   0.51555	  -0.00936
   0.52456	  -0.00924
   0.53357	  -0.00913
   0.54259	  -0.00902
   0.55160	  -0.00891
   0.56062	  -0.00879
   0.56963	  -0.00868
   0.57865	  -0.00857
   0.58766	  -0.00846
   0.59668	  -0.00834
   0.60569	  -0.00823
   0.61470	  -0.00811
   0.62371	  -0.00800
   0.63271	  -0.00788
   0.64171	  -0.00777
   0.65071	  -0.00766
   0.65971	  -0.00754
   0.66871	  -0.00743
   0.67771	  -0.00732
   0.68670	  -0.00721
   0.69571	  -0.00710
   0.70471	  -0.00699
   0.71372	  -0.00689
   0.72273	  -0.00678
   0.73174	  -0.00668
   0.74073	  -0.00657
   0.74972	  -0.00647
   0.75871	  -0.00636
   0.76770	  -0.00624
   0.77670	  -0.00613
   0.78570	  -0.00600
   0.79471	  -0.00588
   0.80369	  -0.00574
   0.81264	  -0.00561
   0.82155	  -0.00547
   0.83042	  -0.00533
   0.83925	  -0.00519
   0.84806	  -0.00506
   0.85683	  -0.00494
   0.86559	  -0.00483
   0.87435	  -0.00474
   0.88312	  -0.00465
   0.89192	  -0.00459
   0.90077	  -0.00455
   0.90970	  -0.00452
   0.91869	  -0.00449
   0.92769	  -0.00442
   0.93658	  -0.00430
   0.94521	  -0.00409
   0.95344	  -0.00379
   0.96116	  -0.00341
   0.96832	  -0.00297
   0.97494	  -0.00249
   0.98106	  -0.00198
   0.98673	  -0.00145
   0.99199	  -0.00091
   0.99690	  -0.00036
   1.00000	   0.00000
