HD45
   1.00000	   0.00000
   0.99673	   0.00030
   0.99078	   0.00093
   0.98354	   0.00183
   0.97554	   0.00288
   0.96727	   0.00395
   0.95893	   0.00501
   0.95055	   0.00603
   0.94213	   0.00703
   0.93367	   0.00801
   0.92517	   0.00897
   0.91666	   0.00992
   0.90813	   0.01086
   0.89959	   0.01179
   0.89105	   0.01272
   0.88250	   0.01364
   0.87396	   0.01456
   0.86542	   0.01547
   0.85688	   0.01636
   0.84834	   0.01726
   0.83979	   0.01814
   0.83124	   0.01902
   0.82269	   0.01989
   0.81414	   0.02076
   0.80560	   0.02161
   0.79705	   0.02246
   0.78850	   0.02331
   0.77995	   0.02414
   0.77140	   0.02497
   0.76285	   0.02579
   0.75431	   0.02660
   0.74576	   0.02740
   0.73722	   0.02819
   0.72867	   0.02898
   0.72012	   0.02975
   0.71158	   0.03052
   0.70303	   0.03128
   0.69449	   0.03202
   0.68594	   0.03276
   0.67739	   0.03348
   0.66885	   0.03420
   0.66030	   0.03491
   0.65176	   0.03560
   0.64321	   0.03628
   0.63466	   0.03696
   0.62612	   0.03762
   0.61757	   0.03827
   0.60903	   0.03890
   0.60049	   0.03953
   0.59195	   0.04014
   0.58340	   0.04074
   0.57486	   0.04133
   0.56632	   0.04190
   0.55778	   0.04246
   0.54923	   0.04301
   0.54069	   0.04354
   0.53215	   0.04406
   0.52361	   0.04456
   0.51507	   0.04505
   0.50653	   0.04552
   0.49799	   0.04598
   0.48945	   0.04642
   0.48092	   0.04684
   0.47238	   0.04725
   0.46385	   0.04764
   0.45533	   0.04801
   0.44680	   0.04836
   0.43827	   0.04870
   0.42974	   0.04901
   0.42121	   0.04931
   0.41269	   0.04958
   0.40417	   0.04984
   0.39565	   0.05007
   0.38712	   0.05028
   0.37860	   0.05047
   0.37009	   0.05064
   0.36158	   0.05078
   0.35308	   0.05090
   0.34458	   0.05100
   0.33608	   0.05107
   0.32758	   0.05111
   0.31909	   0.05112
   0.31060	   0.05111
   0.30211	   0.05107
   0.29363	   0.05099
   0.28516	   0.05089
   0.27669	   0.05076
   0.26822	   0.05059
   0.25976	   0.05039
   0.25131	   0.05015
   0.24287	   0.04988
   0.23444	   0.04957
   0.22601	   0.04922
   0.21760	   0.04883
   0.20920	   0.04840
   0.20082	   0.04792
   0.19244	   0.04739
   0.18407	   0.04682
   0.17572	   0.04620
   0.16740	   0.04552
   0.15909	   0.04479
   0.15080	   0.04400
   0.14254	   0.04315
   0.13431	   0.04223
   0.12610	   0.04125
   0.11794	   0.04019
   0.10981	   0.03906
   0.10173	   0.03784
   0.09371	   0.03654
   0.08575	   0.03514
   0.07786	   0.03364
   0.07008	   0.03203
   0.06241	   0.03031
   0.05490	   0.02847
   0.04756	   0.02649
   0.04042	   0.02437
   0.03362	   0.02213
   0.02734	   0.01982
   0.02173	   0.01748
   0.01688	   0.01517
   0.01289	   0.01303
   0.00972	   0.01113
   0.00725	   0.00949
   0.00534	   0.00805
   0.00384	   0.00675
   0.00267	   0.00556
   0.00174	   0.00443
   0.00102	   0.00335
   0.00051	   0.00232
   0.00017	   0.00132
   0.00002	   0.00038
   0.00003	  -0.00054
   0.00023	  -0.00145
   0.00063	  -0.00237
   0.00125	  -0.00330
   0.00212	  -0.00420
   0.00325	  -0.00507
   0.00462	  -0.00596
   0.00631	  -0.00689
   0.00842	  -0.00790
   0.01109	  -0.00901
   0.01448	  -0.01023
   0.01877	  -0.01154
   0.02407	  -0.01290
   0.03031	  -0.01425
   0.03724	  -0.01552
   0.04461	  -0.01668
   0.05227	  -0.01771
   0.06014	  -0.01862
   0.06815	  -0.01943
   0.07626	  -0.02014
   0.08445	  -0.02077
   0.09270	  -0.02133
   0.10099	  -0.02183
   0.10932	  -0.02226
   0.11769	  -0.02265
   0.12608	  -0.02298
   0.13451	  -0.02328
   0.14295	  -0.02353
   0.15141	  -0.02375
   0.15988	  -0.02394
   0.16836	  -0.02409
   0.17686	  -0.02422
   0.18536	  -0.02432
   0.19387	  -0.02440
   0.20239	  -0.02446
   0.21092	  -0.02449
   0.21946	  -0.02450
   0.22800	  -0.02450
   0.23655	  -0.02448
   0.24511	  -0.02445
   0.25366	  -0.02440
   0.26222	  -0.02434
   0.27079	  -0.02426
   0.27936	  -0.02417
   0.28794	  -0.02407
   0.29651	  -0.02396
   0.30508	  -0.02384
   0.31366	  -0.02371
   0.32224	  -0.02357
   0.33083	  -0.02342
   0.33941	  -0.02327
   0.34800	  -0.02310
   0.35659	  -0.02293
   0.36518	  -0.02275
   0.37377	  -0.02256
   0.38236	  -0.02237
   0.39096	  -0.02217
   0.39956	  -0.02197
   0.40816	  -0.02176
   0.41675	  -0.02154
   0.42535	  -0.02133
   0.43395	  -0.02110
   0.44256	  -0.02087
   0.45116	  -0.02064
   0.45976	  -0.02040
   0.46836	  -0.02016
   0.47697	  -0.01992
   0.48557	  -0.01967
   0.49418	  -0.01942
   0.50279	  -0.01916
   0.51139	  -0.01890
   0.52000	  -0.01864
   0.52861	  -0.01838
   0.53722	  -0.01812
   0.54583	  -0.01785
   0.55444	  -0.01758
   0.56304	  -0.01730
   0.57165	  -0.01703
   0.58026	  -0.01675
   0.58887	  -0.01647
   0.59748	  -0.01618
   0.60609	  -0.01590
   0.61471	  -0.01561
   0.62332	  -0.01532
   0.63194	  -0.01503
   0.64055	  -0.01474
   0.64916	  -0.01445
   0.65777	  -0.01416
   0.66638	  -0.01386
   0.67499	  -0.01356
   0.68360	  -0.01326
   0.69220	  -0.01296
   0.70081	  -0.01265
   0.70942	  -0.01234
   0.71803	  -0.01203
   0.72665	  -0.01172
   0.73526	  -0.01140
   0.74386	  -0.01109
   0.75247	  -0.01077
   0.76108	  -0.01045
   0.76968	  -0.01013
   0.77829	  -0.00980
   0.78689	  -0.00947
   0.79550	  -0.00914
   0.80411	  -0.00881
   0.81271	  -0.00847
   0.82131	  -0.00813
   0.82991	  -0.00778
   0.83851	  -0.00744
   0.84712	  -0.00709
   0.85572	  -0.00673
   0.86432	  -0.00638
   0.87291	  -0.00601
   0.88149	  -0.00565
   0.89007	  -0.00527
   0.89864	  -0.00489
   0.90720	  -0.00450
   0.91575	  -0.00409
   0.92430	  -0.00367
   0.93285	  -0.00324
   0.94139	  -0.00279
   0.94994	  -0.00233
   0.95850	  -0.00186
   0.96701	  -0.00139
   0.97537	  -0.00094
   0.98338	  -0.00053
   0.99068	  -0.00022
   0.99671	  -0.00005
   1.00000	   0.00000
