HD48A
   1.00000	   0.00000
   0.99679	   0.00042
   0.99122	   0.00125
   0.98460	   0.00237
   0.97701	   0.00371
   0.96885	   0.00514
   0.96051	   0.00656
   0.95203	   0.00794
   0.94340	   0.00931
   0.93465	   0.01066
   0.92581	   0.01200
   0.91693	   0.01333
   0.90803	   0.01466
   0.89911	   0.01599
   0.89019	   0.01730
   0.88128	   0.01861
   0.87237	   0.01990
   0.86347	   0.02119
   0.85457	   0.02246
   0.84565	   0.02372
   0.83674	   0.02497
   0.82782	   0.02622
   0.81891	   0.02745
   0.81000	   0.02867
   0.80109	   0.02988
   0.79218	   0.03107
   0.78327	   0.03226
   0.77436	   0.03343
   0.76546	   0.03459
   0.75656	   0.03573
   0.74766	   0.03686
   0.73877	   0.03797
   0.72987	   0.03906
   0.72098	   0.04014
   0.71207	   0.04121
   0.70317	   0.04226
   0.69427	   0.04329
   0.68537	   0.04431
   0.67647	   0.04531
   0.66759	   0.04629
   0.65870	   0.04725
   0.64982	   0.04819
   0.64094	   0.04911
   0.63205	   0.05001
   0.62316	   0.05089
   0.61427	   0.05175
   0.60537	   0.05260
   0.59648	   0.05342
   0.58759	   0.05422
   0.57870	   0.05500
   0.56982	   0.05576
   0.56093	   0.05649
   0.55205	   0.05720
   0.54317	   0.05789
   0.53429	   0.05856
   0.52541	   0.05920
   0.51653	   0.05982
   0.50765	   0.06041
   0.49878	   0.06097
   0.48990	   0.06152
   0.48103	   0.06203
   0.47216	   0.06252
   0.46330	   0.06298
   0.45444	   0.06342
   0.44557	   0.06382
   0.43671	   0.06420
   0.42784	   0.06455
   0.41898	   0.06487
   0.41013	   0.06516
   0.40128	   0.06541
   0.39243	   0.06564
   0.38359	   0.06584
   0.37474	   0.06600
   0.36591	   0.06614
   0.35708	   0.06624
   0.34826	   0.06630
   0.33944	   0.06633
   0.33063	   0.06632
   0.32182	   0.06628
   0.31303	   0.06620
   0.30425	   0.06608
   0.29547	   0.06592
   0.28670	   0.06572
   0.27794	   0.06547
   0.26919	   0.06519
   0.26046	   0.06485
   0.25175	   0.06448
   0.24305	   0.06405
   0.23437	   0.06357
   0.22570	   0.06305
   0.21706	   0.06247
   0.20844	   0.06183
   0.19984	   0.06113
   0.19127	   0.06038
   0.18273	   0.05956
   0.17422	   0.05868
   0.16576	   0.05773
   0.15733	   0.05671
   0.14894	   0.05562
   0.14059	   0.05444
   0.13229	   0.05319
   0.12406	   0.05185
   0.11589	   0.05043
   0.10780	   0.04891
   0.09979	   0.04729
   0.09188	   0.04558
   0.08408	   0.04376
   0.07643	   0.04184
   0.06894	   0.03981
   0.06164	   0.03767
   0.05456	   0.03542
   0.04777	   0.03307
   0.04133	   0.03065
   0.03534	   0.02818
   0.02989	   0.02573
   0.02505	   0.02334
   0.02083	   0.02103
   0.01720	   0.01886
   0.01412	   0.01684
   0.01152	   0.01501
   0.00934	   0.01334
   0.00750	   0.01182
   0.00595	   0.01042
   0.00464	   0.00912
   0.00354	   0.00789
   0.00261	   0.00672
   0.00184	   0.00559
   0.00121	   0.00450
   0.00073	   0.00344
   0.00037	   0.00242
   0.00013	   0.00143
   0.00002	   0.00047
   0.00002	  -0.00049
   0.00016	  -0.00144
   0.00048	  -0.00237
   0.00100	  -0.00327
   0.00169	  -0.00414
   0.00255	  -0.00496
   0.00357	  -0.00575
   0.00476	  -0.00651
   0.00612	  -0.00728
   0.00767	  -0.00807
   0.00946	  -0.00888
   0.01153	  -0.00973
   0.01394	  -0.01061
   0.01679	  -0.01151
   0.02016	  -0.01244
   0.02420	  -0.01341
   0.02900	  -0.01440
   0.03459	  -0.01539
   0.04093	  -0.01635
   0.04787	  -0.01724
   0.05529	  -0.01804
   0.06307	  -0.01874
   0.07113	  -0.01935
   0.07937	  -0.01987
   0.08776	  -0.02031
   0.09624	  -0.02068
   0.10480	  -0.02098
   0.11341	  -0.02121
   0.12208	  -0.02140
   0.13080	  -0.02153
   0.13957	  -0.02162
   0.14837	  -0.02167
   0.15719	  -0.02168
   0.16603	  -0.02166
   0.17489	  -0.02161
   0.18377	  -0.02153
   0.19267	  -0.02143
   0.20159	  -0.02130
   0.21051	  -0.02115
   0.21945	  -0.02098
   0.22841	  -0.02080
   0.23738	  -0.02059
   0.24635	  -0.02038
   0.25534	  -0.02015
   0.26433	  -0.01991
   0.27334	  -0.01966
   0.28235	  -0.01940
   0.29136	  -0.01913
   0.30038	  -0.01885
   0.30940	  -0.01857
   0.31843	  -0.01828
   0.32746	  -0.01798
   0.33650	  -0.01768
   0.34554	  -0.01738
   0.35459	  -0.01707
   0.36364	  -0.01675
   0.37269	  -0.01644
   0.38175	  -0.01612
   0.39081	  -0.01581
   0.39988	  -0.01549
   0.40894	  -0.01518
   0.41801	  -0.01486
   0.42707	  -0.01455
   0.43614	  -0.01424
   0.44519	  -0.01393
   0.45425	  -0.01362
   0.46331	  -0.01331
   0.47236	  -0.01300
   0.48140	  -0.01270
   0.49044	  -0.01240
   0.49949	  -0.01211
   0.50853	  -0.01182
   0.51757	  -0.01153
   0.52660	  -0.01125
   0.53564	  -0.01098
   0.54468	  -0.01071
   0.55372	  -0.01044
   0.56276	  -0.01018
   0.57180	  -0.00992
   0.58085	  -0.00966
   0.58989	  -0.00941
   0.59893	  -0.00917
   0.60797	  -0.00893
   0.61701	  -0.00869
   0.62605	  -0.00846
   0.63508	  -0.00823
   0.64411	  -0.00801
   0.65314	  -0.00779
   0.66218	  -0.00758
   0.67123	  -0.00738
   0.68027	  -0.00718
   0.68933	  -0.00698
   0.69838	  -0.00678
   0.70744	  -0.00659
   0.71649	  -0.00640
   0.72554	  -0.00621
   0.73460	  -0.00602
   0.74365	  -0.00584
   0.75272	  -0.00566
   0.76177	  -0.00548
   0.77083	  -0.00530
   0.77989	  -0.00513
   0.78895	  -0.00495
   0.79801	  -0.00478
   0.80708	  -0.00461
   0.81614	  -0.00443
   0.82520	  -0.00425
   0.83426	  -0.00407
   0.84332	  -0.00389
   0.85238	  -0.00371
   0.86143	  -0.00352
   0.87047	  -0.00333
   0.87949	  -0.00314
   0.88850	  -0.00294
   0.89749	  -0.00273
   0.90645	  -0.00251
   0.91539	  -0.00227
   0.92430	  -0.00201
   0.93321	  -0.00172
   0.94213	  -0.00142
   0.95104	  -0.00110
   0.95985	  -0.00079
   0.96846	  -0.00050
   0.97670	  -0.00024
   0.98432	  -0.00005
   0.99106	   0.00005
   0.99675	   0.00004
   1.00000	   0.00000
