HD53
   1.00000	   0.00000
   0.99665	   0.00041
   0.99067	   0.00115
   0.98359	   0.00202
   0.97574	   0.00296
   0.96746	   0.00393
   0.95899	   0.00488
   0.95042	   0.00579
   0.94176	   0.00667
   0.93301	   0.00753
   0.92421	   0.00837
   0.91537	   0.00920
   0.90649	   0.01003
   0.89760	   0.01087
   0.88868	   0.01171
   0.87976	   0.01255
   0.87083	   0.01339
   0.86191	   0.01424
   0.85300	   0.01507
   0.84410	   0.01591
   0.83520	   0.01673
   0.82630	   0.01755
   0.81740	   0.01836
   0.80851	   0.01917
   0.79962	   0.01997
   0.79072	   0.02076
   0.78183	   0.02154
   0.77293	   0.02232
   0.76404	   0.02309
   0.75514	   0.02385
   0.74624	   0.02460
   0.73735	   0.02535
   0.72845	   0.02609
   0.71955	   0.02682
   0.71065	   0.02755
   0.70175	   0.02827
   0.69285	   0.02898
   0.68396	   0.02968
   0.67506	   0.03038
   0.66616	   0.03106
   0.65727	   0.03174
   0.64837	   0.03241
   0.63948	   0.03307
   0.63059	   0.03372
   0.62169	   0.03436
   0.61280	   0.03499
   0.60391	   0.03562
   0.59502	   0.03623
   0.58614	   0.03683
   0.57725	   0.03742
   0.56836	   0.03800
   0.55947	   0.03857
   0.55059	   0.03913
   0.54170	   0.03968
   0.53282	   0.04022
   0.52394	   0.04074
   0.51505	   0.04125
   0.50617	   0.04175
   0.49729	   0.04224
   0.48842	   0.04271
   0.47954	   0.04317
   0.47066	   0.04362
   0.46179	   0.04405
   0.45292	   0.04447
   0.44405	   0.04487
   0.43518	   0.04526
   0.42631	   0.04563
   0.41744	   0.04599
   0.40858	   0.04633
   0.39971	   0.04666
   0.39085	   0.04697
   0.38199	   0.04726
   0.37313	   0.04754
   0.36427	   0.04780
   0.35541	   0.04804
   0.34655	   0.04826
   0.33769	   0.04847
   0.32883	   0.04866
   0.31998	   0.04883
   0.31113	   0.04898
   0.30229	   0.04912
   0.29346	   0.04923
   0.28464	   0.04932
   0.27583	   0.04938
   0.26703	   0.04942
   0.25824	   0.04944
   0.24948	   0.04942
   0.24073	   0.04937
   0.23201	   0.04929
   0.22331	   0.04916
   0.21463	   0.04900
   0.20598	   0.04879
   0.19737	   0.04853
   0.18879	   0.04821
   0.18025	   0.04784
   0.17174	   0.04741
   0.16327	   0.04690
   0.15484	   0.04633
   0.14644	   0.04568
   0.13808	   0.04496
   0.12977	   0.04415
   0.12149	   0.04325
   0.11325	   0.04226
   0.10508	   0.04119
   0.09700	   0.04002
   0.08903	   0.03876
   0.08119	   0.03738
   0.07349	   0.03589
   0.06594	   0.03427
   0.05857	   0.03253
   0.05145	   0.03068
   0.04467	   0.02873
   0.03833	   0.02671
   0.03252	   0.02464
   0.02733	   0.02258
   0.02276	   0.02056
   0.01884	   0.01861
   0.01551	   0.01679
   0.01271	   0.01508
   0.01035	   0.01349
   0.00837	   0.01201
   0.00670	   0.01062
   0.00529	   0.00932
   0.00408	   0.00808
   0.00306	   0.00690
   0.00221	   0.00577
   0.00149	   0.00468
   0.00092	   0.00363
   0.00048	   0.00261
   0.00019	   0.00161
   0.00003	   0.00063
   0.00001	  -0.00033
   0.00013	  -0.00127
   0.00039	  -0.00222
   0.00081	  -0.00317
   0.00140	  -0.00411
   0.00216	  -0.00502
   0.00310	  -0.00591
   0.00419	  -0.00677
   0.00546	  -0.00761
   0.00693	  -0.00843
   0.00865	  -0.00926
   0.01065	  -0.01009
   0.01300	  -0.01095
   0.01579	  -0.01185
   0.01913	  -0.01279
   0.02315	  -0.01379
   0.02795	  -0.01484
   0.03359	  -0.01592
   0.04000	  -0.01700
   0.04703	  -0.01802
   0.05454	  -0.01898
   0.06239	  -0.01985
   0.07045	  -0.02064
   0.07866	  -0.02134
   0.08698	  -0.02196
   0.09539	  -0.02251
   0.10388	  -0.02299
   0.11244	  -0.02342
   0.12105	  -0.02379
   0.12970	  -0.02411
   0.13838	  -0.02439
   0.14710	  -0.02463
   0.15586	  -0.02484
   0.16463	  -0.02502
   0.17343	  -0.02517
   0.18223	  -0.02529
   0.19106	  -0.02539
   0.19989	  -0.02547
   0.20874	  -0.02553
   0.21760	  -0.02557
   0.22646	  -0.02560
   0.23532	  -0.02560
   0.24419	  -0.02559
   0.25305	  -0.02557
   0.26192	  -0.02552
   0.27079	  -0.02546
   0.27966	  -0.02538
   0.28854	  -0.02529
   0.29742	  -0.02518
   0.30631	  -0.02506
   0.31521	  -0.02493
   0.32410	  -0.02478
   0.33301	  -0.02462
   0.34192	  -0.02445
   0.35084	  -0.02428
   0.35976	  -0.02409
   0.36868	  -0.02390
   0.37761	  -0.02370
   0.38653	  -0.02349
   0.39546	  -0.02327
   0.40439	  -0.02305
   0.41332	  -0.02282
   0.42226	  -0.02258
   0.43119	  -0.02234
   0.44013	  -0.02209
   0.44906	  -0.02184
   0.45800	  -0.02158
   0.46693	  -0.02132
   0.47587	  -0.02105
   0.48482	  -0.02077
   0.49376	  -0.02049
   0.50271	  -0.02021
   0.51166	  -0.01992
   0.52061	  -0.01963
   0.52956	  -0.01933
   0.53851	  -0.01903
   0.54746	  -0.01873
   0.55642	  -0.01843
   0.56538	  -0.01812
   0.57433	  -0.01782
   0.58329	  -0.01751
   0.59225	  -0.01719
   0.60121	  -0.01688
   0.61017	  -0.01656
   0.61913	  -0.01625
   0.62809	  -0.01593
   0.63705	  -0.01561
   0.64601	  -0.01528
   0.65497	  -0.01496
   0.66394	  -0.01463
   0.67290	  -0.01431
   0.68186	  -0.01398
   0.69082	  -0.01365
   0.69978	  -0.01332
   0.70874	  -0.01298
   0.71770	  -0.01265
   0.72667	  -0.01231
   0.73563	  -0.01198
   0.74459	  -0.01164
   0.75355	  -0.01130
   0.76251	  -0.01096
   0.77148	  -0.01062
   0.78043	  -0.01027
   0.78939	  -0.00993
   0.79835	  -0.00958
   0.80730	  -0.00923
   0.81625	  -0.00888
   0.82520	  -0.00853
   0.83415	  -0.00817
   0.84309	  -0.00781
   0.85203	  -0.00744
   0.86096	  -0.00707
   0.86990	  -0.00669
   0.87884	  -0.00631
   0.88778	  -0.00593
   0.89671	  -0.00554
   0.90565	  -0.00514
   0.91458	  -0.00475
   0.92349	  -0.00435
   0.93235	  -0.00395
   0.94114	  -0.00353
   0.94986	  -0.00308
   0.95853	  -0.00260
   0.96714	  -0.00210
   0.97554	  -0.00158
   0.98348	  -0.00108
   0.99062	  -0.00061
   0.99663	  -0.00022
   1.00000	   0.00000
