HL 74-3512
   1.00000	  -0.00400
   0.99701	  -0.00267
   0.99226	  -0.00061
   0.98718	   0.00153
   0.98172	   0.00374
   0.97584	   0.00604
   0.96949	   0.00840
   0.96265	   0.01083
   0.95531	   0.01330
   0.94750	   0.01578
   0.93930	   0.01821
   0.93084	   0.02056
   0.92224	   0.02280
   0.91361	   0.02491
   0.90501	   0.02689
   0.89645	   0.02876
   0.88793	   0.03054
   0.87942	   0.03223
   0.87089	   0.03385
   0.86234	   0.03542
   0.85374	   0.03695
   0.84509	   0.03845
   0.83638	   0.03993
   0.82761	   0.04139
   0.81877	   0.04286
   0.80988	   0.04434
   0.80093	   0.04584
   0.79195	   0.04737
   0.78294	   0.04892
   0.77392	   0.05049
   0.76490	   0.05206
   0.75589	   0.05363
   0.74690	   0.05520
   0.73792	   0.05675
   0.72896	   0.05827
   0.72002	   0.05977
   0.71110	   0.06123
   0.70220	   0.06266
   0.69330	   0.06404
   0.68441	   0.06537
   0.67552	   0.06666
   0.66663	   0.06791
   0.65772	   0.06912
   0.64881	   0.07029
   0.63989	   0.07143
   0.63096	   0.07252
   0.62201	   0.07357
   0.61304	   0.07459
   0.60407	   0.07557
   0.59508	   0.07651
   0.58609	   0.07742
   0.57708	   0.07828
   0.56807	   0.07911
   0.55906	   0.07990
   0.55004	   0.08065
   0.54102	   0.08135
   0.53201	   0.08201
   0.52300	   0.08263
   0.51400	   0.08320
   0.50500	   0.08373
   0.49602	   0.08421
   0.48705	   0.08464
   0.47809	   0.08502
   0.46915	   0.08536
   0.46023	   0.08564
   0.45132	   0.08586
   0.44242	   0.08603
   0.43354	   0.08614
   0.42466	   0.08619
   0.41579	   0.08618
   0.40692	   0.08610
   0.39804	   0.08596
   0.38915	   0.08575
   0.38024	   0.08548
   0.37131	   0.08515
   0.36235	   0.08477
   0.35336	   0.08433
   0.34434	   0.08385
   0.33530	   0.08333
   0.32623	   0.08277
   0.31714	   0.08218
   0.30803	   0.08156
   0.29891	   0.08092
   0.28980	   0.08027
   0.28070	   0.07959
   0.27162	   0.07888
   0.26260	   0.07813
   0.25363	   0.07734
   0.24475	   0.07650
   0.23597	   0.07560
   0.22730	   0.07464
   0.21871	   0.07361
   0.21018	   0.07248
   0.20168	   0.07126
   0.19314	   0.06991
   0.18451	   0.06844
   0.17575	   0.06687
   0.16685	   0.06521
   0.15787	   0.06350
   0.14890	   0.06179
   0.14007	   0.06011
   0.13149	   0.05843
   0.12320	   0.05671
   0.11517	   0.05492
   0.10734	   0.05300
   0.09965	   0.05090
   0.09197	   0.04858
   0.08418	   0.04606
   0.07609	   0.04336
   0.06758	   0.04054
   0.05922	   0.03773
   0.05083	   0.03480
   0.04374	   0.03217
   0.03800	   0.02987
   0.03305	   0.02768
   0.02848	   0.02542
   0.02384	   0.02281
   0.01832	   0.01920
   0.01316	   0.01549
   0.00986	   0.01303
   0.00758	   0.01125
   0.00587	   0.00981
   0.00451	   0.00856
   0.00341	   0.00745
   0.00251	   0.00643
   0.00176	   0.00548
   0.00116	   0.00458
   0.00069	   0.00373
   0.00033	   0.00291
   0.00009	   0.00211
  -0.00004	   0.00134
  -0.00006	   0.00057
   0.00003	  -0.00018
   0.00025	  -0.00093
   0.00059	  -0.00169
   0.00105	  -0.00245
   0.00164	  -0.00322
   0.00236	  -0.00400
   0.00323	  -0.00481
   0.00428	  -0.00565
   0.00553	  -0.00653
   0.00705	  -0.00745
   0.00892	  -0.00845
   0.01131	  -0.00953
   0.01447	  -0.01068
   0.01877	  -0.01183
   0.02417	  -0.01285
   0.03001	  -0.01397
   0.03620	  -0.01526
   0.04282	  -0.01664
   0.04990	  -0.01798
   0.05744	  -0.01914
   0.06545	  -0.02009
   0.07388	  -0.02090
   0.08263	  -0.02164
   0.09157	  -0.02234
   0.10058	  -0.02305
   0.10959	  -0.02377
   0.11858	  -0.02451
   0.12754	  -0.02525
   0.13648	  -0.02597
   0.14540	  -0.02666
   0.15433	  -0.02730
   0.16329	  -0.02790
   0.17230	  -0.02845
   0.18137	  -0.02898
   0.19049	  -0.02949
   0.19967	  -0.02998
   0.20886	  -0.03048
   0.21805	  -0.03096
   0.22722	  -0.03143
   0.23635	  -0.03188
   0.24544	  -0.03230
   0.25448	  -0.03269
   0.26349	  -0.03304
   0.27247	  -0.03335
   0.28143	  -0.03361
   0.29037	  -0.03383
   0.29931	  -0.03399
   0.30825	  -0.03410
   0.31720	  -0.03415
   0.32617	  -0.03415
   0.33516	  -0.03411
   0.34418	  -0.03404
   0.35323	  -0.03392
   0.36232	  -0.03378
   0.37144	  -0.03362
   0.38059	  -0.03343
   0.38977	  -0.03323
   0.39897	  -0.03302
   0.40817	  -0.03281
   0.41739	  -0.03259
   0.42659	  -0.03237
   0.43579	  -0.03214
   0.44497	  -0.03189
   0.45414	  -0.03163
   0.46328	  -0.03135
   0.47240	  -0.03105
   0.48150	  -0.03073
   0.49058	  -0.03039
   0.49965	  -0.03001
   0.50871	  -0.02961
   0.51776	  -0.02918
   0.52681	  -0.02872
   0.53586	  -0.02823
   0.54492	  -0.02771
   0.55398	  -0.02716
   0.56305	  -0.02659
   0.57212	  -0.02599
   0.58120	  -0.02537
   0.59029	  -0.02472
   0.59937	  -0.02405
   0.60845	  -0.02335
   0.61753	  -0.02264
   0.62660	  -0.02191
   0.63566	  -0.02117
   0.64471	  -0.02043
   0.65376	  -0.01968
   0.66280	  -0.01894
   0.67183	  -0.01821
   0.68087	  -0.01748
   0.68992	  -0.01677
   0.69898	  -0.01608
   0.70807	  -0.01540
   0.71718	  -0.01474
   0.72632	  -0.01409
   0.73548	  -0.01343
   0.74467	  -0.01276
   0.75385	  -0.01207
   0.76304	  -0.01136
   0.77220	  -0.01060
   0.78131	  -0.00981
   0.79034	  -0.00897
   0.79927	  -0.00808
   0.80805	  -0.00714
   0.81668	  -0.00617
   0.82514	  -0.00521
   0.83344	  -0.00428
   0.84159	  -0.00340
   0.84962	  -0.00258
   0.85754	  -0.00185
   0.86538	  -0.00121
   0.87319	  -0.00069
   0.88099	  -0.00030
   0.88883	  -0.00005
   0.89676	   0.00002
   0.90486	  -0.00010
   0.91319	  -0.00041
   0.92179	  -0.00089
   0.93066	  -0.00150
   0.93968	  -0.00220
   0.94863	  -0.00290
   0.95725	  -0.00353
   0.96533	  -0.00409
   0.97277	  -0.00456
   0.97957	  -0.00497
   0.98579	  -0.00531
   0.99148	  -0.00560
   0.99673	  -0.00585
   1.00000	  -0.00600
