HN-1070
   1.00000	   0.00013
   0.99650	   0.00063
   0.98997	   0.00153
   0.98240	   0.00248
   0.97440	   0.00349
   0.96629	   0.00446
   0.95809	   0.00539
   0.94982	   0.00632
   0.94155	   0.00724
   0.93327	   0.00814
   0.92500	   0.00904
   0.91671	   0.00993
   0.90842	   0.01082
   0.90013	   0.01170
   0.89184	   0.01258
   0.88355	   0.01344
   0.87527	   0.01430
   0.86698	   0.01516
   0.85869	   0.01600
   0.85040	   0.01684
   0.84211	   0.01767
   0.83383	   0.01849
   0.82554	   0.01930
   0.81725	   0.02011
   0.80896	   0.02090
   0.80067	   0.02169
   0.79237	   0.02247
   0.78408	   0.02324
   0.77579	   0.02400
   0.76750	   0.02475
   0.75921	   0.02549
   0.75091	   0.02623
   0.74261	   0.02696
   0.73431	   0.02767
   0.72601	   0.02838
   0.71771	   0.02909
   0.70942	   0.02978
   0.70112	   0.03046
   0.69282	   0.03114
   0.68452	   0.03180
   0.67622	   0.03246
   0.66792	   0.03311
   0.65962	   0.03375
   0.65132	   0.03438
   0.64301	   0.03499
   0.63471	   0.03560
   0.62641	   0.03620
   0.61810	   0.03679
   0.60980	   0.03737
   0.60150	   0.03794
   0.59320	   0.03849
   0.58490	   0.03904
   0.57660	   0.03957
   0.56829	   0.04009
   0.55999	   0.04060
   0.55168	   0.04110
   0.54338	   0.04159
   0.53508	   0.04206
   0.52679	   0.04252
   0.51849	   0.04296
   0.51019	   0.04339
   0.50188	   0.04381
   0.49357	   0.04421
   0.48527	   0.04461
   0.47697	   0.04498
   0.46868	   0.04534
   0.46038	   0.04568
   0.45208	   0.04601
   0.44378	   0.04632
   0.43547	   0.04662
   0.42717	   0.04690
   0.41887	   0.04716
   0.41058	   0.04741
   0.40229	   0.04764
   0.39400	   0.04784
   0.38570	   0.04803
   0.37740	   0.04820
   0.36910	   0.04835
   0.36080	   0.04849
   0.35250	   0.04860
   0.34422	   0.04870
   0.33594	   0.04877
   0.32766	   0.04881
   0.31938	   0.04883
   0.31110	   0.04883
   0.30282	   0.04880
   0.29454	   0.04875
   0.28625	   0.04867
   0.27798	   0.04857
   0.26971	   0.04844
   0.26145	   0.04829
   0.25319	   0.04810
   0.24494	   0.04787
   0.23669	   0.04762
   0.22845	   0.04733
   0.22021	   0.04701
   0.21197	   0.04665
   0.20375	   0.04625
   0.19554	   0.04581
   0.18733	   0.04532
   0.17914	   0.04479
   0.17096	   0.04421
   0.16279	   0.04359
   0.15464	   0.04290
   0.14650	   0.04216
   0.13837	   0.04136
   0.13026	   0.04049
   0.12219	   0.03956
   0.11415	   0.03856
   0.10615	   0.03747
   0.09817	   0.03629
   0.09022	   0.03502
   0.08232	   0.03365
   0.07449	   0.03217
   0.06674	   0.03058
   0.05908	   0.02885
   0.05153	   0.02697
   0.04412	   0.02494
   0.03692	   0.02273
   0.02995	   0.02033
   0.02335	   0.01774
   0.01745	   0.01508
   0.01241	   0.01242
   0.00850	   0.00996
   0.00578	   0.00793
   0.00383	   0.00622
   0.00237	   0.00469
   0.00132	   0.00333
   0.00061	   0.00219
   0.00019	   0.00121
   0.00000	   0.00032
   0.00007	  -0.00055
   0.00040	  -0.00145
   0.00100	  -0.00240
   0.00195	  -0.00339
   0.00332	  -0.00438
   0.00516	  -0.00541
   0.00762	  -0.00656
   0.01110	  -0.00788
   0.01591	  -0.00933
   0.02190	  -0.01078
   0.02877	  -0.01212
   0.03613	  -0.01328
   0.04376	  -0.01426
   0.05156	  -0.01509
   0.05948	  -0.01579
   0.06748	  -0.01637
   0.07555	  -0.01687
   0.08366	  -0.01728
   0.09180	  -0.01762
   0.09997	  -0.01791
   0.10817	  -0.01813
   0.11638	  -0.01831
   0.12462	  -0.01845
   0.13286	  -0.01855
   0.14111	  -0.01861
   0.14938	  -0.01865
   0.15766	  -0.01865
   0.16594	  -0.01863
   0.17423	  -0.01859
   0.18252	  -0.01853
   0.19082	  -0.01844
   0.19912	  -0.01834
   0.20743	  -0.01823
   0.21575	  -0.01810
   0.22406	  -0.01795
   0.23238	  -0.01780
   0.24069	  -0.01763
   0.24901	  -0.01745
   0.25733	  -0.01726
   0.26566	  -0.01706
   0.27398	  -0.01685
   0.28231	  -0.01663
   0.29065	  -0.01641
   0.29898	  -0.01618
   0.30731	  -0.01594
   0.31564	  -0.01570
   0.32397	  -0.01545
   0.33230	  -0.01520
   0.34064	  -0.01494
   0.34898	  -0.01467
   0.35733	  -0.01441
   0.36567	  -0.01414
   0.37401	  -0.01387
   0.38235	  -0.01359
   0.39070	  -0.01332
   0.39904	  -0.01304
   0.40738	  -0.01276
   0.41573	  -0.01248
   0.42407	  -0.01220
   0.43242	  -0.01192
   0.44077	  -0.01164
   0.44911	  -0.01136
   0.45746	  -0.01108
   0.46581	  -0.01080
   0.47416	  -0.01052
   0.48250	  -0.01023
   0.49085	  -0.00996
   0.49919	  -0.00968
   0.50754	  -0.00940
   0.51588	  -0.00913
   0.52422	  -0.00885
   0.53257	  -0.00858
   0.54091	  -0.00831
   0.54926	  -0.00804
   0.55760	  -0.00778
   0.56595	  -0.00751
   0.57429	  -0.00725
   0.58264	  -0.00699
   0.59098	  -0.00673
   0.59932	  -0.00647
   0.60766	  -0.00622
   0.61600	  -0.00597
   0.62434	  -0.00572
   0.63268	  -0.00548
   0.64103	  -0.00524
   0.64936	  -0.00500
   0.65770	  -0.00476
   0.66604	  -0.00453
   0.67438	  -0.00431
   0.68271	  -0.00409
   0.69105	  -0.00387
   0.69939	  -0.00366
   0.70773	  -0.00346
   0.71607	  -0.00325
   0.72440	  -0.00305
   0.73274	  -0.00286
   0.74108	  -0.00267
   0.74941	  -0.00249
   0.75775	  -0.00231
   0.76608	  -0.00214
   0.77442	  -0.00197
   0.78276	  -0.00181
   0.79110	  -0.00165
   0.79943	  -0.00150
   0.80777	  -0.00135
   0.81611	  -0.00121
   0.82444	  -0.00107
   0.83278	  -0.00094
   0.84112	  -0.00081
   0.84945	  -0.00069
   0.85778	  -0.00058
   0.86612	  -0.00047
   0.87445	  -0.00037
   0.88278	  -0.00028
   0.89111	  -0.00020
   0.89944	  -0.00012
   0.90777	  -0.00005
   0.91610	   0.00001
   0.92443	   0.00007
   0.93275	   0.00011
   0.94106	   0.00014
   0.94938	   0.00016
   0.95767	   0.00016
   0.96592	   0.00014
   0.97410	   0.00010
   0.98222	   0.00008
   0.98990	   0.00005
   0.99648	  -0.00005
   1.00000	  -0.00013
