HN-203
   1.00000	   0.00000
   0.99648	   0.00067
   0.99025	   0.00190
   0.98298	   0.00336
   0.97498	   0.00498
   0.96665	   0.00664
   0.95819	   0.00829
   0.94966	   0.00990
   0.94103	   0.01149
   0.93231	   0.01306
   0.92357	   0.01463
   0.91481	   0.01618
   0.90602	   0.01773
   0.89722	   0.01926
   0.88843	   0.02079
   0.87966	   0.02230
   0.87089	   0.02380
   0.86210	   0.02528
   0.85331	   0.02675
   0.84452	   0.02821
   0.83573	   0.02965
   0.82694	   0.03108
   0.81814	   0.03250
   0.80935	   0.03390
   0.80058	   0.03529
   0.79180	   0.03665
   0.78302	   0.03800
   0.77423	   0.03933
   0.76542	   0.04065
   0.75661	   0.04196
   0.74781	   0.04325
   0.73902	   0.04452
   0.73023	   0.04577
   0.72144	   0.04700
   0.71265	   0.04821
   0.70386	   0.04941
   0.69506	   0.05058
   0.68627	   0.05173
   0.67747	   0.05287
   0.66867	   0.05398
   0.65986	   0.05507
   0.65105	   0.05615
   0.64224	   0.05721
   0.63342	   0.05824
   0.62461	   0.05926
   0.61581	   0.06026
   0.60701	   0.06123
   0.59822	   0.06217
   0.58944	   0.06309
   0.58065	   0.06398
   0.57185	   0.06485
   0.56304	   0.06569
   0.55423	   0.06651
   0.54543	   0.06731
   0.53663	   0.06808
   0.52784	   0.06882
   0.51905	   0.06953
   0.51026	   0.07020
   0.50148	   0.07085
   0.49269	   0.07147
   0.48391	   0.07206
   0.47514	   0.07261
   0.46637	   0.07313
   0.45759	   0.07361
   0.44881	   0.07406
   0.44003	   0.07448
   0.43124	   0.07486
   0.42246	   0.07521
   0.41369	   0.07552
   0.40492	   0.07580
   0.39616	   0.07604
   0.38739	   0.07624
   0.37863	   0.07640
   0.36986	   0.07653
   0.36111	   0.07661
   0.35238	   0.07666
   0.34365	   0.07666
   0.33493	   0.07661
   0.32621	   0.07652
   0.31749	   0.07638
   0.30877	   0.07620
   0.30007	   0.07597
   0.29139	   0.07569
   0.28272	   0.07536
   0.27405	   0.07497
   0.26540	   0.07453
   0.25675	   0.07404
   0.24811	   0.07349
   0.23949	   0.07289
   0.23089	   0.07222
   0.22230	   0.07150
   0.21375	   0.07071
   0.20521	   0.06986
   0.19669	   0.06893
   0.18820	   0.06794
   0.17972	   0.06688
   0.17128	   0.06574
   0.16287	   0.06452
   0.15449	   0.06323
   0.14616	   0.06185
   0.13787	   0.06039
   0.12963	   0.05884
   0.12143	   0.05719
   0.11329	   0.05545
   0.10522	   0.05361
   0.09722	   0.05167
   0.08932	   0.04962
   0.08153	   0.04746
   0.07388	   0.04518
   0.06638	   0.04279
   0.05906	   0.04027
   0.05195	   0.03762
   0.04511	   0.03488
   0.03865	   0.03206
   0.03266	   0.02920
   0.02723	   0.02634
   0.02240	   0.02355
   0.01821	   0.02090
   0.01468	   0.01847
   0.01177	   0.01629
   0.00940	   0.01432
   0.00746	   0.01252
   0.00586	   0.01087
   0.00452	   0.00936
   0.00339	   0.00796
   0.00243	   0.00666
   0.00165	   0.00543
   0.00103	   0.00427
   0.00055	   0.00317
   0.00022	   0.00214
   0.00003	   0.00115
  -0.00001	   0.00020
   0.00010	  -0.00074
   0.00037	  -0.00170
   0.00081	  -0.00268
   0.00143	  -0.00367
   0.00223	  -0.00466
   0.00323	  -0.00564
   0.00441	  -0.00661
   0.00579	  -0.00758
   0.00742	  -0.00858
   0.00935	  -0.00962
   0.01165	  -0.01073
   0.01441	  -0.01191
   0.01772	  -0.01317
   0.02169	  -0.01451
   0.02642	  -0.01592
   0.03197	  -0.01737
   0.03827	  -0.01881
   0.04521	  -0.02020
   0.05264	  -0.02152
   0.06039	  -0.02274
   0.06836	  -0.02385
   0.07649	  -0.02485
   0.08476	  -0.02576
   0.09314	  -0.02659
   0.10162	  -0.02733
   0.11014	  -0.02801
   0.11868	  -0.02862
   0.12727	  -0.02916
   0.13591	  -0.02965
   0.14458	  -0.03008
   0.15328	  -0.03047
   0.16199	  -0.03081
   0.17072	  -0.03111
   0.17947	  -0.03136
   0.18823	  -0.03158
   0.19702	  -0.03176
   0.20583	  -0.03191
   0.21465	  -0.03203
   0.22348	  -0.03212
   0.23231	  -0.03218
   0.24114	  -0.03222
   0.24999	  -0.03223
   0.25885	  -0.03222
   0.26771	  -0.03219
   0.27657	  -0.03213
   0.28542	  -0.03206
   0.29428	  -0.03196
   0.30313	  -0.03184
   0.31200	  -0.03169
   0.32086	  -0.03153
   0.32974	  -0.03134
   0.33863	  -0.03114
   0.34752	  -0.03092
   0.35642	  -0.03068
   0.36531	  -0.03043
   0.37419	  -0.03017
   0.38308	  -0.02988
   0.39196	  -0.02958
   0.40085	  -0.02926
   0.40974	  -0.02893
   0.41864	  -0.02858
   0.42755	  -0.02822
   0.43646	  -0.02785
   0.44538	  -0.02746
   0.45428	  -0.02707
   0.46318	  -0.02666
   0.47206	  -0.02623
   0.48095	  -0.02579
   0.48984	  -0.02534
   0.49872	  -0.02487
   0.50761	  -0.02438
   0.51649	  -0.02388
   0.52538	  -0.02337
   0.53426	  -0.02284
   0.54314	  -0.02229
   0.55203	  -0.02173
   0.56093	  -0.02115
   0.56982	  -0.02057
   0.57870	  -0.01997
   0.58758	  -0.01935
   0.59645	  -0.01872
   0.60532	  -0.01807
   0.61420	  -0.01741
   0.62310	  -0.01674
   0.63201	  -0.01605
   0.64094	  -0.01535
   0.64988	  -0.01465
   0.65883	  -0.01395
   0.66779	  -0.01325
   0.67674	  -0.01254
   0.68570	  -0.01184
   0.69465	  -0.01114
   0.70358	  -0.01044
   0.71251	  -0.00975
   0.72143	  -0.00906
   0.73033	  -0.00839
   0.73924	  -0.00772
   0.74813	  -0.00707
   0.75702	  -0.00643
   0.76590	  -0.00580
   0.77477	  -0.00519
   0.78364	  -0.00459
   0.79250	  -0.00402
   0.80136	  -0.00346
   0.81021	  -0.00293
   0.81906	  -0.00241
   0.82791	  -0.00192
   0.83676	  -0.00144
   0.84561	  -0.00099
   0.85445	  -0.00056
   0.86326	  -0.00016
   0.87206	   0.00021
   0.88085	   0.00054
   0.88964	   0.00085
   0.89840	   0.00112
   0.90715	   0.00134
   0.91589	   0.00153
   0.92462	   0.00168
   0.93330	   0.00178
   0.94193	   0.00182
   0.95051	   0.00180
   0.95904	   0.00172
   0.96742	   0.00158
   0.97554	   0.00136
   0.98326	   0.00106
   0.99033	   0.00070
   0.99646	   0.00029
   1.00000	   0.00000
