HN-354SM
   1.00000	   0.00000
   0.99654	   0.00063
   0.99027	   0.00187
   0.98294	   0.00339
   0.97505	   0.00501
   0.96696	   0.00659
   0.95872	   0.00817
   0.95053	   0.00968
   0.94233	   0.01113
   0.93402	   0.01255
   0.92566	   0.01395
   0.91729	   0.01533
   0.90891	   0.01669
   0.90054	   0.01803
   0.89216	   0.01935
   0.88377	   0.02065
   0.87538	   0.02193
   0.86698	   0.02319
   0.85858	   0.02443
   0.85017	   0.02566
   0.84176	   0.02686
   0.83334	   0.02805
   0.82493	   0.02923
   0.81652	   0.03038
   0.80811	   0.03151
   0.79969	   0.03262
   0.79126	   0.03372
   0.78284	   0.03480
   0.77441	   0.03586
   0.76599	   0.03690
   0.75756	   0.03792
   0.74912	   0.03892
   0.74067	   0.03990
   0.73222	   0.04088
   0.72378	   0.04183
   0.71534	   0.04276
   0.70690	   0.04368
   0.69846	   0.04457
   0.69002	   0.04544
   0.68156	   0.04630
   0.67310	   0.04714
   0.66464	   0.04797
   0.65618	   0.04877
   0.64771	   0.04956
   0.63925	   0.05034
   0.63080	   0.05109
   0.62234	   0.05182
   0.61389	   0.05254
   0.60542	   0.05323
   0.59695	   0.05390
   0.58848	   0.05456
   0.58001	   0.05520
   0.57153	   0.05583
   0.56305	   0.05643
   0.55458	   0.05702
   0.54611	   0.05759
   0.53763	   0.05814
   0.52916	   0.05867
   0.52069	   0.05918
   0.51222	   0.05966
   0.50376	   0.06013
   0.49529	   0.06057
   0.48683	   0.06099
   0.47836	   0.06139
   0.46988	   0.06177
   0.46141	   0.06212
   0.45294	   0.06245
   0.44448	   0.06275
   0.43601	   0.06303
   0.42755	   0.06329
   0.41909	   0.06351
   0.41063	   0.06372
   0.40217	   0.06389
   0.39370	   0.06404
   0.38524	   0.06416
   0.37678	   0.06426
   0.36833	   0.06433
   0.35988	   0.06436
   0.35143	   0.06437
   0.34298	   0.06435
   0.33454	   0.06430
   0.32610	   0.06421
   0.31766	   0.06409
   0.30923	   0.06393
   0.30081	   0.06375
   0.29239	   0.06352
   0.28397	   0.06326
   0.27556	   0.06296
   0.26716	   0.06261
   0.25876	   0.06223
   0.25036	   0.06181
   0.24198	   0.06135
   0.23360	   0.06084
   0.22524	   0.06028
   0.21688	   0.05968
   0.20854	   0.05903
   0.20021	   0.05833
   0.19190	   0.05757
   0.18360	   0.05676
   0.17532	   0.05588
   0.16705	   0.05495
   0.15880	   0.05395
   0.15057	   0.05289
   0.14236	   0.05176
   0.13419	   0.05056
   0.12605	   0.04928
   0.11797	   0.04792
   0.10993	   0.04647
   0.10191	   0.04492
   0.09394	   0.04327
   0.08604	   0.04152
   0.07824	   0.03967
   0.07052	   0.03769
   0.06288	   0.03557
   0.05538	   0.03332
   0.04807	   0.03093
   0.04098	   0.02839
   0.03417	   0.02569
   0.02772	   0.02285
   0.02183	   0.01993
   0.01669	   0.01707
   0.01243	   0.01438
   0.00912	   0.01199
   0.00665	   0.00993
   0.00478	   0.00816
   0.00332	   0.00661
   0.00218	   0.00522
   0.00132	   0.00395
   0.00068	   0.00281
   0.00026	   0.00179
   0.00003	   0.00085
   0.00000	  -0.00004
   0.00020	  -0.00093
   0.00062	  -0.00186
   0.00127	  -0.00283
   0.00217	  -0.00381
   0.00336	  -0.00480
   0.00484	  -0.00579
   0.00670	  -0.00680
   0.00910	  -0.00788
   0.01228	  -0.00905
   0.01647	  -0.01032
   0.02177	  -0.01167
   0.02805	  -0.01302
   0.03504	  -0.01426
   0.04249	  -0.01535
   0.05028	  -0.01630
   0.05825	  -0.01714
   0.06630	  -0.01786
   0.07443	  -0.01848
   0.08266	  -0.01901
   0.09095	  -0.01947
   0.09928	  -0.01987
   0.10761	  -0.02022
   0.11596	  -0.02051
   0.12434	  -0.02075
   0.13276	  -0.02094
   0.14120	  -0.02111
   0.14966	  -0.02124
   0.15811	  -0.02134
   0.16656	  -0.02142
   0.17502	  -0.02146
   0.18349	  -0.02148
   0.19197	  -0.02148
   0.20046	  -0.02146
   0.20896	  -0.02141
   0.21747	  -0.02136
   0.22598	  -0.02128
   0.23448	  -0.02119
   0.24300	  -0.02109
   0.25151	  -0.02097
   0.26002	  -0.02085
   0.26854	  -0.02070
   0.27707	  -0.02055
   0.28560	  -0.02039
   0.29413	  -0.02022
   0.30265	  -0.02004
   0.31117	  -0.01985
   0.31969	  -0.01965
   0.32822	  -0.01944
   0.33675	  -0.01922
   0.34530	  -0.01900
   0.35385	  -0.01877
   0.36239	  -0.01853
   0.37093	  -0.01830
   0.37945	  -0.01805
   0.38798	  -0.01779
   0.39651	  -0.01753
   0.40504	  -0.01726
   0.41359	  -0.01699
   0.42213	  -0.01671
   0.43069	  -0.01642
   0.43924	  -0.01614
   0.44778	  -0.01585
   0.45632	  -0.01555
   0.46484	  -0.01525
   0.47337	  -0.01495
   0.48190	  -0.01463
   0.49044	  -0.01431
   0.49898	  -0.01398
   0.50753	  -0.01365
   0.51606	  -0.01331
   0.52458	  -0.01297
   0.53309	  -0.01262
   0.54160	  -0.01225
   0.55011	  -0.01188
   0.55863	  -0.01149
   0.56715	  -0.01109
   0.57568	  -0.01068
   0.58420	  -0.01027
   0.59272	  -0.00985
   0.60124	  -0.00942
   0.60976	  -0.00898
   0.61829	  -0.00853
   0.62683	  -0.00808
   0.63537	  -0.00762
   0.64392	  -0.00717
   0.65247	  -0.00671
   0.66102	  -0.00625
   0.66956	  -0.00580
   0.67810	  -0.00534
   0.68663	  -0.00490
   0.69516	  -0.00445
   0.70370	  -0.00402
   0.71223	  -0.00358
   0.72076	  -0.00316
   0.72929	  -0.00274
   0.73781	  -0.00233
   0.74632	  -0.00193
   0.75483	  -0.00154
   0.76334	  -0.00116
   0.77186	  -0.00079
   0.78037	  -0.00044
   0.78887	  -0.00010
   0.79738	   0.00023
   0.80588	   0.00055
   0.81438	   0.00084
   0.82288	   0.00113
   0.83138	   0.00139
   0.83988	   0.00164
   0.84836	   0.00187
   0.85683	   0.00208
   0.86530	   0.00227
   0.87376	   0.00242
   0.88224	   0.00256
   0.89071	   0.00267
   0.89916	   0.00275
   0.90760	   0.00280
   0.91602	   0.00282
   0.92445	   0.00280
   0.93287	   0.00275
   0.94126	   0.00265
   0.94960	   0.00250
   0.95791	   0.00229
   0.96619	   0.00202
   0.97442	   0.00169
   0.98238	   0.00129
   0.98989	   0.00081
   0.99643	   0.00032
   1.00000	   0.00000
