HN-419
   1.00000	   0.00000
   0.99647	   0.00058
   0.99000	   0.00171
   0.98246	   0.00308
   0.97444	   0.00455
   0.96627	   0.00600
   0.95804	   0.00740
   0.94979	   0.00875
   0.94149	   0.01006
   0.93314	   0.01133
   0.92476	   0.01258
   0.91636	   0.01380
   0.90794	   0.01500
   0.89950	   0.01619
   0.89105	   0.01737
   0.88260	   0.01853
   0.87415	   0.01967
   0.86570	   0.02080
   0.85725	   0.02192
   0.84879	   0.02302
   0.84034	   0.02410
   0.83188	   0.02517
   0.82340	   0.02623
   0.81493	   0.02728
   0.80646	   0.02831
   0.79799	   0.02933
   0.78952	   0.03034
   0.78105	   0.03132
   0.77257	   0.03230
   0.76409	   0.03327
   0.75560	   0.03422
   0.74712	   0.03516
   0.73864	   0.03608
   0.73015	   0.03699
   0.72167	   0.03789
   0.71318	   0.03878
   0.70469	   0.03965
   0.69620	   0.04051
   0.68772	   0.04135
   0.67923	   0.04218
   0.67074	   0.04300
   0.66224	   0.04380
   0.65374	   0.04459
   0.64525	   0.04536
   0.63675	   0.04612
   0.62826	   0.04687
   0.61977	   0.04760
   0.61128	   0.04831
   0.60278	   0.04901
   0.59428	   0.04969
   0.58577	   0.05036
   0.57727	   0.05101
   0.56878	   0.05165
   0.56029	   0.05227
   0.55180	   0.05287
   0.54331	   0.05345
   0.53481	   0.05401
   0.52631	   0.05456
   0.51780	   0.05509
   0.50930	   0.05560
   0.50081	   0.05609
   0.49231	   0.05656
   0.48382	   0.05701
   0.47533	   0.05745
   0.46683	   0.05786
   0.45833	   0.05825
   0.44984	   0.05862
   0.44134	   0.05897
   0.43284	   0.05930
   0.42435	   0.05961
   0.41587	   0.05989
   0.40738	   0.06015
   0.39890	   0.06038
   0.39042	   0.06059
   0.38194	   0.06077
   0.37345	   0.06093
   0.36497	   0.06106
   0.35649	   0.06116
   0.34802	   0.06124
   0.33955	   0.06128
   0.33108	   0.06130
   0.32262	   0.06129
   0.31416	   0.06125
   0.30570	   0.06117
   0.29725	   0.06106
   0.28881	   0.06092
   0.28037	   0.06074
   0.27194	   0.06052
   0.26351	   0.06026
   0.25509	   0.05997
   0.24668	   0.05963
   0.23827	   0.05925
   0.22987	   0.05883
   0.22148	   0.05837
   0.21311	   0.05785
   0.20475	   0.05729
   0.19640	   0.05668
   0.18806	   0.05601
   0.17974	   0.05529
   0.17143	   0.05451
   0.16315	   0.05367
   0.15490	   0.05276
   0.14667	   0.05178
   0.13848	   0.05073
   0.13031	   0.04961
   0.12218	   0.04840
   0.11409	   0.04710
   0.10605	   0.04571
   0.09807	   0.04422
   0.09015	   0.04262
   0.08231	   0.04091
   0.07456	   0.03908
   0.06692	   0.03712
   0.05941	   0.03501
   0.05206	   0.03276
   0.04490	   0.03034
   0.03800	   0.02777
   0.03142	   0.02505
   0.02531	   0.02221
   0.01985	   0.01935
   0.01518	   0.01659
   0.01135	   0.01402
   0.00839	   0.01174
   0.00618	   0.00978
   0.00449	   0.00807
   0.00315	   0.00653
   0.00208	   0.00510
   0.00127	   0.00381
   0.00066	   0.00267
   0.00026	   0.00165
   0.00004	   0.00072
   0.00001	  -0.00018
   0.00019	  -0.00108
   0.00057	  -0.00202
   0.00118	  -0.00299
   0.00204	  -0.00395
   0.00320	  -0.00490
   0.00464	  -0.00584
   0.00642	  -0.00680
   0.00867	  -0.00782
   0.01160	  -0.00893
   0.01537	  -0.01013
   0.02010	  -0.01138
   0.02585	  -0.01261
   0.03247	  -0.01376
   0.03969	  -0.01477
   0.04730	  -0.01563
   0.05516	  -0.01636
   0.06320	  -0.01696
   0.07137	  -0.01748
   0.07961	  -0.01790
   0.08789	  -0.01826
   0.09622	  -0.01855
   0.10459	  -0.01878
   0.11298	  -0.01897
   0.12139	  -0.01911
   0.12982	  -0.01920
   0.13827	  -0.01927
   0.14673	  -0.01929
   0.15520	  -0.01929
   0.16369	  -0.01926
   0.17218	  -0.01921
   0.18067	  -0.01913
   0.18917	  -0.01903
   0.19767	  -0.01891
   0.20619	  -0.01877
   0.21471	  -0.01862
   0.22324	  -0.01845
   0.23177	  -0.01826
   0.24031	  -0.01806
   0.24885	  -0.01785
   0.25740	  -0.01763
   0.26594	  -0.01740
   0.27449	  -0.01716
   0.28304	  -0.01692
   0.29159	  -0.01666
   0.30014	  -0.01639
   0.30869	  -0.01612
   0.31725	  -0.01584
   0.32581	  -0.01556
   0.33437	  -0.01527
   0.34293	  -0.01497
   0.35150	  -0.01467
   0.36006	  -0.01437
   0.36863	  -0.01406
   0.37719	  -0.01375
   0.38576	  -0.01343
   0.39432	  -0.01311
   0.40289	  -0.01279
   0.41146	  -0.01246
   0.42004	  -0.01213
   0.42861	  -0.01180
   0.43718	  -0.01147
   0.44576	  -0.01114
   0.45433	  -0.01080
   0.46290	  -0.01046
   0.47147	  -0.01012
   0.48005	  -0.00978
   0.48862	  -0.00944
   0.49720	  -0.00910
   0.50577	  -0.00875
   0.51435	  -0.00841
   0.52293	  -0.00806
   0.53150	  -0.00772
   0.54008	  -0.00737
   0.54865	  -0.00702
   0.55723	  -0.00667
   0.56580	  -0.00633
   0.57438	  -0.00598
   0.58295	  -0.00564
   0.59152	  -0.00529
   0.60010	  -0.00495
   0.60867	  -0.00460
   0.61724	  -0.00425
   0.62581	  -0.00391
   0.63438	  -0.00357
   0.64295	  -0.00323
   0.65153	  -0.00289
   0.66010	  -0.00255
   0.66867	  -0.00221
   0.67723	  -0.00188
   0.68580	  -0.00155
   0.69436	  -0.00123
   0.70292	  -0.00091
   0.71148	  -0.00060
   0.72004	  -0.00029
   0.72859	   0.00001
   0.73714	   0.00031
   0.74569	   0.00059
   0.75423	   0.00087
   0.76278	   0.00113
   0.77132	   0.00139
   0.77986	   0.00164
   0.78840	   0.00187
   0.79693	   0.00210
   0.80546	   0.00231
   0.81399	   0.00250
   0.82253	   0.00269
   0.83105	   0.00286
   0.83958	   0.00301
   0.84809	   0.00315
   0.85660	   0.00327
   0.86511	   0.00337
   0.87361	   0.00344
   0.88210	   0.00350
   0.89060	   0.00353
   0.89908	   0.00354
   0.90755	   0.00352
   0.91600	   0.00347
   0.92443	   0.00339
   0.93285	   0.00326
   0.94124	   0.00309
   0.94960	   0.00287
   0.95792	   0.00259
   0.96620	   0.00225
   0.97438	   0.00185
   0.98237	   0.00137
   0.98990	   0.00084
   0.99643	   0.00031
   1.00000	   0.00000
