Hobie Hawk 
   1.00000	   0.00000
   0.99669	   0.00069
   0.99157	   0.00175
   0.98625	   0.00284
   0.98071	   0.00397
   0.97494	   0.00514
   0.96891	   0.00635
   0.96261	   0.00760
   0.95603	   0.00890
   0.94913	   0.01024
   0.94191	   0.01163
   0.93435	   0.01308
   0.92644	   0.01457
   0.91819	   0.01611
   0.90960	   0.01769
   0.90070	   0.01930
   0.89154	   0.02094
   0.88233	   0.02257
   0.87323	   0.02415
   0.86419	   0.02571
   0.85517	   0.02723
   0.84614	   0.02875
   0.83705	   0.03025
   0.82790	   0.03174
   0.81867	   0.03323
   0.80937	   0.03471
   0.80011	   0.03617
   0.79091	   0.03761
   0.78174	   0.03902
   0.77258	   0.04042
   0.76343	   0.04180
   0.75427	   0.04317
   0.74510	   0.04454
   0.73590	   0.04589
   0.72667	   0.04723
   0.71743	   0.04856
   0.70816	   0.04989
   0.69888	   0.05121
   0.68960	   0.05252
   0.68032	   0.05381
   0.67106	   0.05508
   0.66182	   0.05633
   0.65261	   0.05756
   0.64342	   0.05876
   0.63425	   0.05993
   0.62510	   0.06106
   0.61597	   0.06216
   0.60685	   0.06323
   0.59773	   0.06425
   0.58860	   0.06524
   0.57945	   0.06619
   0.57027	   0.06711
   0.56107	   0.06799
   0.55184	   0.06884
   0.54258	   0.06966
   0.53331	   0.07044
   0.52402	   0.07120
   0.51473	   0.07193
   0.50546	   0.07262
   0.49622	   0.07329
   0.48702	   0.07392
   0.47788	   0.07452
   0.46879	   0.07507
   0.45974	   0.07558
   0.45069	   0.07603
   0.44162	   0.07642
   0.43249	   0.07677
   0.42329	   0.07709
   0.41401	   0.07739
   0.40469	   0.07769
   0.39538	   0.07799
   0.38615	   0.07829
   0.37702	   0.07857
   0.36802	   0.07882
   0.35911	   0.07900
   0.35026	   0.07911
   0.34140	   0.07913
   0.33248	   0.07907
   0.32345	   0.07894
   0.31433	   0.07875
   0.30513	   0.07850
   0.29594	   0.07822
   0.28685	   0.07790
   0.27791	   0.07752
   0.26916	   0.07707
   0.26058	   0.07652
   0.25211	   0.07587
   0.24369	   0.07507
   0.23524	   0.07416
   0.22670	   0.07315
   0.21804	   0.07208
   0.20926	   0.07098
   0.20041	   0.06989
   0.19157	   0.06886
   0.18282	   0.06786
   0.17423	   0.06685
   0.16582	   0.06580
   0.15757	   0.06466
   0.14944	   0.06340
   0.14139	   0.06198
   0.13337	   0.06040
   0.12534	   0.05864
   0.11729	   0.05673
   0.10922	   0.05464
   0.10117	   0.05240
   0.09316	   0.05002
   0.08523	   0.04751
   0.07731	   0.04486
   0.06926	   0.04203
   0.06096	   0.03900
   0.05265	   0.03591
   0.04496	   0.03302
   0.03819	   0.03034
   0.03221	   0.02771
   0.02693	   0.02513
   0.02230	   0.02266
   0.01833	   0.02037
   0.01500	   0.01829
   0.01221	   0.01642
   0.00988	   0.01471
   0.00791	   0.01313
   0.00624	   0.01168
   0.00482	   0.01033
   0.00362	   0.00908
   0.00261	   0.00790
   0.00178	   0.00675
   0.00112	   0.00563
   0.00061	   0.00453
   0.00023	   0.00344
  -0.00001	   0.00238
  -0.00011	   0.00136
  -0.00006	   0.00037
   0.00015	  -0.00059
   0.00052	  -0.00153
   0.00105	  -0.00248
   0.00175	  -0.00343
   0.00264	  -0.00441
   0.00370	  -0.00541
   0.00494	  -0.00641
   0.00639	  -0.00740
   0.00806	  -0.00839
   0.00996	  -0.00939
   0.01213	  -0.01041
   0.01463	  -0.01145
   0.01753	  -0.01251
   0.02088	  -0.01355
   0.02467	  -0.01452
   0.02891	  -0.01537
   0.03367	  -0.01600
   0.03907	  -0.01638
   0.04530	  -0.01650
   0.05251	  -0.01653
   0.06059	  -0.01668
   0.06930	  -0.01694
   0.07823	  -0.01725
   0.08709	  -0.01753
   0.09577	  -0.01773
   0.10429	  -0.01780
   0.11280	  -0.01775
   0.12138	  -0.01758
   0.13014	  -0.01732
   0.13909	  -0.01698
   0.14825	  -0.01659
   0.15753	  -0.01616
   0.16683	  -0.01570
   0.17605	  -0.01520
   0.18515	  -0.01465
   0.19410	  -0.01404
   0.20293	  -0.01335
   0.21167	  -0.01260
   0.22035	  -0.01181
   0.22900	  -0.01102
   0.23764	  -0.01025
   0.24629	  -0.00955
   0.25495	  -0.00893
   0.26364	  -0.00840
   0.27234	  -0.00793
   0.28105	  -0.00747
   0.28977	  -0.00699
   0.29850	  -0.00645
   0.30723	  -0.00583
   0.31596	  -0.00513
   0.32471	  -0.00439
   0.33347	  -0.00363
   0.34226	  -0.00290
   0.35110	  -0.00221
   0.36002	  -0.00159
   0.36903	  -0.00103
   0.37814	  -0.00051
   0.38734	  -0.00002
   0.39663	   0.00046
   0.40596	   0.00094
   0.41530	   0.00143
   0.42462	   0.00192
   0.43390	   0.00240
   0.44314	   0.00285
   0.45237	   0.00328
   0.46159	   0.00367
   0.47084	   0.00404
   0.48013	   0.00438
   0.48946	   0.00472
   0.49884	   0.00504
   0.50826	   0.00536
   0.51769	   0.00568
   0.52710	   0.00599
   0.53650	   0.00629
   0.54591	   0.00659
   0.55533	   0.00688
   0.56476	   0.00717
   0.57418	   0.00744
   0.58358	   0.00770
   0.59297	   0.00795
   0.60233	   0.00819
   0.61167	   0.00841
   0.62100	   0.00862
   0.63031	   0.00881
   0.63962	   0.00898
   0.64891	   0.00913
   0.65819	   0.00926
   0.66747	   0.00937
   0.67674	   0.00945
   0.68600	   0.00950
   0.69524	   0.00952
   0.70448	   0.00951
   0.71370	   0.00947
   0.72291	   0.00941
   0.73211	   0.00931
   0.74129	   0.00919
   0.75048	   0.00905
   0.75967	   0.00889
   0.76888	   0.00871
   0.77810	   0.00852
   0.78737	   0.00831
   0.79668	   0.00808
   0.80607	   0.00785
   0.81547	   0.00760
   0.82478	   0.00734
   0.83400	   0.00708
   0.84315	   0.00681
   0.85224	   0.00652
   0.86131	   0.00623
   0.87040	   0.00592
   0.87953	   0.00560
   0.88879	   0.00526
   0.89815	   0.00490
   0.90731	   0.00454
   0.91615	   0.00417
   0.92465	   0.00380
   0.93278	   0.00344
   0.94055	   0.00309
   0.94797	   0.00273
   0.95504	   0.00239
   0.96179	   0.00205
   0.96824	   0.00173
   0.97441	   0.00140
   0.98031	   0.00109
   0.98597	   0.00078
   0.99140	   0.00048
   0.99663	   0.00019
   1.00000	   0.00000
