Horten II Tropfen sysm¨¦trique 10%
   1.00000	   0.00000
   0.99661	   0.00025
   0.99120	   0.00064
   0.98535	   0.00107
   0.97901	   0.00154
   0.97211	   0.00205
   0.96459	   0.00261
   0.95645	   0.00322
   0.94772	   0.00388
   0.93870	   0.00457
   0.92983	   0.00526
   0.92099	   0.00594
   0.91208	   0.00664
   0.90304	   0.00736
   0.89398	   0.00808
   0.88503	   0.00881
   0.87615	   0.00953
   0.86730	   0.01025
   0.85847	   0.01098
   0.84962	   0.01172
   0.84074	   0.01246
   0.83183	   0.01321
   0.82286	   0.01397
   0.81384	   0.01473
   0.80476	   0.01550
   0.79565	   0.01627
   0.78655	   0.01704
   0.77748	   0.01781
   0.76841	   0.01858
   0.75935	   0.01936
   0.75028	   0.02014
   0.74121	   0.02092
   0.73212	   0.02170
   0.72301	   0.02249
   0.71390	   0.02328
   0.70479	   0.02408
   0.69569	   0.02488
   0.68660	   0.02568
   0.67752	   0.02649
   0.66843	   0.02730
   0.65935	   0.02811
   0.65027	   0.02892
   0.64118	   0.02974
   0.63209	   0.03055
   0.62299	   0.03136
   0.61389	   0.03217
   0.60479	   0.03298
   0.59570	   0.03378
   0.58660	   0.03458
   0.57752	   0.03536
   0.56844	   0.03614
   0.55938	   0.03691
   0.55032	   0.03767
   0.54128	   0.03841
   0.53224	   0.03914
   0.52322	   0.03985
   0.51420	   0.04055
   0.50518	   0.04122
   0.49616	   0.04188
   0.48714	   0.04251
   0.47812	   0.04312
   0.46909	   0.04371
   0.46004	   0.04428
   0.45099	   0.04483
   0.44194	   0.04536
   0.43288	   0.04586
   0.42382	   0.04634
   0.41477	   0.04680
   0.40573	   0.04724
   0.39671	   0.04765
   0.38771	   0.04803
   0.37875	   0.04839
   0.36983	   0.04872
   0.36094	   0.04901
   0.35208	   0.04927
   0.34326	   0.04949
   0.33445	   0.04968
   0.32565	   0.04983
   0.31685	   0.04993
   0.30803	   0.04999
   0.29918	   0.05000
   0.29026	   0.04996
   0.28128	   0.04988
   0.27222	   0.04977
   0.26311	   0.04963
   0.25397	   0.04947
   0.24487	   0.04931
   0.23585	   0.04913
   0.22696	   0.04892
   0.21819	   0.04866
   0.20952	   0.04835
   0.20092	   0.04795
   0.19233	   0.04746
   0.18369	   0.04687
   0.17496	   0.04620
   0.16612	   0.04547
   0.15720	   0.04467
   0.14824	   0.04383
   0.13934	   0.04297
   0.13056	   0.04207
   0.12193	   0.04112
   0.11347	   0.04008
   0.10513	   0.03896
   0.09688	   0.03771
   0.08867	   0.03634
   0.08048	   0.03483
   0.07237	   0.03321
   0.06442	   0.03148
   0.05672	   0.02962
   0.04936	   0.02762
   0.04244	   0.02551
   0.03599	   0.02338
   0.03001	   0.02126
   0.02446	   0.01919
   0.01935	   0.01713
   0.01516	   0.01515
   0.01201	   0.01341
   0.00961	   0.01191
   0.00772	   0.01059
   0.00619	   0.00941
   0.00492	   0.00832
   0.00385	   0.00731
   0.00295	   0.00634
   0.00219	   0.00543
   0.00156	   0.00454
   0.00104	   0.00368
   0.00063	   0.00284
   0.00032	   0.00202
   0.00012	   0.00121
   0.00001	   0.00040
   0.00001	  -0.00040
   0.00012	  -0.00121
   0.00032	  -0.00202
   0.00063	  -0.00284
   0.00104	  -0.00368
   0.00156	  -0.00454
   0.00219	  -0.00543
   0.00295	  -0.00634
   0.00385	  -0.00731
   0.00492	  -0.00832
   0.00619	  -0.00941
   0.00772	  -0.01059
   0.00961	  -0.01191
   0.01201	  -0.01341
   0.01516	  -0.01515
   0.01935	  -0.01713
   0.02446	  -0.01919
   0.03001	  -0.02126
   0.03599	  -0.02338
   0.04244	  -0.02551
   0.04936	  -0.02762
   0.05672	  -0.02962
   0.06442	  -0.03148
   0.07237	  -0.03321
   0.08048	  -0.03483
   0.08867	  -0.03634
   0.09688	  -0.03771
   0.10513	  -0.03896
   0.11347	  -0.04008
   0.12193	  -0.04112
   0.13056	  -0.04207
   0.13934	  -0.04297
   0.14824	  -0.04383
   0.15720	  -0.04467
   0.16612	  -0.04547
   0.17496	  -0.04620
   0.18369	  -0.04687
   0.19233	  -0.04746
   0.20092	  -0.04795
   0.20952	  -0.04835
   0.21819	  -0.04866
   0.22696	  -0.04892
   0.23585	  -0.04913
   0.24487	  -0.04931
   0.25397	  -0.04947
   0.26311	  -0.04963
   0.27222	  -0.04977
   0.28128	  -0.04988
   0.29026	  -0.04996
   0.29918	  -0.05000
   0.30803	  -0.04999
   0.31685	  -0.04993
   0.32565	  -0.04983
   0.33445	  -0.04968
   0.34326	  -0.04949
   0.35208	  -0.04927
   0.36094	  -0.04901
   0.36983	  -0.04872
   0.37875	  -0.04839
   0.38771	  -0.04803
   0.39671	  -0.04765
   0.40573	  -0.04724
   0.41477	  -0.04680
   0.42382	  -0.04634
   0.43288	  -0.04586
   0.44194	  -0.04536
   0.45099	  -0.04483
   0.46004	  -0.04428
   0.46909	  -0.04371
   0.47812	  -0.04312
   0.48714	  -0.04251
   0.49616	  -0.04188
   0.50518	  -0.04122
   0.51420	  -0.04055
   0.52322	  -0.03985
   0.53224	  -0.03914
   0.54128	  -0.03841
   0.55032	  -0.03767
   0.55938	  -0.03691
   0.56844	  -0.03614
   0.57752	  -0.03536
   0.58660	  -0.03458
   0.59569	  -0.03378
   0.60479	  -0.03298
   0.61389	  -0.03217
   0.62299	  -0.03136
   0.63209	  -0.03055
   0.64118	  -0.02974
   0.65027	  -0.02892
   0.65935	  -0.02811
   0.66843	  -0.02730
   0.67752	  -0.02649
   0.68660	  -0.02568
   0.69569	  -0.02488
   0.70479	  -0.02408
   0.71390	  -0.02328
   0.72301	  -0.02249
   0.73212	  -0.02170
   0.74121	  -0.02092
   0.75028	  -0.02014
   0.75935	  -0.01936
   0.76841	  -0.01858
   0.77748	  -0.01781
   0.78655	  -0.01704
   0.79565	  -0.01627
   0.80476	  -0.01550
   0.81384	  -0.01473
   0.82286	  -0.01397
   0.83183	  -0.01321
   0.84074	  -0.01246
   0.84962	  -0.01172
   0.85847	  -0.01098
   0.86730	  -0.01025
   0.87615	  -0.00953
   0.88503	  -0.00881
   0.89398	  -0.00808
   0.90304	  -0.00736
   0.91208	  -0.00664
   0.92099	  -0.00594
   0.92983	  -0.00526
   0.93870	  -0.00457
   0.94772	  -0.00388
   0.95645	  -0.00322
   0.96459	  -0.00261
   0.97211	  -0.00205
   0.97901	  -0.00154
   0.98535	  -0.00107
   0.99120	  -0.00064
   0.99661	  -0.00025
   1.00000	   0.00000
