HQ 3,5-9
   1.00000	   0.00000
   0.99693	   0.00061
   0.99176	   0.00165
   0.98575	   0.00287
   0.97874	   0.00432
   0.97077	   0.00599
   0.96250	   0.00775
   0.95423	   0.00953
   0.94590	   0.01130
   0.93765	   0.01305
   0.92940	   0.01477
   0.92108	   0.01648
   0.91271	   0.01818
   0.90431	   0.01987
   0.89589	   0.02155
   0.88748	   0.02323
   0.87909	   0.02490
   0.87072	   0.02655
   0.86234	   0.02819
   0.85396	   0.02981
   0.84555	   0.03142
   0.83715	   0.03303
   0.82875	   0.03462
   0.82036	   0.03619
   0.81198	   0.03774
   0.80362	   0.03927
   0.79527	   0.04077
   0.78691	   0.04224
   0.77855	   0.04368
   0.77018	   0.04510
   0.76180	   0.04649
   0.75341	   0.04786
   0.74501	   0.04921
   0.73661	   0.05053
   0.72821	   0.05183
   0.71982	   0.05309
   0.71142	   0.05433
   0.70303	   0.05554
   0.69463	   0.05672
   0.68623	   0.05787
   0.67782	   0.05899
   0.66940	   0.06008
   0.66098	   0.06114
   0.65254	   0.06218
   0.64410	   0.06320
   0.63566	   0.06418
   0.62723	   0.06514
   0.61879	   0.06607
   0.61036	   0.06697
   0.60194	   0.06784
   0.59351	   0.06867
   0.58508	   0.06947
   0.57665	   0.07023
   0.56822	   0.07096
   0.55978	   0.07166
   0.55133	   0.07233
   0.54289	   0.07296
   0.53444	   0.07356
   0.52599	   0.07413
   0.51754	   0.07466
   0.50909	   0.07515
   0.50064	   0.07562
   0.49219	   0.07604
   0.48374	   0.07644
   0.47528	   0.07679
   0.46681	   0.07712
   0.45835	   0.07741
   0.44987	   0.07767
   0.44140	   0.07790
   0.43293	   0.07810
   0.42445	   0.07827
   0.41598	   0.07840
   0.40750	   0.07850
   0.39903	   0.07858
   0.39054	   0.07862
   0.38206	   0.07863
   0.37357	   0.07862
   0.36509	   0.07857
   0.35661	   0.07849
   0.34815	   0.07838
   0.33971	   0.07824
   0.33127	   0.07805
   0.32286	   0.07782
   0.31444	   0.07754
   0.30602	   0.07722
   0.29760	   0.07685
   0.28917	   0.07644
   0.28073	   0.07599
   0.27227	   0.07551
   0.26380	   0.07499
   0.25533	   0.07445
   0.24685	   0.07387
   0.23839	   0.07327
   0.22996	   0.07264
   0.22154	   0.07197
   0.21315	   0.07126
   0.20476	   0.07050
   0.19641	   0.06970
   0.18810	   0.06884
   0.17984	   0.06792
   0.17164	   0.06692
   0.16348	   0.06584
   0.15534	   0.06466
   0.14724	   0.06340
   0.13917	   0.06203
   0.13114	   0.06056
   0.12314	   0.05898
   0.11519	   0.05730
   0.10727	   0.05549
   0.09941	   0.05357
   0.09161	   0.05153
   0.08391	   0.04937
   0.07629	   0.04708
   0.06877	   0.04464
   0.06134	   0.04204
   0.05402	   0.03928
   0.04688	   0.03637
   0.03998	   0.03332
   0.03337	   0.03011
   0.02713	   0.02675
   0.02129	   0.02323
   0.01603	   0.01967
   0.01163	   0.01631
   0.00818	   0.01332
   0.00579	   0.01093
   0.00412	   0.00887
   0.00280	   0.00699
   0.00171	   0.00541
   0.00090	   0.00413
   0.00034	   0.00304
   0.00000	   0.00208
  -0.00015	   0.00120
  -0.00010	   0.00037
   0.00018	  -0.00043
   0.00070	  -0.00122
   0.00149	  -0.00200
   0.00257	  -0.00276
   0.00397	  -0.00343
   0.00577	  -0.00411
   0.00810	  -0.00498
   0.01117	  -0.00595
   0.01535	  -0.00700
   0.02055	  -0.00795
   0.02708	  -0.00873
   0.03473	  -0.00943
   0.04246	  -0.00995
   0.05051	  -0.01033
   0.05895	  -0.01065
   0.06750	  -0.01092
   0.07599	  -0.01114
   0.08444	  -0.01133
   0.09290	  -0.01149
   0.10142	  -0.01163
   0.10999	  -0.01176
   0.11858	  -0.01188
   0.12715	  -0.01200
   0.13571	  -0.01211
   0.14425	  -0.01220
   0.15278	  -0.01228
   0.16131	  -0.01235
   0.16985	  -0.01240
   0.17841	  -0.01243
   0.18697	  -0.01246
   0.19552	  -0.01248
   0.20406	  -0.01248
   0.21261	  -0.01247
   0.22118	  -0.01245
   0.22975	  -0.01242
   0.23832	  -0.01239
   0.24690	  -0.01236
   0.25547	  -0.01231
   0.26404	  -0.01226
   0.27262	  -0.01221
   0.28119	  -0.01215
   0.28976	  -0.01208
   0.29833	  -0.01201
   0.30689	  -0.01192
   0.31544	  -0.01183
   0.32397	  -0.01172
   0.33250	  -0.01160
   0.34102	  -0.01146
   0.34954	  -0.01130
   0.35805	  -0.01112
   0.36656	  -0.01091
   0.37506	  -0.01069
   0.38357	  -0.01044
   0.39210	  -0.01017
   0.40064	  -0.00989
   0.40920	  -0.00959
   0.41776	  -0.00929
   0.42632	  -0.00897
   0.43486	  -0.00865
   0.44340	  -0.00830
   0.45194	  -0.00795
   0.46047	  -0.00758
   0.46900	  -0.00719
   0.47753	  -0.00680
   0.48607	  -0.00639
   0.49462	  -0.00597
   0.50317	  -0.00554
   0.51172	  -0.00510
   0.52027	  -0.00465
   0.52882	  -0.00420
   0.53737	  -0.00373
   0.54592	  -0.00326
   0.55447	  -0.00278
   0.56302	  -0.00229
   0.57158	  -0.00179
   0.58014	  -0.00128
   0.58871	  -0.00077
   0.59728	  -0.00026
   0.60585	   0.00025
   0.61443	   0.00076
   0.62299	   0.00128
   0.63155	   0.00178
   0.64010	   0.00228
   0.64865	   0.00277
   0.65719	   0.00325
   0.66573	   0.00372
   0.67426	   0.00418
   0.68279	   0.00463
   0.69132	   0.00506
   0.69985	   0.00547
   0.70837	   0.00587
   0.71690	   0.00626
   0.72542	   0.00662
   0.73394	   0.00696
   0.74245	   0.00729
   0.75095	   0.00758
   0.75944	   0.00785
   0.76790	   0.00809
   0.77635	   0.00830
   0.78478	   0.00848
   0.79321	   0.00862
   0.80164	   0.00872
   0.81010	   0.00878
   0.81857	   0.00880
   0.82705	   0.00878
   0.83548	   0.00874
   0.84387	   0.00864
   0.85223	   0.00849
   0.86063	   0.00829
   0.86910	   0.00803
   0.87761	   0.00775
   0.88608	   0.00745
   0.89445	   0.00710
   0.90276	   0.00670
   0.91110	   0.00623
   0.91952	   0.00573
   0.92797	   0.00523
   0.93635	   0.00475
   0.94466	   0.00426
   0.95299	   0.00373
   0.96149	   0.00314
   0.96998	   0.00250
   0.97818	   0.00185
   0.98541	   0.00125
   0.99159	   0.00073
   0.99688	   0.00027
   1.00000	   0.00000
