HQ 3,0-11
   1.00000	   0.00000
   0.99661	   0.00065
   0.99095	   0.00174
   0.98447	   0.00301
   0.97708	   0.00447
   0.96887	   0.00613
   0.96020	   0.00789
   0.95147	   0.00969
   0.94282	   0.01147
   0.93422	   0.01324
   0.92564	   0.01497
   0.91704	   0.01667
   0.90843	   0.01835
   0.89980	   0.02004
   0.89114	   0.02176
   0.88243	   0.02352
   0.87368	   0.02529
   0.86490	   0.02706
   0.85611	   0.02882
   0.84732	   0.03059
   0.83855	   0.03234
   0.82979	   0.03408
   0.82105	   0.03581
   0.81234	   0.03751
   0.80364	   0.03919
   0.79496	   0.04083
   0.78627	   0.04245
   0.77758	   0.04404
   0.76887	   0.04561
   0.76015	   0.04716
   0.75141	   0.04869
   0.74267	   0.05019
   0.73393	   0.05167
   0.72519	   0.05313
   0.71646	   0.05456
   0.70774	   0.05595
   0.69902	   0.05732
   0.69030	   0.05866
   0.68157	   0.05997
   0.67283	   0.06125
   0.66407	   0.06250
   0.65531	   0.06373
   0.64655	   0.06493
   0.63779	   0.06610
   0.62903	   0.06724
   0.62029	   0.06835
   0.61155	   0.06943
   0.60283	   0.07046
   0.59410	   0.07146
   0.58538	   0.07242
   0.57666	   0.07334
   0.56793	   0.07422
   0.55919	   0.07506
   0.55045	   0.07586
   0.54170	   0.07662
   0.53295	   0.07735
   0.52420	   0.07804
   0.51546	   0.07868
   0.50671	   0.07928
   0.49796	   0.07985
   0.48921	   0.08037
   0.48045	   0.08085
   0.47169	   0.08129
   0.46292	   0.08170
   0.45415	   0.08206
   0.44537	   0.08239
   0.43658	   0.08268
   0.42779	   0.08293
   0.41900	   0.08315
   0.41021	   0.08333
   0.40142	   0.08347
   0.39262	   0.08358
   0.38383	   0.08365
   0.37505	   0.08368
   0.36627	   0.08368
   0.35749	   0.08363
   0.34873	   0.08354
   0.34000	   0.08342
   0.33128	   0.08324
   0.32257	   0.08301
   0.31386	   0.08273
   0.30512	   0.08240
   0.29636	   0.08203
   0.28760	   0.08162
   0.27886	   0.08116
   0.27013	   0.08067
   0.26140	   0.08012
   0.25266	   0.07954
   0.24394	   0.07891
   0.23525	   0.07823
   0.22660	   0.07751
   0.21799	   0.07673
   0.20941	   0.07588
   0.20085	   0.07497
   0.19232	   0.07399
   0.18382	   0.07294
   0.17534	   0.07182
   0.16688	   0.07061
   0.15843	   0.06933
   0.15002	   0.06796
   0.14165	   0.06652
   0.13336	   0.06500
   0.12516	   0.06338
   0.11702	   0.06166
   0.10896	   0.05983
   0.10098	   0.05789
   0.09309	   0.05582
   0.08531	   0.05364
   0.07766	   0.05132
   0.07014	   0.04886
   0.06276	   0.04625
   0.05555	   0.04349
   0.04858	   0.04059
   0.04191	   0.03758
   0.03559	   0.03446
   0.02967	   0.03126
   0.02431	   0.02808
   0.01968	   0.02505
   0.01577	   0.02219
   0.01252	   0.01956
   0.00988	   0.01719
   0.00777	   0.01505
   0.00611	   0.01311
   0.00481	   0.01134
   0.00376	   0.00966
   0.00284	   0.00810
   0.00202	   0.00667
   0.00131	   0.00540
   0.00075	   0.00425
   0.00033	   0.00321
   0.00005	   0.00223
  -0.00008	   0.00130
  -0.00006	   0.00040
   0.00013	  -0.00049
   0.00049	  -0.00138
   0.00104	  -0.00230
   0.00178	  -0.00322
   0.00273	  -0.00413
   0.00387	  -0.00500
   0.00523	  -0.00588
   0.00681	  -0.00683
   0.00866	  -0.00784
   0.01087	  -0.00891
   0.01354	  -0.01004
   0.01674	  -0.01123
   0.02059	  -0.01239
   0.02533	  -0.01354
   0.03112	  -0.01475
   0.03767	  -0.01591
   0.04477	  -0.01695
   0.05254	  -0.01791
   0.06081	  -0.01881
   0.06926	  -0.01963
   0.07774	  -0.02036
   0.08624	  -0.02101
   0.09484	  -0.02160
   0.10354	  -0.02215
   0.11230	  -0.02266
   0.12108	  -0.02312
   0.12985	  -0.02355
   0.13863	  -0.02395
   0.14740	  -0.02430
   0.15619	  -0.02462
   0.16500	  -0.02491
   0.17382	  -0.02516
   0.18265	  -0.02538
   0.19151	  -0.02558
   0.20038	  -0.02576
   0.20926	  -0.02591
   0.21815	  -0.02605
   0.22704	  -0.02617
   0.23592	  -0.02626
   0.24479	  -0.02634
   0.25367	  -0.02640
   0.26257	  -0.02644
   0.27150	  -0.02646
   0.28045	  -0.02648
   0.28940	  -0.02649
   0.29833	  -0.02649
   0.30727	  -0.02648
   0.31622	  -0.02646
   0.32517	  -0.02644
   0.33408	  -0.02641
   0.34292	  -0.02636
   0.35170	  -0.02627
   0.36045	  -0.02614
   0.36920	  -0.02597
   0.37798	  -0.02575
   0.38679	  -0.02550
   0.39564	  -0.02522
   0.40450	  -0.02491
   0.41337	  -0.02458
   0.42223	  -0.02423
   0.43107	  -0.02385
   0.43989	  -0.02344
   0.44870	  -0.02301
   0.45749	  -0.02254
   0.46630	  -0.02204
   0.47511	  -0.02151
   0.48394	  -0.02095
   0.49279	  -0.02037
   0.50167	  -0.01977
   0.51055	  -0.01915
   0.51945	  -0.01851
   0.52835	  -0.01786
   0.53726	  -0.01720
   0.54617	  -0.01652
   0.55507	  -0.01584
   0.56397	  -0.01514
   0.57287	  -0.01445
   0.58176	  -0.01375
   0.59065	  -0.01306
   0.59955	  -0.01237
   0.60844	  -0.01170
   0.61735	  -0.01104
   0.62626	  -0.01039
   0.63517	  -0.00976
   0.64409	  -0.00913
   0.65300	  -0.00851
   0.66190	  -0.00791
   0.67078	  -0.00732
   0.67965	  -0.00675
   0.68850	  -0.00620
   0.69735	  -0.00566
   0.70619	  -0.00516
   0.71506	  -0.00467
   0.72395	  -0.00420
   0.73286	  -0.00375
   0.74180	  -0.00330
   0.75076	  -0.00285
   0.75973	  -0.00241
   0.76870	  -0.00196
   0.77765	  -0.00152
   0.78660	  -0.00107
   0.79554	  -0.00061
   0.80446	  -0.00015
   0.81339	   0.00033
   0.82229	   0.00081
   0.83114	   0.00130
   0.83990	   0.00179
   0.84857	   0.00223
   0.85718	   0.00261
   0.86576	   0.00292
   0.87431	   0.00315
   0.88282	   0.00329
   0.89126	   0.00334
   0.89968	   0.00329
   0.90813	   0.00315
   0.91667	   0.00294
   0.92530	   0.00272
   0.93394	   0.00254
   0.94251	   0.00238
   0.95105	   0.00217
   0.95966	   0.00190
   0.96829	   0.00157
   0.97660	   0.00121
   0.98414	   0.00085
   0.99077	   0.00051
   0.99655	   0.00020
   1.00000	   0.00000
