HQ 3,5-13
   1.00000	   0.00000
   0.99640	   0.00080
   0.99049	   0.00215
   0.98386	   0.00368
   0.97645	   0.00542
   0.96833	   0.00738
   0.95969	   0.00950
   0.95082	   0.01169
   0.94189	   0.01389
   0.93296	   0.01608
   0.92403	   0.01823
   0.91507	   0.02035
   0.90606	   0.02245
   0.89699	   0.02458
   0.88791	   0.02672
   0.87882	   0.02886
   0.86971	   0.03099
   0.86056	   0.03311
   0.85136	   0.03524
   0.84215	   0.03736
   0.83295	   0.03947
   0.82379	   0.04157
   0.81466	   0.04363
   0.80556	   0.04567
   0.79646	   0.04768
   0.78737	   0.04966
   0.77827	   0.05160
   0.76916	   0.05353
   0.76004	   0.05542
   0.75091	   0.05729
   0.74179	   0.05914
   0.73266	   0.06095
   0.72355	   0.06273
   0.71445	   0.06447
   0.70535	   0.06618
   0.69626	   0.06785
   0.68716	   0.06949
   0.67805	   0.07109
   0.66892	   0.07265
   0.65978	   0.07419
   0.65064	   0.07569
   0.64149	   0.07715
   0.63236	   0.07858
   0.62323	   0.07997
   0.61413	   0.08131
   0.60504	   0.08261
   0.59595	   0.08386
   0.58688	   0.08506
   0.57780	   0.08621
   0.56873	   0.08731
   0.55964	   0.08837
   0.55056	   0.08937
   0.54147	   0.09032
   0.53238	   0.09122
   0.52329	   0.09207
   0.51420	   0.09287
   0.50510	   0.09362
   0.49601	   0.09431
   0.48691	   0.09494
   0.47781	   0.09553
   0.46870	   0.09606
   0.45958	   0.09655
   0.45045	   0.09698
   0.44131	   0.09736
   0.43216	   0.09770
   0.42300	   0.09798
   0.41384	   0.09822
   0.40467	   0.09841
   0.39551	   0.09855
   0.38635	   0.09865
   0.37720	   0.09870
   0.36805	   0.09869
   0.35889	   0.09864
   0.34975	   0.09855
   0.34064	   0.09840
   0.33158	   0.09820
   0.32257	   0.09793
   0.31357	   0.09759
   0.30455	   0.09718
   0.29549	   0.09671
   0.28640	   0.09617
   0.27730	   0.09559
   0.26817	   0.09495
   0.25902	   0.09426
   0.24985	   0.09353
   0.24071	   0.09276
   0.23162	   0.09195
   0.22260	   0.09110
   0.21364	   0.09018
   0.20475	   0.08920
   0.19593	   0.08816
   0.18721	   0.08703
   0.17858	   0.08582
   0.17006	   0.08452
   0.16162	   0.08311
   0.15327	   0.08158
   0.14499	   0.07994
   0.13677	   0.07816
   0.12862	   0.07626
   0.12053	   0.07423
   0.11252	   0.07207
   0.10459	   0.06977
   0.09679	   0.06736
   0.08913	   0.06482
   0.08165	   0.06216
   0.07434	   0.05937
   0.06719	   0.05644
   0.06024	   0.05338
   0.05355	   0.05021
   0.04721	   0.04699
   0.04130	   0.04376
   0.03586	   0.04053
   0.03088	   0.03732
   0.02640	   0.03417
   0.02243	   0.03116
   0.01898	   0.02832
   0.01600	   0.02567
   0.01343	   0.02321
   0.01123	   0.02094
   0.00933	   0.01883
   0.00771	   0.01689
   0.00633	   0.01510
   0.00517	   0.01343
   0.00420	   0.01184
   0.00335	   0.01032
   0.00259	   0.00887
   0.00190	   0.00751
   0.00129	   0.00625
   0.00080	   0.00508
   0.00041	   0.00397
   0.00013	   0.00292
  -0.00003	   0.00191
  -0.00008	   0.00092
   0.00001	  -0.00005
   0.00023	  -0.00103
   0.00060	  -0.00201
   0.00111	  -0.00300
   0.00177	  -0.00399
   0.00259	  -0.00495
   0.00358	  -0.00586
   0.00471	  -0.00676
   0.00597	  -0.00768
   0.00737	  -0.00864
   0.00892	  -0.00963
   0.01068	  -0.01063
   0.01266	  -0.01165
   0.01490	  -0.01270
   0.01743	  -0.01375
   0.02033	  -0.01478
   0.02370	  -0.01579
   0.02766	  -0.01683
   0.03225	  -0.01792
   0.03747	  -0.01901
   0.04334	  -0.02007
   0.05002	  -0.02110
   0.05749	  -0.02213
   0.06552	  -0.02312
   0.07384	  -0.02403
   0.08232	  -0.02486
   0.09100	  -0.02563
   0.09987	  -0.02634
   0.10888	  -0.02701
   0.11797	  -0.02763
   0.12707	  -0.02820
   0.13618	  -0.02872
   0.14530	  -0.02919
   0.15443	  -0.02961
   0.16359	  -0.02998
   0.17279	  -0.03031
   0.18202	  -0.03060
   0.19128	  -0.03085
   0.20056	  -0.03107
   0.20986	  -0.03126
   0.21917	  -0.03143
   0.22851	  -0.03157
   0.23786	  -0.03169
   0.24724	  -0.03178
   0.25663	  -0.03187
   0.26602	  -0.03193
   0.27540	  -0.03198
   0.28475	  -0.03201
   0.29409	  -0.03202
   0.30341	  -0.03200
   0.31272	  -0.03195
   0.32202	  -0.03188
   0.33129	  -0.03178
   0.34053	  -0.03164
   0.34975	  -0.03146
   0.35897	  -0.03123
   0.36821	  -0.03097
   0.37748	  -0.03067
   0.38678	  -0.03034
   0.39608	  -0.02998
   0.40539	  -0.02959
   0.41469	  -0.02918
   0.42399	  -0.02874
   0.43329	  -0.02827
   0.44258	  -0.02778
   0.45187	  -0.02725
   0.46117	  -0.02670
   0.47046	  -0.02612
   0.47975	  -0.02551
   0.48904	  -0.02487
   0.49834	  -0.02421
   0.50764	  -0.02352
   0.51694	  -0.02281
   0.52625	  -0.02206
   0.53556	  -0.02130
   0.54489	  -0.02051
   0.55421	  -0.01970
   0.56355	  -0.01887
   0.57290	  -0.01802
   0.58225	  -0.01715
   0.59161	  -0.01626
   0.60099	  -0.01536
   0.61037	  -0.01445
   0.61976	  -0.01353
   0.62916	  -0.01260
   0.63856	  -0.01167
   0.64796	  -0.01075
   0.65736	  -0.00983
   0.66675	  -0.00893
   0.67614	  -0.00803
   0.68552	  -0.00715
   0.69489	  -0.00629
   0.70424	  -0.00544
   0.71359	  -0.00460
   0.72293	  -0.00379
   0.73225	  -0.00301
   0.74156	  -0.00225
   0.75084	  -0.00152
   0.76008	  -0.00082
   0.76927	  -0.00016
   0.77843	   0.00046
   0.78756	   0.00103
   0.79668	   0.00155
   0.80581	   0.00202
   0.81496	   0.00245
   0.82413	   0.00283
   0.83325	   0.00316
   0.84228	   0.00343
   0.85126	   0.00363
   0.86028	   0.00375
   0.86943	   0.00382
   0.87864	   0.00385
   0.88774	   0.00385
   0.89668	   0.00378
   0.90552	   0.00362
   0.91439	   0.00339
   0.92335	   0.00313
   0.93234	   0.00291
   0.94124	   0.00271
   0.95004	   0.00247
   0.95877	   0.00216
   0.96741	   0.00180
   0.97571	   0.00139
   0.98336	   0.00099
   0.99022	   0.00060
   0.99631	   0.00023
   1.00000	   0.00000
