HT22
   1.00000	   0.00082
   0.99675	   0.00098
   0.99081	   0.00127
   0.98365	   0.00161
   0.97572	   0.00200
   0.96730	   0.00241
   0.95862	   0.00283
   0.94984	   0.00326
   0.94101	   0.00368
   0.93216	   0.00411
   0.92330	   0.00454
   0.91444	   0.00497
   0.90558	   0.00540
   0.89672	   0.00583
   0.88786	   0.00626
   0.87899	   0.00669
   0.87013	   0.00712
   0.86126	   0.00755
   0.85240	   0.00798
   0.84353	   0.00841
   0.83467	   0.00884
   0.82581	   0.00928
   0.81694	   0.00971
   0.80808	   0.01014
   0.79921	   0.01057
   0.79034	   0.01100
   0.78148	   0.01143
   0.77262	   0.01186
   0.76376	   0.01229
   0.75490	   0.01272
   0.74604	   0.01315
   0.73718	   0.01358
   0.72831	   0.01402
   0.71945	   0.01445
   0.71058	   0.01488
   0.70172	   0.01531
   0.69285	   0.01574
   0.68399	   0.01617
   0.67513	   0.01661
   0.66626	   0.01704
   0.65740	   0.01747
   0.64854	   0.01790
   0.63967	   0.01834
   0.63081	   0.01877
   0.62195	   0.01920
   0.61308	   0.01964
   0.60422	   0.02007
   0.59535	   0.02051
   0.58649	   0.02094
   0.57762	   0.02138
   0.56876	   0.02181
   0.55990	   0.02225
   0.55104	   0.02268
   0.54217	   0.02312
   0.53331	   0.02356
   0.52445	   0.02399
   0.51559	   0.02443
   0.50674	   0.02486
   0.49788	   0.02530
   0.48902	   0.02573
   0.48016	   0.02617
   0.47130	   0.02660
   0.46244	   0.02703
   0.45358	   0.02746
   0.44472	   0.02789
   0.43586	   0.02832
   0.42701	   0.02875
   0.41816	   0.02917
   0.40930	   0.02960
   0.40046	   0.03001
   0.39161	   0.03043
   0.38278	   0.03084
   0.37395	   0.03125
   0.36512	   0.03164
   0.35630	   0.03204
   0.34749	   0.03242
   0.33869	   0.03279
   0.32990	   0.03316
   0.32112	   0.03350
   0.31235	   0.03384
   0.30359	   0.03416
   0.29484	   0.03446
   0.28610	   0.03474
   0.27738	   0.03500
   0.26866	   0.03524
   0.25996	   0.03545
   0.25127	   0.03563
   0.24259	   0.03579
   0.23392	   0.03592
   0.22528	   0.03601
   0.21664	   0.03607
   0.20802	   0.03610
   0.19941	   0.03608
   0.19082	   0.03603
   0.18225	   0.03593
   0.17370	   0.03579
   0.16516	   0.03560
   0.15666	   0.03536
   0.14819	   0.03507
   0.13973	   0.03472
   0.13132	   0.03431
   0.12295	   0.03384
   0.11462	   0.03330
   0.10635	   0.03268
   0.09814	   0.03199
   0.09002	   0.03121
   0.08199	   0.03034
   0.07407	   0.02938
   0.06631	   0.02831
   0.05873	   0.02714
   0.05143	   0.02586
   0.04447	   0.02448
   0.03798	   0.02302
   0.03207	   0.02151
   0.02684	   0.02000
   0.02232	   0.01850
   0.01848	   0.01705
   0.01523	   0.01567
   0.01249	   0.01434
   0.01018	   0.01305
   0.00823	   0.01180
   0.00657	   0.01058
   0.00516	   0.00938
   0.00396	   0.00821
   0.00295	   0.00706
   0.00211	   0.00594
   0.00143	   0.00484
   0.00088	   0.00376
   0.00047	   0.00270
   0.00019	   0.00168
   0.00003	   0.00069
   0.00000	  -0.00026
   0.00011	  -0.00120
   0.00040	  -0.00216
   0.00087	  -0.00309
   0.00153	  -0.00397
   0.00237	  -0.00478
   0.00338	  -0.00554
   0.00455	  -0.00624
   0.00590	  -0.00690
   0.00746	  -0.00754
   0.00925	  -0.00815
   0.01133	  -0.00875
   0.01376	  -0.00935
   0.01666	  -0.00994
   0.02014	  -0.01054
   0.02434	  -0.01113
   0.02939	  -0.01171
   0.03535	  -0.01226
   0.04215	  -0.01276
   0.04961	  -0.01319
   0.05753	  -0.01356
   0.06573	  -0.01387
   0.07413	  -0.01412
   0.08264	  -0.01432
   0.09122	  -0.01449
   0.09986	  -0.01462
   0.10855	  -0.01472
   0.11726	  -0.01479
   0.12599	  -0.01485
   0.13474	  -0.01488
   0.14351	  -0.01490
   0.15229	  -0.01490
   0.16108	  -0.01489
   0.16988	  -0.01486
   0.17869	  -0.01483
   0.18750	  -0.01479
   0.19632	  -0.01473
   0.20515	  -0.01467
   0.21399	  -0.01461
   0.22283	  -0.01453
   0.23167	  -0.01445
   0.24051	  -0.01437
   0.24936	  -0.01428
   0.25820	  -0.01419
   0.26704	  -0.01409
   0.27589	  -0.01398
   0.28473	  -0.01388
   0.29358	  -0.01376
   0.30242	  -0.01364
   0.31127	  -0.01352
   0.32011	  -0.01339
   0.32896	  -0.01326
   0.33781	  -0.01312
   0.34666	  -0.01298
   0.35551	  -0.01283
   0.36436	  -0.01268
   0.37322	  -0.01253
   0.38208	  -0.01237
   0.39094	  -0.01221
   0.39981	  -0.01205
   0.40868	  -0.01189
   0.41755	  -0.01173
   0.42642	  -0.01156
   0.43529	  -0.01140
   0.44416	  -0.01123
   0.45304	  -0.01107
   0.46191	  -0.01090
   0.47078	  -0.01074
   0.47965	  -0.01057
   0.48852	  -0.01041
   0.49740	  -0.01024
   0.50627	  -0.01008
   0.51514	  -0.00991
   0.52401	  -0.00975
   0.53288	  -0.00958
   0.54175	  -0.00942
   0.55062	  -0.00925
   0.55949	  -0.00908
   0.56836	  -0.00892
   0.57723	  -0.00875
   0.58610	  -0.00858
   0.59497	  -0.00842
   0.60384	  -0.00825
   0.61271	  -0.00809
   0.62158	  -0.00792
   0.63046	  -0.00776
   0.63933	  -0.00759
   0.64820	  -0.00742
   0.65707	  -0.00726
   0.66594	  -0.00709
   0.67481	  -0.00692
   0.68369	  -0.00676
   0.69256	  -0.00659
   0.70143	  -0.00643
   0.71030	  -0.00626
   0.71917	  -0.00609
   0.72803	  -0.00593
   0.73690	  -0.00576
   0.74577	  -0.00559
   0.75465	  -0.00543
   0.76352	  -0.00526
   0.77239	  -0.00510
   0.78126	  -0.00493
   0.79012	  -0.00476
   0.79898	  -0.00459
   0.80785	  -0.00443
   0.81671	  -0.00426
   0.82558	  -0.00410
   0.83446	  -0.00393
   0.84333	  -0.00376
   0.85221	  -0.00359
   0.86108	  -0.00343
   0.86996	  -0.00326
   0.87883	  -0.00309
   0.88771	  -0.00293
   0.89658	  -0.00276
   0.90545	  -0.00259
   0.91433	  -0.00242
   0.92320	  -0.00226
   0.93207	  -0.00209
   0.94093	  -0.00192
   0.94976	  -0.00176
   0.95856	  -0.00159
   0.96726	  -0.00143
   0.97568	  -0.00127
   0.98364	  -0.00112
   0.99082	  -0.00098
   0.99675	  -0.00087
   1.00000	  -0.00082
