hydrofoil"Profile 915"
   1.00000	   0.00000
   0.99638	   0.00047
   0.98944	   0.00178
   0.98181	   0.00348
   0.97399	   0.00530
   0.96615	   0.00713
   0.95833	   0.00888
   0.95050	   0.01057
   0.94261	   0.01220
   0.93466	   0.01382
   0.92669	   0.01543
   0.91872	   0.01705
   0.91076	   0.01866
   0.90279	   0.02028
   0.89483	   0.02189
   0.88687	   0.02351
   0.87892	   0.02512
   0.87096	   0.02674
   0.86300	   0.02834
   0.85503	   0.02994
   0.84708	   0.03152
   0.83912	   0.03310
   0.83117	   0.03465
   0.82323	   0.03617
   0.81528	   0.03767
   0.80735	   0.03913
   0.79944	   0.04052
   0.79158	   0.04183
   0.78374	   0.04304
   0.77586	   0.04413
   0.76793	   0.04514
   0.75995	   0.04608
   0.75195	   0.04696
   0.74394	   0.04780
   0.73592	   0.04859
   0.72789	   0.04934
   0.71985	   0.05004
   0.71181	   0.05071
   0.70376	   0.05134
   0.69570	   0.05194
   0.68764	   0.05250
   0.67958	   0.05303
   0.67151	   0.05354
   0.66344	   0.05401
   0.65536	   0.05445
   0.64728	   0.05487
   0.63920	   0.05526
   0.63112	   0.05563
   0.62303	   0.05597
   0.61495	   0.05628
   0.60686	   0.05657
   0.59877	   0.05684
   0.59067	   0.05708
   0.58258	   0.05730
   0.57449	   0.05750
   0.56639	   0.05768
   0.55830	   0.05783
   0.55020	   0.05797
   0.54210	   0.05808
   0.53400	   0.05817
   0.52590	   0.05824
   0.51780	   0.05829
   0.50970	   0.05832
   0.50161	   0.05833
   0.49351	   0.05832
   0.48540	   0.05828
   0.47730	   0.05823
   0.46920	   0.05816
   0.46110	   0.05808
   0.45300	   0.05797
   0.44490	   0.05784
   0.43680	   0.05769
   0.42871	   0.05752
   0.42061	   0.05733
   0.41250	   0.05712
   0.40440	   0.05689
   0.39631	   0.05665
   0.38821	   0.05638
   0.38012	   0.05610
   0.37203	   0.05579
   0.36393	   0.05546
   0.35584	   0.05511
   0.34774	   0.05474
   0.33965	   0.05436
   0.33157	   0.05395
   0.32348	   0.05352
   0.31540	   0.05307
   0.30732	   0.05259
   0.29923	   0.05209
   0.29115	   0.05157
   0.28307	   0.05103
   0.27500	   0.05047
   0.26693	   0.04988
   0.25886	   0.04926
   0.25080	   0.04862
   0.24273	   0.04796
   0.23467	   0.04727
   0.22661	   0.04656
   0.21856	   0.04581
   0.21051	   0.04504
   0.20246	   0.04424
   0.19442	   0.04341
   0.18639	   0.04255
   0.17836	   0.04166
   0.17034	   0.04073
   0.16232	   0.03977
   0.15431	   0.03877
   0.14631	   0.03773
   0.13832	   0.03666
   0.13034	   0.03554
   0.12237	   0.03437
   0.11441	   0.03316
   0.10646	   0.03190
   0.09853	   0.03058
   0.09063	   0.02921
   0.08275	   0.02776
   0.07489	   0.02625
   0.06705	   0.02465
   0.05927	   0.02298
   0.05154	   0.02120
   0.04387	   0.01930
   0.03626	   0.01727
   0.02881	   0.01509
   0.02154	   0.01271
   0.01468	   0.01014
   0.00859	   0.00740
   0.00456	   0.00513
   0.00224	   0.00336
   0.00086	   0.00189
   0.00020	   0.00087
  -0.00000	   0.00003
   0.00021	  -0.00082
   0.00088	  -0.00185
   0.00232	  -0.00323
   0.00487	  -0.00496
   0.00912	  -0.00725
   0.01529	  -0.00980
   0.02225	  -0.01221
   0.02957	  -0.01438
   0.03710	  -0.01636
   0.04474	  -0.01817
   0.05244	  -0.01985
   0.06022	  -0.02140
   0.06804	  -0.02285
   0.07591	  -0.02420
   0.08380	  -0.02546
   0.09172	  -0.02665
   0.09966	  -0.02777
   0.10761	  -0.02882
   0.11558	  -0.02980
   0.12356	  -0.03072
   0.13155	  -0.03159
   0.13956	  -0.03240
   0.14757	  -0.03316
   0.15559	  -0.03387
   0.16361	  -0.03453
   0.17164	  -0.03514
   0.17968	  -0.03570
   0.18772	  -0.03622
   0.19576	  -0.03669
   0.20380	  -0.03711
   0.21184	  -0.03747
   0.21989	  -0.03779
   0.22794	  -0.03806
   0.23597	  -0.03828
   0.24399	  -0.03843
   0.25200	  -0.03851
   0.26002	  -0.03852
   0.26806	  -0.03848
   0.27612	  -0.03838
   0.28419	  -0.03824
   0.29226	  -0.03806
   0.30035	  -0.03785
   0.30844	  -0.03761
   0.31654	  -0.03735
   0.32464	  -0.03708
   0.33273	  -0.03678
   0.34083	  -0.03647
   0.34893	  -0.03613
   0.35704	  -0.03579
   0.36514	  -0.03543
   0.37325	  -0.03506
   0.38136	  -0.03468
   0.38947	  -0.03429
   0.39757	  -0.03389
   0.40569	  -0.03349
   0.41380	  -0.03307
   0.42191	  -0.03265
   0.43002	  -0.03222
   0.43813	  -0.03179
   0.44624	  -0.03135
   0.45436	  -0.03090
   0.46247	  -0.03045
   0.47059	  -0.03000
   0.47870	  -0.02954
   0.48682	  -0.02909
   0.49494	  -0.02863
   0.50306	  -0.02817
   0.51117	  -0.02770
   0.51928	  -0.02724
   0.52740	  -0.02677
   0.53552	  -0.02629
   0.54364	  -0.02582
   0.55175	  -0.02535
   0.55987	  -0.02487
   0.56799	  -0.02440
   0.57611	  -0.02392
   0.58422	  -0.02345
   0.59234	  -0.02297
   0.60046	  -0.02250
   0.60858	  -0.02203
   0.61669	  -0.02155
   0.62481	  -0.02108
   0.63293	  -0.02061
   0.64105	  -0.02014
   0.64917	  -0.01966
   0.65729	  -0.01919
   0.66540	  -0.01873
   0.67352	  -0.01826
   0.68163	  -0.01780
   0.68975	  -0.01734
   0.69787	  -0.01688
   0.70599	  -0.01642
   0.71411	  -0.01596
   0.72222	  -0.01550
   0.73034	  -0.01505
   0.73845	  -0.01460
   0.74657	  -0.01415
   0.75468	  -0.01371
   0.76280	  -0.01327
   0.77092	  -0.01283
   0.77903	  -0.01239
   0.78715	  -0.01195
   0.79526	  -0.01152
   0.80338	  -0.01109
   0.81150	  -0.01066
   0.81961	  -0.01023
   0.82773	  -0.00981
   0.83584	  -0.00939
   0.84395	  -0.00898
   0.85206	  -0.00857
   0.86018	  -0.00815
   0.86829	  -0.00774
   0.87640	  -0.00733
   0.88452	  -0.00693
   0.89263	  -0.00652
   0.90075	  -0.00611
   0.90886	  -0.00569
   0.91697	  -0.00528
   0.92507	  -0.00486
   0.93317	  -0.00443
   0.94126	  -0.00398
   0.94932	  -0.00351
   0.95731	  -0.00298
   0.96527	  -0.00237
   0.97331	  -0.00169
   0.98137	  -0.00099
   0.98919	  -0.00038
   0.99634	   0.00000
   1.00000	   0.00000
