JGM4-126
   0.90000	   0.02700
   0.89407	   0.02820
   0.88500	   0.03001
   0.87572	   0.03184
   0.86623	   0.03370
   0.85653	   0.03557
   0.84663	   0.03745
   0.83654	   0.03935
   0.82629	   0.04125
   0.81587	   0.04315
   0.80533	   0.04505
   0.79467	   0.04694
   0.78393	   0.04882
   0.77313	   0.05067
   0.76229	   0.05249
   0.75143	   0.05427
   0.74055	   0.05600
   0.72966	   0.05769
   0.71877	   0.05932
   0.70786	   0.06090
   0.69694	   0.06242
   0.68598	   0.06388
   0.67498	   0.06529
   0.66392	   0.06666
   0.65280	   0.06799
   0.64163	   0.06930
   0.63041	   0.07059
   0.61915	   0.07186
   0.60786	   0.07312
   0.59657	   0.07438
   0.58530	   0.07564
   0.57407	   0.07688
   0.56290	   0.07809
   0.55178	   0.07927
   0.54073	   0.08039
   0.52973	   0.08146
   0.51877	   0.08246
   0.50784	   0.08339
   0.49692	   0.08423
   0.48598	   0.08499
   0.47500	   0.08568
   0.46398	   0.08629
   0.45289	   0.08686
   0.44175	   0.08737
   0.43056	   0.08785
   0.41933	   0.08829
   0.40810	   0.08871
   0.39689	   0.08911
   0.38574	   0.08950
   0.37469	   0.08985
   0.36375	   0.09015
   0.35293	   0.09039
   0.34224	   0.09054
   0.33167	   0.09059
   0.32121	   0.09053
   0.31083	   0.09034
   0.30051	   0.09002
   0.29022	   0.08955
   0.27994	   0.08897
   0.26967	   0.08832
   0.25943	   0.08763
   0.24927	   0.08695
   0.23926	   0.08631
   0.22945	   0.08565
   0.21988	   0.08494
   0.21053	   0.08412
   0.20141	   0.08316
   0.19247	   0.08203
   0.18368	   0.08075
   0.17504	   0.07937
   0.16656	   0.07793
   0.15829	   0.07647
   0.15026	   0.07505
   0.14252	   0.07367
   0.13512	   0.07233
   0.12808	   0.07098
   0.12141	   0.06959
   0.11511	   0.06816
   0.10915	   0.06665
   0.10352	   0.06508
   0.09820	   0.06342
   0.09315	   0.06170
   0.08835	   0.05996
   0.08377	   0.05824
   0.07940	   0.05657
   0.07521	   0.05497
   0.07119	   0.05345
   0.06734	   0.05202
   0.06365	   0.05067
   0.06013	   0.04936
   0.05678	   0.04808
   0.05359	   0.04679
   0.05056	   0.04549
   0.04770	   0.04417
   0.04499	   0.04282
   0.04243	   0.04143
   0.04001	   0.04000
   0.03772	   0.03854
   0.03555	   0.03706
   0.03349	   0.03559
   0.03152	   0.03415
   0.02963	   0.03275
   0.02781	   0.03140
   0.02604	   0.03011
   0.02433	   0.02888
   0.02266	   0.02773
   0.02102	   0.02665
   0.01942	   0.02565
   0.01785	   0.02471
   0.01632	   0.02381
   0.01483	   0.02290
   0.01340	   0.02195
   0.01203	   0.02095
   0.01072	   0.01986
   0.00949	   0.01868
   0.00834	   0.01739
   0.00727	   0.01598
   0.00629	   0.01445
   0.00539	   0.01280
   0.00457	   0.01103
   0.00383	   0.00919
   0.00317	   0.00737
   0.00257	   0.00564
   0.00204	   0.00406
   0.00157	   0.00268
   0.00114	   0.00154
   0.00076	   0.00067
   0.00043	   0.00012
   0.00014	  -0.00006
  -0.00012	   0.00016
  -0.00033	   0.00081
  -0.00050	   0.00183
  -0.00063	   0.00318
  -0.00072	   0.00481
  -0.00076	   0.00666
  -0.00074	   0.00866
  -0.00066	   0.01071
  -0.00050	   0.01265
  -0.00025	   0.01425
   0.00011	   0.01515
   0.00059	   0.01509
   0.00122	   0.01408
   0.00199	   0.01228
   0.00292	   0.00993
   0.00398	   0.00727
   0.00520	   0.00456
   0.00655	   0.00202
   0.00805	  -0.00016
   0.00972	  -0.00180
   0.01157	  -0.00275
   0.01360	  -0.00308
   0.01581	  -0.00292
   0.01817	  -0.00245
   0.02066	  -0.00184
   0.02324	  -0.00127
   0.02591	  -0.00076
   0.02867	  -0.00029
   0.03153	   0.00012
   0.03449	   0.00049
   0.03755	   0.00082
   0.04072	   0.00113
   0.04401	   0.00143
   0.04742	   0.00174
   0.05097	   0.00210
   0.05469	   0.00253
   0.05858	   0.00303
   0.06267	   0.00361
   0.06697	   0.00426
   0.07151	   0.00500
   0.07633	   0.00582
   0.08144	   0.00671
   0.08688	   0.00768
   0.09269	   0.00872
   0.09891	   0.00981
   0.10557	   0.01094
   0.11270	   0.01208
   0.12032	   0.01324
   0.12844	   0.01441
   0.13703	   0.01559
   0.14607	   0.01677
   0.15547	   0.01794
   0.16516	   0.01909
   0.17503	   0.02022
   0.18502	   0.02134
   0.19506	   0.02245
   0.20514	   0.02357
   0.21526	   0.02469
   0.22543	   0.02581
   0.23565	   0.02691
   0.24595	   0.02801
   0.25631	   0.02907
   0.26675	   0.03010
   0.27727	   0.03109
   0.28788	   0.03202
   0.29858	   0.03289
   0.30936	   0.03368
   0.32022	   0.03440
   0.33116	   0.03506
   0.34218	   0.03565
   0.35326	   0.03619
   0.36440	   0.03668
   0.37559	   0.03713
   0.38682	   0.03754
   0.39806	   0.03793
   0.40931	   0.03831
   0.42056	   0.03866
   0.43178	   0.03898
   0.44297	   0.03927
   0.45413	   0.03952
   0.46526	   0.03972
   0.47637	   0.03987
   0.48745	   0.03997
   0.49853	   0.04000
   0.50962	   0.03997
   0.52074	   0.03987
   0.53189	   0.03971
   0.54308	   0.03951
   0.55433	   0.03926
   0.56562	   0.03898
   0.57696	   0.03867
   0.58833	   0.03834
   0.59971	   0.03801
   0.61109	   0.03767
   0.62245	   0.03732
   0.63377	   0.03695
   0.64503	   0.03656
   0.65624	   0.03614
   0.66739	   0.03568
   0.67850	   0.03516
   0.68956	   0.03460
   0.70061	   0.03396
   0.71164	   0.03326
   0.72269	   0.03249
   0.73376	   0.03166
   0.74487	   0.03078
   0.75602	   0.02986
   0.76720	   0.02891
   0.77841	   0.02792
   0.78963	   0.02693
   0.80083	   0.02593
   0.81200	   0.02493
   0.82309	   0.02391
   0.83410	   0.02288
   0.84500	   0.02180
   0.85577	   0.02067
   0.86641	   0.01948
   0.87692	   0.01820
   0.88729	   0.01684
   0.89753	   0.01537
   0.90765	   0.01380
   0.91764	   0.01216
   0.92754	   0.01051
   0.93734	   0.00892
   0.94704	   0.00743
   0.95664	   0.00609
   0.96615	   0.00492
   0.97554	   0.00392
   0.98482	   0.00308
   0.99397	   0.00238
   1.00000	   0.00200
