LINDNER1
   1.00000	   0.00250
   0.99687	   0.00333
   0.99186	   0.00465
   0.98642	   0.00607
   0.98048	   0.00760
   0.97396	   0.00926
   0.96679	   0.01107
   0.95890	   0.01303
   0.95030	   0.01513
   0.94116	   0.01732
   0.93208	   0.01947
   0.92306	   0.02155
   0.91393	   0.02362
   0.90467	   0.02568
   0.89554	   0.02766
   0.88656	   0.02957
   0.87767	   0.03141
   0.86884	   0.03321
   0.86002	   0.03495
   0.85119	   0.03666
   0.84232	   0.03834
   0.83340	   0.03999
   0.82442	   0.04161
   0.81535	   0.04320
   0.80621	   0.04476
   0.79699	   0.04630
   0.78771	   0.04780
   0.77837	   0.04928
   0.76899	   0.05073
   0.75958	   0.05215
   0.75014	   0.05354
   0.74069	   0.05491
   0.73123	   0.05626
   0.72178	   0.05759
   0.71233	   0.05891
   0.70289	   0.06020
   0.69346	   0.06149
   0.68405	   0.06277
   0.67465	   0.06403
   0.66526	   0.06527
   0.65589	   0.06649
   0.64653	   0.06769
   0.63719	   0.06885
   0.62785	   0.06999
   0.61852	   0.07110
   0.60921	   0.07218
   0.59989	   0.07321
   0.59058	   0.07421
   0.58127	   0.07517
   0.57196	   0.07609
   0.56265	   0.07697
   0.55333	   0.07782
   0.54400	   0.07863
   0.53467	   0.07941
   0.52532	   0.08015
   0.51597	   0.08086
   0.50661	   0.08154
   0.49723	   0.08219
   0.48784	   0.08280
   0.47844	   0.08338
   0.46903	   0.08393
   0.45961	   0.08444
   0.45018	   0.08492
   0.44075	   0.08536
   0.43132	   0.08576
   0.42190	   0.08612
   0.41250	   0.08644
   0.40312	   0.08672
   0.39378	   0.08695
   0.38447	   0.08715
   0.37521	   0.08729
   0.36599	   0.08739
   0.35682	   0.08744
   0.34768	   0.08744
   0.33857	   0.08738
   0.32948	   0.08727
   0.32038	   0.08710
   0.31126	   0.08687
   0.30209	   0.08658
   0.29285	   0.08621
   0.28351	   0.08579
   0.27407	   0.08531
   0.26455	   0.08480
   0.25501	   0.08428
   0.24552	   0.08375
   0.23619	   0.08323
   0.22705	   0.08267
   0.21810	   0.08206
   0.20930	   0.08137
   0.20057	   0.08056
   0.19179	   0.07960
   0.18286	   0.07849
   0.17371	   0.07723
   0.16436	   0.07585
   0.15493	   0.07439
   0.14566	   0.07290
   0.13676	   0.07142
   0.12833	   0.06993
   0.12030	   0.06839
   0.11253	   0.06675
   0.10484	   0.06495
   0.09698	   0.06287
   0.08858	   0.06042
   0.07957	   0.05763
   0.07083	   0.05490
   0.06330	   0.05250
   0.05672	   0.05029
   0.05045	   0.04798
   0.04340	   0.04500
   0.03689	   0.04183
   0.03049	   0.03837
   0.02330	   0.03419
   0.01895	   0.03153
   0.01581	   0.02951
   0.01334	   0.02785
   0.01130	   0.02640
   0.00956	   0.02510
   0.00806	   0.02392
   0.00675	   0.02282
   0.00560	   0.02179
   0.00458	   0.02082
   0.00368	   0.01990
   0.00290	   0.01903
   0.00221	   0.01818
   0.00161	   0.01737
   0.00111	   0.01659
   0.00068	   0.01583
   0.00034	   0.01510
   0.00008	   0.01438
  -0.00011	   0.01368
  -0.00022	   0.01300
  -0.00024	   0.01234
  -0.00018	   0.01168
  -0.00004	   0.01104
   0.00019	   0.01041
   0.00051	   0.00978
   0.00092	   0.00916
   0.00142	   0.00855
   0.00201	   0.00794
   0.00270	   0.00734
   0.00349	   0.00674
   0.00439	   0.00613
   0.00541	   0.00553
   0.00655	   0.00492
   0.00784	   0.00431
   0.00930	   0.00370
   0.01096	   0.00308
   0.01286	   0.00245
   0.01507	   0.00182
   0.01770	   0.00118
   0.02096	   0.00055
   0.02523	  -0.00002
   0.03134	  -0.00029
   0.03997	   0.00036
   0.04839	   0.00172
   0.05578	   0.00293
   0.06327	   0.00400
   0.07154	   0.00507
   0.08075	   0.00619
   0.09014	   0.00731
   0.09945	   0.00843
   0.10848	   0.00958
   0.11741	   0.01076
   0.12636	   0.01197
   0.13542	   0.01321
   0.14462	   0.01447
   0.15394	   0.01573
   0.16331	   0.01696
   0.17266	   0.01815
   0.18195	   0.01928
   0.19118	   0.02034
   0.20036	   0.02134
   0.20953	   0.02227
   0.21872	   0.02314
   0.22797	   0.02396
   0.23729	   0.02476
   0.24669	   0.02553
   0.25616	   0.02629
   0.26567	   0.02704
   0.27519	   0.02779
   0.28470	   0.02852
   0.29422	   0.02926
   0.30375	   0.02999
   0.31326	   0.03072
   0.32274	   0.03144
   0.33219	   0.03214
   0.34162	   0.03283
   0.35102	   0.03349
   0.36039	   0.03413
   0.36974	   0.03473
   0.37906	   0.03529
   0.38837	   0.03581
   0.39767	   0.03629
   0.40696	   0.03671
   0.41626	   0.03709
   0.42557	   0.03742
   0.43489	   0.03771
   0.44424	   0.03796
   0.45360	   0.03818
   0.46299	   0.03836
   0.47240	   0.03851
   0.48183	   0.03863
   0.49128	   0.03873
   0.50074	   0.03881
   0.51022	   0.03886
   0.51970	   0.03890
   0.52918	   0.03892
   0.53865	   0.03891
   0.54812	   0.03888
   0.55757	   0.03882
   0.56701	   0.03874
   0.57644	   0.03862
   0.58585	   0.03848
   0.59525	   0.03830
   0.60464	   0.03809
   0.61401	   0.03785
   0.62338	   0.03757
   0.63274	   0.03725
   0.64209	   0.03691
   0.65143	   0.03653
   0.66078	   0.03611
   0.67013	   0.03566
   0.67948	   0.03518
   0.68883	   0.03466
   0.69820	   0.03411
   0.70758	   0.03352
   0.71698	   0.03290
   0.72639	   0.03225
   0.73583	   0.03156
   0.74528	   0.03084
   0.75474	   0.03009
   0.76421	   0.02931
   0.77368	   0.02850
   0.78314	   0.02766
   0.79257	   0.02680
   0.80198	   0.02591
   0.81134	   0.02501
   0.82064	   0.02408
   0.82989	   0.02314
   0.83908	   0.02217
   0.84822	   0.02119
   0.85733	   0.02019
   0.86643	   0.01917
   0.87554	   0.01812
   0.88468	   0.01705
   0.89391	   0.01594
   0.90325	   0.01480
   0.91268	   0.01362
   0.92197	   0.01242
   0.93120	   0.01118
   0.94052	   0.00988
   0.94975	   0.00854
   0.95841	   0.00721
   0.96636	   0.00594
   0.97360	   0.00474
   0.98019	   0.00361
   0.98621	   0.00255
   0.99173	   0.00155
   0.99681	   0.00060
   1.00000	   0.00000
