MB253515
   1.00000	   0.00000
   0.99656	   0.00072
   0.99107	   0.00187
   0.98516	   0.00311
   0.97875	   0.00444
   0.97179	   0.00588
   0.96424	   0.00743
   0.95608	   0.00909
   0.94736	   0.01085
   0.93822	   0.01269
   0.92899	   0.01453
   0.91979	   0.01637
   0.91055	   0.01822
   0.90129	   0.02007
   0.89210	   0.02192
   0.88296	   0.02378
   0.87380	   0.02564
   0.86461	   0.02752
   0.85537	   0.02942
   0.84610	   0.03132
   0.83680	   0.03323
   0.82752	   0.03514
   0.81823	   0.03705
   0.80894	   0.03896
   0.79965	   0.04086
   0.79038	   0.04276
   0.78113	   0.04465
   0.77188	   0.04653
   0.76264	   0.04840
   0.75340	   0.05027
   0.74418	   0.05212
   0.73495	   0.05395
   0.72574	   0.05578
   0.71653	   0.05758
   0.70732	   0.05937
   0.69813	   0.06114
   0.68894	   0.06289
   0.67976	   0.06461
   0.67059	   0.06632
   0.66143	   0.06799
   0.65227	   0.06964
   0.64313	   0.07127
   0.63399	   0.07286
   0.62485	   0.07442
   0.61572	   0.07594
   0.60660	   0.07743
   0.59748	   0.07889
   0.58838	   0.08030
   0.57928	   0.08168
   0.57019	   0.08301
   0.56111	   0.08430
   0.55204	   0.08555
   0.54297	   0.08674
   0.53391	   0.08789
   0.52485	   0.08899
   0.51579	   0.09004
   0.50674	   0.09103
   0.49769	   0.09198
   0.48864	   0.09286
   0.47961	   0.09370
   0.47058	   0.09447
   0.46155	   0.09519
   0.45253	   0.09585
   0.44351	   0.09644
   0.43448	   0.09698
   0.42546	   0.09746
   0.41643	   0.09787
   0.40741	   0.09823
   0.39840	   0.09852
   0.38937	   0.09874
   0.38034	   0.09891
   0.37129	   0.09902
   0.36223	   0.09906
   0.35315	   0.09906
   0.34407	   0.09899
   0.33500	   0.09888
   0.32594	   0.09870
   0.31689	   0.09847
   0.30785	   0.09818
   0.29883	   0.09783
   0.28983	   0.09742
   0.28087	   0.09695
   0.27196	   0.09641
   0.26310	   0.09579
   0.25430	   0.09510
   0.24555	   0.09432
   0.23684	   0.09345
   0.22819	   0.09249
   0.21957	   0.09143
   0.21101	   0.09027
   0.20249	   0.08900
   0.19402	   0.08763
   0.18560	   0.08614
   0.17723	   0.08455
   0.16892	   0.08284
   0.16066	   0.08101
   0.15247	   0.07906
   0.14434	   0.07698
   0.13627	   0.07478
   0.12827	   0.07246
   0.12035	   0.07000
   0.11249	   0.06741
   0.10472	   0.06469
   0.09701	   0.06183
   0.08936	   0.05882
   0.08177	   0.05568
   0.07425	   0.05241
   0.06683	   0.04901
   0.05954	   0.04553
   0.05250	   0.04201
   0.04574	   0.03848
   0.03936	   0.03499
   0.03366	   0.03170
   0.02875	   0.02873
   0.02440	   0.02598
   0.02035	   0.02327
   0.01659	   0.02056
   0.01338	   0.01807
   0.01080	   0.01591
   0.00871	   0.01406
   0.00701	   0.01245
   0.00560	   0.01101
   0.00443	   0.00972
   0.00344	   0.00852
   0.00260	   0.00739
   0.00190	   0.00633
   0.00132	   0.00531
   0.00085	   0.00434
   0.00048	   0.00339
   0.00021	   0.00246
   0.00004	   0.00156
  -0.00004	   0.00067
  -0.00002	  -0.00022
   0.00011	  -0.00110
   0.00034	  -0.00198
   0.00067	  -0.00287
   0.00111	  -0.00377
   0.00165	  -0.00469
   0.00231	  -0.00562
   0.00308	  -0.00658
   0.00400	  -0.00757
   0.00507	  -0.00859
   0.00631	  -0.00965
   0.00778	  -0.01076
   0.00950	  -0.01192
   0.01153	  -0.01311
   0.01393	  -0.01431
   0.01679	  -0.01550
   0.02019	  -0.01667
   0.02412	  -0.01784
   0.02858	  -0.01912
   0.03370	  -0.02056
   0.03961	  -0.02213
   0.04637	  -0.02377
   0.05388	  -0.02549
   0.06192	  -0.02727
   0.07026	  -0.02904
   0.07876	  -0.03077
   0.08734	  -0.03243
   0.09593	  -0.03401
   0.10453	  -0.03549
   0.11316	  -0.03687
   0.12183	  -0.03816
   0.13056	  -0.03937
   0.13933	  -0.04049
   0.14813	  -0.04154
   0.15697	  -0.04251
   0.16586	  -0.04340
   0.17478	  -0.04423
   0.18375	  -0.04499
   0.19275	  -0.04570
   0.20179	  -0.04634
   0.21086	  -0.04694
   0.21995	  -0.04748
   0.22905	  -0.04797
   0.23817	  -0.04842
   0.24730	  -0.04881
   0.25646	  -0.04916
   0.26562	  -0.04947
   0.27481	  -0.04973
   0.28400	  -0.04996
   0.29322	  -0.05015
   0.30245	  -0.05030
   0.31169	  -0.05041
   0.32093	  -0.05049
   0.33018	  -0.05054
   0.33944	  -0.05056
   0.34872	  -0.05054
   0.35800	  -0.05050
   0.36730	  -0.05043
   0.37659	  -0.05033
   0.38590	  -0.05021
   0.39521	  -0.05006
   0.40452	  -0.04988
   0.41382	  -0.04968
   0.42313	  -0.04946
   0.43242	  -0.04921
   0.44172	  -0.04893
   0.45101	  -0.04863
   0.46031	  -0.04830
   0.46962	  -0.04794
   0.47892	  -0.04756
   0.48822	  -0.04715
   0.49753	  -0.04672
   0.50684	  -0.04626
   0.51614	  -0.04578
   0.52544	  -0.04528
   0.53474	  -0.04475
   0.54404	  -0.04420
   0.55333	  -0.04362
   0.56263	  -0.04302
   0.57193	  -0.04239
   0.58123	  -0.04174
   0.59054	  -0.04107
   0.59985	  -0.04037
   0.60916	  -0.03965
   0.61849	  -0.03892
   0.62781	  -0.03816
   0.63714	  -0.03738
   0.64647	  -0.03659
   0.65580	  -0.03577
   0.66513	  -0.03494
   0.67446	  -0.03409
   0.68380	  -0.03323
   0.69314	  -0.03235
   0.70248	  -0.03145
   0.71183	  -0.03054
   0.72118	  -0.02961
   0.73055	  -0.02867
   0.73993	  -0.02772
   0.74931	  -0.02676
   0.75869	  -0.02579
   0.76808	  -0.02481
   0.77747	  -0.02383
   0.78686	  -0.02284
   0.79625	  -0.02184
   0.80566	  -0.02084
   0.81508	  -0.01982
   0.82452	  -0.01881
   0.83395	  -0.01779
   0.84337	  -0.01678
   0.85280	  -0.01576
   0.86220	  -0.01474
   0.87156	  -0.01374
   0.88088	  -0.01274
   0.89019	  -0.01174
   0.89953	  -0.01075
   0.90893	  -0.00976
   0.91829	  -0.00878
   0.92758	  -0.00780
   0.93690	  -0.00682
   0.94623	  -0.00584
   0.95516	  -0.00489
   0.96352	  -0.00399
   0.97125	  -0.00316
   0.97836	  -0.00239
   0.98490	  -0.00167
   0.99093	  -0.00101
   0.99650	  -0.00039
   1.00000	   0.00000
