mb714
   1.00000	   0.00129
   0.99669	   0.00183
   0.99075	   0.00266
   0.98373	   0.00350
   0.97589	   0.00436
   0.96760	   0.00523
   0.95911	   0.00612
   0.95055	   0.00699
   0.94197	   0.00786
   0.93337	   0.00872
   0.92476	   0.00957
   0.91613	   0.01041
   0.90750	   0.01125
   0.89885	   0.01209
   0.89021	   0.01292
   0.88157	   0.01375
   0.87293	   0.01457
   0.86430	   0.01539
   0.85566	   0.01620
   0.84702	   0.01701
   0.83839	   0.01781
   0.82975	   0.01860
   0.82111	   0.01939
   0.81248	   0.02018
   0.80384	   0.02096
   0.79521	   0.02173
   0.78657	   0.02249
   0.77794	   0.02325
   0.76932	   0.02400
   0.76069	   0.02474
   0.75206	   0.02547
   0.74343	   0.02620
   0.73480	   0.02691
   0.72616	   0.02762
   0.71751	   0.02832
   0.70886	   0.02902
   0.70021	   0.02971
   0.69156	   0.03040
   0.68291	   0.03109
   0.67425	   0.03177
   0.66560	   0.03245
   0.65695	   0.03312
   0.64831	   0.03379
   0.63966	   0.03445
   0.63103	   0.03510
   0.62239	   0.03574
   0.61376	   0.03638
   0.60514	   0.03700
   0.59651	   0.03762
   0.58789	   0.03822
   0.57928	   0.03881
   0.57066	   0.03938
   0.56205	   0.03994
   0.55344	   0.04049
   0.54483	   0.04102
   0.53623	   0.04154
   0.52762	   0.04204
   0.51902	   0.04252
   0.51041	   0.04299
   0.50180	   0.04344
   0.49319	   0.04388
   0.48458	   0.04429
   0.47596	   0.04470
   0.46735	   0.04509
   0.45874	   0.04546
   0.45013	   0.04582
   0.44151	   0.04616
   0.43291	   0.04648
   0.42430	   0.04679
   0.41569	   0.04708
   0.40709	   0.04735
   0.39849	   0.04760
   0.38989	   0.04783
   0.38129	   0.04804
   0.37269	   0.04824
   0.36409	   0.04841
   0.35550	   0.04856
   0.34691	   0.04869
   0.33831	   0.04880
   0.32972	   0.04889
   0.32112	   0.04896
   0.31253	   0.04901
   0.30393	   0.04904
   0.29534	   0.04904
   0.28675	   0.04903
   0.27818	   0.04899
   0.26962	   0.04893
   0.26107	   0.04883
   0.25253	   0.04871
   0.24403	   0.04856
   0.23554	   0.04836
   0.22705	   0.04812
   0.21858	   0.04784
   0.21012	   0.04752
   0.20166	   0.04715
   0.19322	   0.04673
   0.18479	   0.04627
   0.17637	   0.04576
   0.16796	   0.04519
   0.15957	   0.04458
   0.15121	   0.04391
   0.14287	   0.04318
   0.13457	   0.04238
   0.12629	   0.04152
   0.11806	   0.04059
   0.10987	   0.03958
   0.10173	   0.03850
   0.09366	   0.03732
   0.08566	   0.03605
   0.07776	   0.03469
   0.06998	   0.03321
   0.06232	   0.03161
   0.05480	   0.02987
   0.04747	   0.02801
   0.04046	   0.02606
   0.03396	   0.02405
   0.02808	   0.02197
   0.02288	   0.01982
   0.01838	   0.01766
   0.01457	   0.01555
   0.01143	   0.01356
   0.00886	   0.01174
   0.00677	   0.01011
   0.00508	   0.00865
   0.00371	   0.00733
   0.00260	   0.00611
   0.00171	   0.00497
   0.00102	   0.00387
   0.00052	   0.00281
   0.00018	   0.00180
  -0.00001	   0.00082
  -0.00003	  -0.00011
   0.00011	  -0.00105
   0.00046	  -0.00200
   0.00102	  -0.00293
   0.00180	  -0.00381
   0.00279	  -0.00465
   0.00400	  -0.00547
   0.00545	  -0.00627
   0.00719	  -0.00708
   0.00931	  -0.00792
   0.01193	  -0.00881
   0.01520	  -0.00977
   0.01933	  -0.01083
   0.02442	  -0.01197
   0.03040	  -0.01312
   0.03710	  -0.01420
   0.04434	  -0.01517
   0.05199	  -0.01602
   0.05992	  -0.01676
   0.06804	  -0.01742
   0.07627	  -0.01801
   0.08460	  -0.01853
   0.09298	  -0.01899
   0.10139	  -0.01941
   0.10984	  -0.01977
   0.11832	  -0.02009
   0.12682	  -0.02037
   0.13534	  -0.02062
   0.14387	  -0.02084
   0.15240	  -0.02102
   0.16095	  -0.02117
   0.16950	  -0.02129
   0.17806	  -0.02138
   0.18663	  -0.02145
   0.19521	  -0.02149
   0.20379	  -0.02151
   0.21239	  -0.02151
   0.22099	  -0.02148
   0.22961	  -0.02144
   0.23823	  -0.02138
   0.24687	  -0.02131
   0.25551	  -0.02122
   0.26416	  -0.02113
   0.27281	  -0.02103
   0.28147	  -0.02091
   0.29012	  -0.02079
   0.29877	  -0.02066
   0.30743	  -0.02052
   0.31609	  -0.02037
   0.32475	  -0.02021
   0.33342	  -0.02005
   0.34208	  -0.01987
   0.35075	  -0.01970
   0.35942	  -0.01951
   0.36809	  -0.01932
   0.37677	  -0.01913
   0.38545	  -0.01893
   0.39414	  -0.01872
   0.40283	  -0.01852
   0.41153	  -0.01831
   0.42022	  -0.01811
   0.42891	  -0.01790
   0.43760	  -0.01769
   0.44629	  -0.01748
   0.45498	  -0.01727
   0.46367	  -0.01705
   0.47236	  -0.01683
   0.48105	  -0.01661
   0.48974	  -0.01639
   0.49842	  -0.01617
   0.50712	  -0.01595
   0.51581	  -0.01572
   0.52450	  -0.01549
   0.53320	  -0.01527
   0.54189	  -0.01504
   0.55058	  -0.01481
   0.55927	  -0.01458
   0.56796	  -0.01434
   0.57665	  -0.01411
   0.58534	  -0.01387
   0.59402	  -0.01363
   0.60270	  -0.01339
   0.61139	  -0.01314
   0.62007	  -0.01289
   0.62874	  -0.01264
   0.63741	  -0.01239
   0.64608	  -0.01212
   0.65475	  -0.01185
   0.66342	  -0.01158
   0.67209	  -0.01130
   0.68075	  -0.01101
   0.68942	  -0.01072
   0.69808	  -0.01042
   0.70676	  -0.01012
   0.71543	  -0.00981
   0.72411	  -0.00950
   0.73279	  -0.00918
   0.74148	  -0.00886
   0.75017	  -0.00854
   0.75885	  -0.00822
   0.76754	  -0.00791
   0.77622	  -0.00760
   0.78491	  -0.00729
   0.79359	  -0.00698
   0.80227	  -0.00668
   0.81096	  -0.00637
   0.81965	  -0.00607
   0.82834	  -0.00577
   0.83703	  -0.00547
   0.84573	  -0.00518
   0.85442	  -0.00488
   0.86311	  -0.00458
   0.87180	  -0.00428
   0.88048	  -0.00398
   0.88916	  -0.00368
   0.89784	  -0.00337
   0.90650	  -0.00306
   0.91517	  -0.00275
   0.92384	  -0.00243
   0.93252	  -0.00210
   0.94120	  -0.00178
   0.94985	  -0.00145
   0.95843	  -0.00111
   0.96693	  -0.00076
   0.97527	  -0.00039
   0.98323	  -0.00002
   0.99049	   0.00029
   0.99663	   0.00060
   1.00000	   0.00081
