mb7136
   1.00000	   0.00129
   0.99626	   0.00187
   0.98944	   0.00275
   0.98173	   0.00361
   0.97362	   0.00444
   0.96534	   0.00527
   0.95704	   0.00609
   0.94871	   0.00690
   0.94039	   0.00770
   0.93206	   0.00849
   0.92372	   0.00927
   0.91538	   0.01005
   0.90703	   0.01082
   0.89868	   0.01158
   0.89033	   0.01234
   0.88198	   0.01310
   0.87363	   0.01386
   0.86528	   0.01461
   0.85693	   0.01536
   0.84858	   0.01610
   0.84024	   0.01684
   0.83189	   0.01757
   0.82354	   0.01829
   0.81518	   0.01902
   0.80683	   0.01973
   0.79848	   0.02045
   0.79013	   0.02115
   0.78179	   0.02185
   0.77344	   0.02255
   0.76509	   0.02324
   0.75674	   0.02392
   0.74840	   0.02459
   0.74005	   0.02526
   0.73169	   0.02591
   0.72334	   0.02657
   0.71498	   0.02722
   0.70663	   0.02786
   0.69827	   0.02850
   0.68991	   0.02914
   0.68155	   0.02977
   0.67319	   0.03040
   0.66483	   0.03102
   0.65647	   0.03164
   0.64811	   0.03225
   0.63975	   0.03286
   0.63140	   0.03346
   0.62305	   0.03405
   0.61470	   0.03464
   0.60635	   0.03521
   0.59800	   0.03578
   0.58965	   0.03634
   0.58130	   0.03688
   0.57296	   0.03742
   0.56461	   0.03794
   0.55627	   0.03845
   0.54792	   0.03895
   0.53958	   0.03943
   0.53124	   0.03990
   0.52289	   0.04035
   0.51455	   0.04079
   0.50620	   0.04122
   0.49785	   0.04163
   0.48950	   0.04203
   0.48116	   0.04242
   0.47281	   0.04279
   0.46446	   0.04315
   0.45611	   0.04349
   0.44776	   0.04382
   0.43941	   0.04414
   0.43106	   0.04444
   0.42271	   0.04473
   0.41436	   0.04500
   0.40601	   0.04525
   0.39767	   0.04549
   0.38932	   0.04571
   0.38098	   0.04592
   0.37263	   0.04610
   0.36429	   0.04627
   0.35594	   0.04642
   0.34760	   0.04655
   0.33926	   0.04667
   0.33091	   0.04676
   0.32257	   0.04684
   0.31423	   0.04690
   0.30588	   0.04694
   0.29754	   0.04696
   0.28920	   0.04696
   0.28086	   0.04694
   0.27253	   0.04690
   0.26421	   0.04683
   0.25589	   0.04674
   0.24758	   0.04662
   0.23929	   0.04646
   0.23099	   0.04627
   0.22271	   0.04604
   0.21443	   0.04577
   0.20615	   0.04546
   0.19788	   0.04511
   0.18962	   0.04471
   0.18136	   0.04427
   0.17311	   0.04378
   0.16487	   0.04324
   0.15664	   0.04266
   0.14843	   0.04202
   0.14023	   0.04132
   0.13205	   0.04056
   0.12389	   0.03974
   0.11575	   0.03884
   0.10764	   0.03788
   0.09956	   0.03683
   0.09151	   0.03569
   0.08352	   0.03446
   0.07559	   0.03312
   0.06773	   0.03166
   0.05995	   0.03006
   0.05225	   0.02831
   0.04468	   0.02641
   0.03734	   0.02437
   0.03040	   0.02215
   0.02396	   0.01972
   0.01815	   0.01707
   0.01318	   0.01434
   0.00923	   0.01176
   0.00629	   0.00953
   0.00415	   0.00766
   0.00263	   0.00608
   0.00156	   0.00470
   0.00082	   0.00346
   0.00034	   0.00234
   0.00007	   0.00131
  -0.00004	   0.00037
   0.00001	  -0.00053
   0.00024	  -0.00150
   0.00072	  -0.00252
   0.00148	  -0.00357
   0.00257	  -0.00462
   0.00407	  -0.00570
   0.00608	  -0.00684
   0.00883	  -0.00810
   0.01263	  -0.00950
   0.01775	  -0.01105
   0.02406	  -0.01265
   0.03109	  -0.01412
   0.03853	  -0.01540
   0.04624	  -0.01649
   0.05413	  -0.01743
   0.06214	  -0.01826
   0.07023	  -0.01898
   0.07838	  -0.01963
   0.08657	  -0.02021
   0.09478	  -0.02072
   0.10302	  -0.02118
   0.11127	  -0.02159
   0.11954	  -0.02196
   0.12782	  -0.02229
   0.13611	  -0.02258
   0.14441	  -0.02283
   0.15271	  -0.02306
   0.16102	  -0.02325
   0.16933	  -0.02340
   0.17765	  -0.02353
   0.18597	  -0.02364
   0.19430	  -0.02371
   0.20263	  -0.02376
   0.21096	  -0.02379
   0.21930	  -0.02380
   0.22764	  -0.02379
   0.23599	  -0.02376
   0.24435	  -0.02371
   0.25271	  -0.02365
   0.26107	  -0.02358
   0.26943	  -0.02350
   0.27780	  -0.02340
   0.28617	  -0.02330
   0.29454	  -0.02319
   0.30291	  -0.02306
   0.31127	  -0.02293
   0.31964	  -0.02279
   0.32802	  -0.02264
   0.33639	  -0.02249
   0.34476	  -0.02232
   0.35314	  -0.02215
   0.36151	  -0.02197
   0.36989	  -0.02179
   0.37827	  -0.02159
   0.38665	  -0.02140
   0.39503	  -0.02120
   0.40341	  -0.02100
   0.41180	  -0.02079
   0.42018	  -0.02058
   0.42857	  -0.02037
   0.43695	  -0.02016
   0.44534	  -0.01994
   0.45372	  -0.01972
   0.46210	  -0.01950
   0.47049	  -0.01928
   0.47887	  -0.01905
   0.48725	  -0.01882
   0.49564	  -0.01858
   0.50402	  -0.01835
   0.51241	  -0.01811
   0.52080	  -0.01787
   0.52918	  -0.01762
   0.53756	  -0.01738
   0.54595	  -0.01713
   0.55433	  -0.01688
   0.56272	  -0.01663
   0.57110	  -0.01637
   0.57948	  -0.01611
   0.58787	  -0.01585
   0.59625	  -0.01558
   0.60463	  -0.01532
   0.61301	  -0.01505
   0.62139	  -0.01477
   0.62977	  -0.01449
   0.63814	  -0.01421
   0.64652	  -0.01392
   0.65489	  -0.01362
   0.66327	  -0.01332
   0.67164	  -0.01302
   0.68001	  -0.01271
   0.68839	  -0.01239
   0.69676	  -0.01207
   0.70514	  -0.01174
   0.71351	  -0.01140
   0.72189	  -0.01107
   0.73027	  -0.01073
   0.73865	  -0.01038
   0.74704	  -0.01004
   0.75542	  -0.00970
   0.76381	  -0.00935
   0.77219	  -0.00901
   0.78058	  -0.00867
   0.78896	  -0.00833
   0.79734	  -0.00800
   0.80573	  -0.00766
   0.81411	  -0.00733
   0.82250	  -0.00700
   0.83088	  -0.00666
   0.83927	  -0.00633
   0.84766	  -0.00600
   0.85604	  -0.00567
   0.86443	  -0.00533
   0.87282	  -0.00500
   0.88120	  -0.00466
   0.88958	  -0.00432
   0.89795	  -0.00398
   0.90633	  -0.00364
   0.91470	  -0.00329
   0.92308	  -0.00293
   0.93146	  -0.00257
   0.93984	  -0.00221
   0.94821	  -0.00184
   0.95656	  -0.00147
   0.96488	  -0.00108
   0.97317	  -0.00068
   0.98134	  -0.00025
   0.98920	   0.00015
   0.99621	   0.00054
   1.00000	   0.00081
