MEG 66
   1.00000	   0.00000
   0.99694	   0.00034
   0.99228	   0.00086
   0.98753	   0.00141
   0.98267	   0.00197
   0.97771	   0.00256
   0.97264	   0.00318
   0.96745	   0.00382
   0.96215	   0.00449
   0.95673	   0.00518
   0.95117	   0.00591
   0.94548	   0.00667
   0.93966	   0.00746
   0.93368	   0.00829
   0.92756	   0.00916
   0.92128	   0.01007
   0.91483	   0.01102
   0.90822	   0.01201
   0.90143	   0.01305
   0.89446	   0.01415
   0.88731	   0.01529
   0.87998	   0.01649
   0.87245	   0.01774
   0.86474	   0.01906
   0.85684	   0.02044
   0.84875	   0.02187
   0.84048	   0.02338
   0.83205	   0.02494
   0.82345	   0.02657
   0.81472	   0.02827
   0.80586	   0.03002
   0.79690	   0.03183
   0.78787	   0.03369
   0.77886	   0.03558
   0.76988	   0.03748
   0.76092	   0.03939
   0.75196	   0.04130
   0.74298	   0.04321
   0.73398	   0.04512
   0.72494	   0.04702
   0.71591	   0.04889
   0.70691	   0.05072
   0.69794	   0.05251
   0.68898	   0.05424
   0.68002	   0.05593
   0.67107	   0.05756
   0.66212	   0.05915
   0.65316	   0.06068
   0.64418	   0.06217
   0.63520	   0.06360
   0.62620	   0.06499
   0.61719	   0.06632
   0.60817	   0.06759
   0.59913	   0.06881
   0.59009	   0.06998
   0.58103	   0.07108
   0.57197	   0.07213
   0.56291	   0.07311
   0.55385	   0.07403
   0.54479	   0.07488
   0.53572	   0.07567
   0.52666	   0.07639
   0.51759	   0.07704
   0.50853	   0.07762
   0.49946	   0.07813
   0.49038	   0.07857
   0.48130	   0.07894
   0.47221	   0.07924
   0.46311	   0.07948
   0.45400	   0.07967
   0.44488	   0.07979
   0.43575	   0.07986
   0.42661	   0.07989
   0.41746	   0.07986
   0.40830	   0.07980
   0.39913	   0.07969
   0.38996	   0.07954
   0.38079	   0.07935
   0.37163	   0.07912
   0.36246	   0.07884
   0.35331	   0.07851
   0.34416	   0.07813
   0.33502	   0.07768
   0.32590	   0.07718
   0.31680	   0.07662
   0.30772	   0.07599
   0.29865	   0.07529
   0.28962	   0.07452
   0.28060	   0.07369
   0.27162	   0.07280
   0.26265	   0.07184
   0.25369	   0.07084
   0.24475	   0.06978
   0.23580	   0.06867
   0.22685	   0.06751
   0.21788	   0.06631
   0.20887	   0.06506
   0.19981	   0.06377
   0.19069	   0.06244
   0.18160	   0.06106
   0.17261	   0.05965
   0.16370	   0.05818
   0.15487	   0.05664
   0.14610	   0.05503
   0.13736	   0.05332
   0.12860	   0.05149
   0.11979	   0.04953
   0.11087	   0.04741
   0.10206	   0.04515
   0.09355	   0.04281
   0.08532	   0.04039
   0.07719	   0.03782
   0.06879	   0.03497
   0.06061	   0.03201
   0.05255	   0.02898
   0.04446	   0.02586
   0.03780	   0.02327
   0.03184	   0.02095
   0.02549	   0.01849
   0.01934	   0.01603
   0.01317	   0.01298
   0.00884	   0.01035
   0.00640	   0.00866
   0.00468	   0.00734
   0.00336	   0.00621
   0.00233	   0.00522
   0.00151	   0.00433
   0.00087	   0.00351
   0.00040	   0.00276
   0.00006	   0.00206
  -0.00013	   0.00140
  -0.00017	   0.00078
  -0.00007	   0.00019
   0.00019	  -0.00036
   0.00064	  -0.00088
   0.00126	  -0.00139
   0.00209	  -0.00189
   0.00316	  -0.00238
   0.00455	  -0.00288
   0.00642	  -0.00340
   0.00917	  -0.00401
   0.01465	  -0.00494
   0.02071	  -0.00575
   0.02756	  -0.00643
   0.03358	  -0.00692
   0.03963	  -0.00734
   0.04685	  -0.00780
   0.05552	  -0.00836
   0.06376	  -0.00894
   0.07248	  -0.00966
   0.08110	  -0.01054
   0.08947	  -0.01147
   0.09802	  -0.01240
   0.10688	  -0.01321
   0.11602	  -0.01387
   0.12510	  -0.01436
   0.13407	  -0.01471
   0.14298	  -0.01494
   0.15190	  -0.01509
   0.16085	  -0.01517
   0.16987	  -0.01521
   0.17898	  -0.01522
   0.18818	  -0.01524
   0.19738	  -0.01528
   0.20649	  -0.01537
   0.21555	  -0.01550
   0.22456	  -0.01567
   0.23355	  -0.01588
   0.24254	  -0.01610
   0.25153	  -0.01634
   0.26054	  -0.01658
   0.26958	  -0.01682
   0.27864	  -0.01705
   0.28774	  -0.01726
   0.29686	  -0.01745
   0.30602	  -0.01759
   0.31520	  -0.01770
   0.32440	  -0.01777
   0.33361	  -0.01780
   0.34283	  -0.01781
   0.35206	  -0.01779
   0.36130	  -0.01775
   0.37053	  -0.01769
   0.37977	  -0.01761
   0.38900	  -0.01752
   0.39824	  -0.01742
   0.40747	  -0.01731
   0.41671	  -0.01720
   0.42594	  -0.01709
   0.43518	  -0.01697
   0.44442	  -0.01685
   0.45367	  -0.01672
   0.46291	  -0.01660
   0.47216	  -0.01647
   0.48140	  -0.01635
   0.49065	  -0.01622
   0.49989	  -0.01610
   0.50913	  -0.01598
   0.51836	  -0.01586
   0.52759	  -0.01572
   0.53680	  -0.01558
   0.54601	  -0.01541
   0.55520	  -0.01523
   0.56438	  -0.01501
   0.57354	  -0.01476
   0.58269	  -0.01447
   0.59183	  -0.01414
   0.60095	  -0.01376
   0.61006	  -0.01333
   0.61915	  -0.01285
   0.62824	  -0.01234
   0.63731	  -0.01179
   0.64639	  -0.01123
   0.65546	  -0.01066
   0.66453	  -0.01007
   0.67362	  -0.00950
   0.68271	  -0.00893
   0.69183	  -0.00837
   0.70097	  -0.00785
   0.71015	  -0.00735
   0.71937	  -0.00688
   0.72858	  -0.00644
   0.73775	  -0.00603
   0.74689	  -0.00565
   0.75600	  -0.00529
   0.76511	  -0.00495
   0.77421	  -0.00463
   0.78334	  -0.00433
   0.79251	  -0.00403
   0.80172	  -0.00375
   0.81087	  -0.00348
   0.81989	  -0.00322
   0.82876	  -0.00297
   0.83747	  -0.00274
   0.84599	  -0.00252
   0.85433	  -0.00231
   0.86247	  -0.00212
   0.87041	  -0.00194
   0.87814	  -0.00177
   0.88567	  -0.00161
   0.89300	  -0.00146
   0.90013	  -0.00132
   0.90707	  -0.00120
   0.91382	  -0.00108
   0.92039	  -0.00096
   0.92679	  -0.00086
   0.93302	  -0.00076
   0.93909	  -0.00067
   0.94500	  -0.00059
   0.95077	  -0.00051
   0.95639	  -0.00044
   0.96188	  -0.00037
   0.96723	  -0.00031
   0.97247	  -0.00025
   0.97758	  -0.00020
   0.98258	  -0.00015
   0.98746	  -0.00010
   0.99225	  -0.00006
   0.99693	  -0.00002
   1.00000	   0.00000
