MH 18B
   1.00000	   0.00000
   0.99651	  -0.00037
   0.99085	  -0.00089
   0.98488	  -0.00112
   0.97812	  -0.00104
   0.97023	  -0.00080
   0.96191	  -0.00050
   0.95383	  -0.00011
   0.94585	   0.00042
   0.93774	   0.00108
   0.92942	   0.00186
   0.92098	   0.00276
   0.91253	   0.00375
   0.90410	   0.00484
   0.89569	   0.00600
   0.88726	   0.00726
   0.87878	   0.00859
   0.87027	   0.01000
   0.86171	   0.01148
   0.85312	   0.01302
   0.84451	   0.01461
   0.83589	   0.01626
   0.82724	   0.01794
   0.81858	   0.01967
   0.80990	   0.02144
   0.80119	   0.02323
   0.79245	   0.02505
   0.78369	   0.02689
   0.77492	   0.02875
   0.76612	   0.03062
   0.75732	   0.03249
   0.74852	   0.03436
   0.73972	   0.03623
   0.73094	   0.03809
   0.72217	   0.03992
   0.71343	   0.04174
   0.70470	   0.04354
   0.69599	   0.04531
   0.68729	   0.04705
   0.67860	   0.04876
   0.66992	   0.05044
   0.66125	   0.05208
   0.65258	   0.05368
   0.64392	   0.05525
   0.63527	   0.05678
   0.62662	   0.05826
   0.61797	   0.05970
   0.60932	   0.06109
   0.60068	   0.06244
   0.59204	   0.06373
   0.58340	   0.06498
   0.57476	   0.06617
   0.56612	   0.06732
   0.55748	   0.06841
   0.54884	   0.06944
   0.54019	   0.07043
   0.53155	   0.07135
   0.52291	   0.07222
   0.51427	   0.07303
   0.50562	   0.07378
   0.49697	   0.07448
   0.48833	   0.07511
   0.47968	   0.07569
   0.47103	   0.07620
   0.46238	   0.07666
   0.45372	   0.07705
   0.44506	   0.07739
   0.43640	   0.07766
   0.42773	   0.07788
   0.41906	   0.07803
   0.41039	   0.07813
   0.40171	   0.07817
   0.39303	   0.07815
   0.38435	   0.07807
   0.37568	   0.07793
   0.36700	   0.07774
   0.35833	   0.07748
   0.34966	   0.07717
   0.34099	   0.07680
   0.33231	   0.07637
   0.32364	   0.07589
   0.31496	   0.07534
   0.30628	   0.07475
   0.29760	   0.07410
   0.28892	   0.07339
   0.28023	   0.07263
   0.27156	   0.07182
   0.26288	   0.07096
   0.25421	   0.07004
   0.24555	   0.06908
   0.23689	   0.06806
   0.22824	   0.06699
   0.21959	   0.06586
   0.21095	   0.06469
   0.20232	   0.06347
   0.19370	   0.06219
   0.18510	   0.06086
   0.17650	   0.05948
   0.16793	   0.05805
   0.15937	   0.05656
   0.15083	   0.05502
   0.14231	   0.05342
   0.13381	   0.05176
   0.12534	   0.05005
   0.11691	   0.04827
   0.10852	   0.04644
   0.10020	   0.04454
   0.09193	   0.04257
   0.08372	   0.04053
   0.07561	   0.03841
   0.06765	   0.03622
   0.05988	   0.03396
   0.05239	   0.03164
   0.04519	   0.02926
   0.03831	   0.02684
   0.03190	   0.02438
   0.02626	   0.02201
   0.02152	   0.01983
   0.01761	   0.01785
   0.01435	   0.01604
   0.01158	   0.01436
   0.00919	   0.01278
   0.00714	   0.01126
   0.00544	   0.00981
   0.00406	   0.00843
   0.00294	   0.00713
   0.00204	   0.00591
   0.00133	   0.00478
   0.00078	   0.00372
   0.00039	   0.00271
   0.00013	   0.00174
  -0.00000	   0.00080
   0.00001	  -0.00012
   0.00017	  -0.00105
   0.00046	  -0.00199
   0.00090	  -0.00295
   0.00150	  -0.00394
   0.00227	  -0.00496
   0.00324	  -0.00598
   0.00443	  -0.00700
   0.00589	  -0.00800
   0.00767	  -0.00899
   0.00982	  -0.00996
   0.01234	  -0.01097
   0.01530	  -0.01206
   0.01881	  -0.01323
   0.02299	  -0.01447
   0.02796	  -0.01576
   0.03381	  -0.01709
   0.04049	  -0.01841
   0.04782	  -0.01971
   0.05561	  -0.02097
   0.06370	  -0.02216
   0.07196	  -0.02328
   0.08035	  -0.02433
   0.08887	  -0.02532
   0.09748	  -0.02626
   0.10616	  -0.02715
   0.11487	  -0.02800
   0.12361	  -0.02881
   0.13236	  -0.02957
   0.14113	  -0.03029
   0.14991	  -0.03098
   0.15871	  -0.03163
   0.16753	  -0.03226
   0.17636	  -0.03285
   0.18520	  -0.03341
   0.19405	  -0.03394
   0.20290	  -0.03444
   0.21175	  -0.03492
   0.22061	  -0.03537
   0.22948	  -0.03579
   0.23835	  -0.03619
   0.24722	  -0.03656
   0.25609	  -0.03690
   0.26497	  -0.03722
   0.27385	  -0.03752
   0.28273	  -0.03779
   0.29161	  -0.03803
   0.30049	  -0.03825
   0.30937	  -0.03845
   0.31826	  -0.03862
   0.32716	  -0.03877
   0.33606	  -0.03889
   0.34496	  -0.03899
   0.35387	  -0.03908
   0.36277	  -0.03914
   0.37168	  -0.03918
   0.38060	  -0.03920
   0.38951	  -0.03919
   0.39842	  -0.03917
   0.40734	  -0.03913
   0.41626	  -0.03907
   0.42518	  -0.03899
   0.43410	  -0.03889
   0.44303	  -0.03878
   0.45196	  -0.03865
   0.46090	  -0.03850
   0.46984	  -0.03833
   0.47878	  -0.03815
   0.48772	  -0.03795
   0.49667	  -0.03774
   0.50561	  -0.03752
   0.51456	  -0.03728
   0.52352	  -0.03703
   0.53247	  -0.03676
   0.54142	  -0.03648
   0.55038	  -0.03619
   0.55934	  -0.03589
   0.56830	  -0.03558
   0.57725	  -0.03525
   0.58621	  -0.03491
   0.59517	  -0.03456
   0.60413	  -0.03420
   0.61309	  -0.03383
   0.62205	  -0.03345
   0.63101	  -0.03305
   0.63997	  -0.03265
   0.64893	  -0.03223
   0.65789	  -0.03181
   0.66685	  -0.03137
   0.67581	  -0.03092
   0.68477	  -0.03047
   0.69373	  -0.03000
   0.70268	  -0.02952
   0.71163	  -0.02903
   0.72057	  -0.02852
   0.72951	  -0.02801
   0.73844	  -0.02748
   0.74736	  -0.02693
   0.75628	  -0.02637
   0.76519	  -0.02580
   0.77410	  -0.02520
   0.78301	  -0.02459
   0.79191	  -0.02396
   0.80081	  -0.02332
   0.80969	  -0.02265
   0.81857	  -0.02196
   0.82743	  -0.02125
   0.83627	  -0.02052
   0.84511	  -0.01976
   0.85393	  -0.01897
   0.86273	  -0.01815
   0.87153	  -0.01730
   0.88031	  -0.01642
   0.88909	  -0.01551
   0.89785	  -0.01456
   0.90658	  -0.01357
   0.91529	  -0.01255
   0.92397	  -0.01148
   0.93262	  -0.01037
   0.94127	  -0.00921
   0.94991	  -0.00800
   0.95849	  -0.00676
   0.96691	  -0.00548
   0.97508	  -0.00418
   0.98292	  -0.00287
   0.99017	  -0.00163
   0.99646	  -0.00058
   1.00000	   0.00000
