MH 23
   1.00000	   0.00000
   0.99713	   0.00013
   0.99181	   0.00048
   0.98533	   0.00107
   0.97805	   0.00185
   0.97029	   0.00280
   0.96228	   0.00386
   0.95411	   0.00503
   0.94584	   0.00629
   0.93749	   0.00760
   0.92908	   0.00898
   0.92060	   0.01040
   0.91206	   0.01185
   0.90346	   0.01333
   0.89483	   0.01482
   0.88621	   0.01632
   0.87764	   0.01779
   0.86914	   0.01924
   0.86072	   0.02063
   0.85237	   0.02197
   0.84407	   0.02324
   0.83577	   0.02446
   0.82747	   0.02563
   0.81914	   0.02675
   0.81077	   0.02781
   0.80236	   0.02883
   0.79391	   0.02981
   0.78541	   0.03075
   0.77687	   0.03167
   0.76829	   0.03256
   0.75970	   0.03343
   0.75110	   0.03427
   0.74248	   0.03509
   0.73387	   0.03588
   0.72526	   0.03666
   0.71664	   0.03741
   0.70802	   0.03814
   0.69941	   0.03885
   0.69079	   0.03954
   0.68216	   0.04021
   0.67353	   0.04086
   0.66489	   0.04149
   0.65625	   0.04210
   0.64759	   0.04269
   0.63893	   0.04326
   0.63026	   0.04382
   0.62160	   0.04436
   0.61293	   0.04489
   0.60426	   0.04540
   0.59560	   0.04589
   0.58693	   0.04636
   0.57827	   0.04682
   0.56960	   0.04726
   0.56093	   0.04768
   0.55227	   0.04808
   0.54360	   0.04847
   0.53493	   0.04884
   0.52625	   0.04919
   0.51758	   0.04953
   0.50891	   0.04985
   0.50024	   0.05015
   0.49156	   0.05044
   0.48289	   0.05070
   0.47422	   0.05095
   0.46555	   0.05118
   0.45688	   0.05140
   0.44821	   0.05159
   0.43955	   0.05177
   0.43088	   0.05192
   0.42222	   0.05206
   0.41356	   0.05218
   0.40489	   0.05228
   0.39623	   0.05236
   0.38757	   0.05242
   0.37892	   0.05246
   0.37027	   0.05247
   0.36162	   0.05247
   0.35298	   0.05244
   0.34435	   0.05239
   0.33572	   0.05232
   0.32709	   0.05222
   0.31846	   0.05210
   0.30984	   0.05195
   0.30122	   0.05178
   0.29260	   0.05158
   0.28400	   0.05135
   0.27540	   0.05109
   0.26681	   0.05081
   0.25823	   0.05050
   0.24967	   0.05015
   0.24112	   0.04977
   0.23257	   0.04936
   0.22403	   0.04891
   0.21551	   0.04842
   0.20700	   0.04790
   0.19850	   0.04733
   0.19003	   0.04673
   0.18158	   0.04608
   0.17315	   0.04538
   0.16475	   0.04463
   0.15636	   0.04384
   0.14800	   0.04298
   0.13967	   0.04207
   0.13138	   0.04110
   0.12315	   0.04007
   0.11499	   0.03897
   0.10690	   0.03780
   0.09884	   0.03655
   0.09079	   0.03520
   0.08276	   0.03376
   0.07483	   0.03222
   0.06717	   0.03061
   0.05986	   0.02894
   0.05280	   0.02719
   0.04572	   0.02526
   0.03840	   0.02305
   0.03140	   0.02072
   0.02567	   0.01863
   0.02113	   0.01677
   0.01724	   0.01498
   0.01362	   0.01306
   0.01009	   0.01095
   0.00711	   0.00904
   0.00491	   0.00757
   0.00330	   0.00642
   0.00211	   0.00540
   0.00122	   0.00445
   0.00056	   0.00350
   0.00009	   0.00254
  -0.00021	   0.00156
  -0.00036	   0.00058
  -0.00036	  -0.00039
  -0.00021	  -0.00130
   0.00009	  -0.00214
   0.00056	  -0.00289
   0.00123	  -0.00358
   0.00211	  -0.00421
   0.00325	  -0.00482
   0.00475	  -0.00544
   0.00679	  -0.00617
   0.00966	  -0.00722
   0.01361	  -0.00864
   0.01765	  -0.00997
   0.02154	  -0.01105
   0.02577	  -0.01204
   0.03090	  -0.01308
   0.03782	  -0.01432
   0.04629	  -0.01567
   0.05452	  -0.01683
   0.06212	  -0.01777
   0.06965	  -0.01859
   0.07747	  -0.01936
   0.08570	  -0.02008
   0.09421	  -0.02077
   0.10279	  -0.02139
   0.11132	  -0.02196
   0.11979	  -0.02248
   0.12825	  -0.02296
   0.13675	  -0.02340
   0.14530	  -0.02381
   0.15390	  -0.02420
   0.16252	  -0.02456
   0.17116	  -0.02490
   0.17980	  -0.02521
   0.18844	  -0.02549
   0.19708	  -0.02576
   0.20573	  -0.02600
   0.21439	  -0.02622
   0.22306	  -0.02643
   0.23175	  -0.02662
   0.24044	  -0.02679
   0.24913	  -0.02695
   0.25782	  -0.02709
   0.26650	  -0.02722
   0.27518	  -0.02733
   0.28386	  -0.02742
   0.29254	  -0.02750
   0.30123	  -0.02756
   0.30993	  -0.02760
   0.31863	  -0.02763
   0.32735	  -0.02766
   0.33607	  -0.02767
   0.34479	  -0.02766
   0.35352	  -0.02765
   0.36224	  -0.02763
   0.37097	  -0.02760
   0.37969	  -0.02755
   0.38842	  -0.02750
   0.39715	  -0.02744
   0.40589	  -0.02737
   0.41463	  -0.02729
   0.42337	  -0.02720
   0.43211	  -0.02711
   0.44086	  -0.02701
   0.44960	  -0.02690
   0.45835	  -0.02678
   0.46709	  -0.02666
   0.47583	  -0.02653
   0.48457	  -0.02639
   0.49331	  -0.02624
   0.50205	  -0.02609
   0.51080	  -0.02593
   0.51954	  -0.02576
   0.52829	  -0.02559
   0.53704	  -0.02541
   0.54579	  -0.02522
   0.55454	  -0.02503
   0.56328	  -0.02483
   0.57203	  -0.02463
   0.58077	  -0.02441
   0.58951	  -0.02420
   0.59826	  -0.02397
   0.60700	  -0.02373
   0.61574	  -0.02349
   0.62448	  -0.02325
   0.63322	  -0.02299
   0.64197	  -0.02273
   0.65071	  -0.02246
   0.65944	  -0.02219
   0.66818	  -0.02190
   0.67691	  -0.02161
   0.68564	  -0.02131
   0.69436	  -0.02100
   0.70309	  -0.02068
   0.71181	  -0.02035
   0.72053	  -0.02002
   0.72925	  -0.01967
   0.73797	  -0.01931
   0.74669	  -0.01895
   0.75541	  -0.01857
   0.76412	  -0.01818
   0.77283	  -0.01778
   0.78152	  -0.01737
   0.79020	  -0.01695
   0.79887	  -0.01651
   0.80751	  -0.01605
   0.81614	  -0.01557
   0.82477	  -0.01507
   0.83339	  -0.01455
   0.84203	  -0.01400
   0.85068	  -0.01344
   0.85934	  -0.01286
   0.86803	  -0.01226
   0.87672	  -0.01165
   0.88540	  -0.01102
   0.89404	  -0.01037
   0.90261	  -0.00971
   0.91109	  -0.00901
   0.91949	  -0.00828
   0.92783	  -0.00750
   0.93616	  -0.00665
   0.94452	  -0.00575
   0.95292	  -0.00479
   0.96138	  -0.00379
   0.96977	  -0.00280
   0.97791	  -0.00186
   0.98541	  -0.00105
   0.99189	  -0.00045
   0.99714	  -0.00011
   1.00000	   0.00000
