MH 33
   1.00000	   0.00000
   0.99646	   0.00032
   0.98935	   0.00103
   0.98162	   0.00188
   0.97369	   0.00281
   0.96551	   0.00380
   0.95728	   0.00482
   0.94906	   0.00586
   0.94087	   0.00689
   0.93268	   0.00793
   0.92449	   0.00896
   0.91627	   0.00997
   0.90806	   0.01098
   0.89985	   0.01196
   0.89165	   0.01293
   0.88344	   0.01388
   0.87524	   0.01482
   0.86703	   0.01573
   0.85882	   0.01663
   0.85061	   0.01751
   0.84240	   0.01837
   0.83418	   0.01922
   0.82597	   0.02005
   0.81775	   0.02086
   0.80952	   0.02165
   0.80129	   0.02242
   0.79306	   0.02319
   0.78482	   0.02393
   0.77658	   0.02467
   0.76834	   0.02539
   0.76009	   0.02611
   0.75184	   0.02680
   0.74359	   0.02749
   0.73534	   0.02817
   0.72709	   0.02884
   0.71883	   0.02949
   0.71058	   0.03014
   0.70232	   0.03077
   0.69407	   0.03139
   0.68581	   0.03200
   0.67755	   0.03261
   0.66930	   0.03320
   0.66104	   0.03378
   0.65278	   0.03434
   0.64452	   0.03490
   0.63626	   0.03545
   0.62800	   0.03598
   0.61974	   0.03650
   0.61148	   0.03702
   0.60322	   0.03752
   0.59495	   0.03801
   0.58669	   0.03848
   0.57842	   0.03895
   0.57016	   0.03940
   0.56189	   0.03985
   0.55363	   0.04028
   0.54536	   0.04070
   0.53709	   0.04111
   0.52882	   0.04150
   0.52055	   0.04189
   0.51229	   0.04226
   0.50402	   0.04262
   0.49575	   0.04297
   0.48749	   0.04331
   0.47922	   0.04363
   0.47096	   0.04394
   0.46269	   0.04424
   0.45443	   0.04452
   0.44616	   0.04478
   0.43789	   0.04504
   0.42963	   0.04528
   0.42136	   0.04550
   0.41310	   0.04571
   0.40484	   0.04590
   0.39657	   0.04608
   0.38831	   0.04624
   0.38005	   0.04639
   0.37179	   0.04651
   0.36353	   0.04662
   0.35527	   0.04672
   0.34702	   0.04679
   0.33876	   0.04685
   0.33051	   0.04688
   0.32225	   0.04690
   0.31400	   0.04689
   0.30576	   0.04687
   0.29751	   0.04682
   0.28927	   0.04675
   0.28103	   0.04665
   0.27279	   0.04653
   0.26455	   0.04639
   0.25633	   0.04621
   0.24810	   0.04601
   0.23988	   0.04578
   0.23166	   0.04552
   0.22345	   0.04523
   0.21525	   0.04490
   0.20705	   0.04454
   0.19885	   0.04414
   0.19067	   0.04371
   0.18249	   0.04323
   0.17433	   0.04271
   0.16617	   0.04215
   0.15803	   0.04153
   0.14990	   0.04087
   0.14179	   0.04015
   0.13369	   0.03937
   0.12562	   0.03853
   0.11757	   0.03763
   0.10954	   0.03665
   0.10155	   0.03559
   0.09359	   0.03445
   0.08567	   0.03321
   0.07781	   0.03188
   0.07000	   0.03043
   0.06229	   0.02886
   0.05467	   0.02715
   0.04718	   0.02528
   0.03984	   0.02324
   0.03270	   0.02101
   0.02588	   0.01858
   0.01959	   0.01598
   0.01404	   0.01329
   0.00951	   0.01066
   0.00616	   0.00833
   0.00380	   0.00635
   0.00224	   0.00471
   0.00123	   0.00334
   0.00057	   0.00217
   0.00016	   0.00116
  -0.00003	   0.00026
   0.00004	  -0.00061
   0.00049	  -0.00144
   0.00127	  -0.00228
   0.00237	  -0.00320
   0.00391	  -0.00426
   0.00615	  -0.00554
   0.00947	  -0.00711
   0.01436	  -0.00899
   0.02033	  -0.01086
   0.02688	  -0.01257
   0.03401	  -0.01414
   0.04158	  -0.01557
   0.04936	  -0.01683
   0.05717	  -0.01794
   0.06503	  -0.01892
   0.07295	  -0.01979
   0.08096	  -0.02058
   0.08903	  -0.02129
   0.09713	  -0.02192
   0.10525	  -0.02250
   0.11337	  -0.02301
   0.12152	  -0.02346
   0.12967	  -0.02387
   0.13785	  -0.02423
   0.14604	  -0.02456
   0.15425	  -0.02484
   0.16246	  -0.02509
   0.17069	  -0.02531
   0.17892	  -0.02550
   0.18715	  -0.02567
   0.19539	  -0.02581
   0.20364	  -0.02592
   0.21188	  -0.02602
   0.22013	  -0.02609
   0.22839	  -0.02614
   0.23665	  -0.02618
   0.24491	  -0.02619
   0.25317	  -0.02619
   0.26143	  -0.02617
   0.26970	  -0.02614
   0.27797	  -0.02609
   0.28624	  -0.02603
   0.29452	  -0.02595
   0.30279	  -0.02587
   0.31107	  -0.02577
   0.31935	  -0.02566
   0.32764	  -0.02554
   0.33592	  -0.02541
   0.34420	  -0.02527
   0.35249	  -0.02513
   0.36077	  -0.02497
   0.36905	  -0.02481
   0.37734	  -0.02463
   0.38563	  -0.02445
   0.39391	  -0.02427
   0.40220	  -0.02407
   0.41049	  -0.02387
   0.41878	  -0.02366
   0.42707	  -0.02345
   0.43536	  -0.02323
   0.44365	  -0.02300
   0.45195	  -0.02277
   0.46024	  -0.02253
   0.46853	  -0.02229
   0.47682	  -0.02204
   0.48512	  -0.02179
   0.49341	  -0.02154
   0.50171	  -0.02128
   0.51000	  -0.02101
   0.51830	  -0.02074
   0.52659	  -0.02047
   0.53489	  -0.02020
   0.54318	  -0.01992
   0.55148	  -0.01963
   0.55977	  -0.01935
   0.56807	  -0.01906
   0.57636	  -0.01876
   0.58466	  -0.01847
   0.59295	  -0.01817
   0.60125	  -0.01786
   0.60955	  -0.01756
   0.61785	  -0.01725
   0.62615	  -0.01694
   0.63445	  -0.01663
   0.64275	  -0.01631
   0.65105	  -0.01600
   0.65934	  -0.01568
   0.66764	  -0.01536
   0.67593	  -0.01504
   0.68423	  -0.01471
   0.69252	  -0.01438
   0.70082	  -0.01405
   0.70912	  -0.01371
   0.71742	  -0.01338
   0.72572	  -0.01304
   0.73402	  -0.01270
   0.74231	  -0.01236
   0.75061	  -0.01201
   0.75891	  -0.01167
   0.76720	  -0.01132
   0.77549	  -0.01097
   0.78378	  -0.01061
   0.79207	  -0.01025
   0.80036	  -0.00988
   0.80865	  -0.00951
   0.81694	  -0.00914
   0.82522	  -0.00875
   0.83350	  -0.00837
   0.84178	  -0.00797
   0.85005	  -0.00756
   0.85831	  -0.00715
   0.86657	  -0.00671
   0.87482	  -0.00627
   0.88307	  -0.00581
   0.89132	  -0.00534
   0.89959	  -0.00486
   0.90788	  -0.00437
   0.91617	  -0.00387
   0.92446	  -0.00336
   0.93272	  -0.00286
   0.94095	  -0.00237
   0.94917	  -0.00189
   0.95744	  -0.00143
   0.96571	  -0.00099
   0.97388	  -0.00060
   0.98169	  -0.00029
   0.98931	  -0.00009
   0.99644	  -0.00001
   1.00000	   0.00000
