MH 30
   1.00000	   0.00000
   0.99653	   0.00029
   0.98983	   0.00092
   0.98225	   0.00173
   0.97431	   0.00264
   0.96614	   0.00363
   0.95788	   0.00466
   0.94962	   0.00571
   0.94136	   0.00679
   0.93309	   0.00788
   0.92480	   0.00898
   0.91650	   0.01010
   0.90818	   0.01123
   0.89986	   0.01235
   0.89155	   0.01348
   0.88323	   0.01461
   0.87491	   0.01573
   0.86660	   0.01685
   0.85829	   0.01796
   0.84999	   0.01906
   0.84168	   0.02016
   0.83338	   0.02125
   0.82508	   0.02233
   0.81679	   0.02339
   0.80849	   0.02445
   0.80020	   0.02549
   0.79192	   0.02652
   0.78364	   0.02753
   0.77536	   0.02852
   0.76708	   0.02949
   0.75880	   0.03044
   0.75052	   0.03138
   0.74224	   0.03230
   0.73395	   0.03319
   0.72566	   0.03407
   0.71737	   0.03493
   0.70907	   0.03577
   0.70078	   0.03660
   0.69248	   0.03740
   0.68418	   0.03818
   0.67588	   0.03895
   0.66758	   0.03970
   0.65927	   0.04043
   0.65096	   0.04114
   0.64264	   0.04184
   0.63433	   0.04251
   0.62601	   0.04318
   0.61769	   0.04382
   0.60937	   0.04445
   0.60105	   0.04506
   0.59273	   0.04565
   0.58440	   0.04623
   0.57607	   0.04680
   0.56774	   0.04734
   0.55941	   0.04787
   0.55107	   0.04839
   0.54273	   0.04889
   0.53440	   0.04938
   0.52606	   0.04985
   0.51772	   0.05031
   0.50939	   0.05075
   0.50106	   0.05117
   0.49273	   0.05158
   0.48441	   0.05196
   0.47608	   0.05233
   0.46776	   0.05267
   0.45943	   0.05300
   0.45111	   0.05331
   0.44278	   0.05359
   0.43445	   0.05386
   0.42613	   0.05411
   0.41780	   0.05433
   0.40947	   0.05454
   0.40114	   0.05472
   0.39281	   0.05489
   0.38448	   0.05503
   0.37616	   0.05515
   0.36783	   0.05525
   0.35952	   0.05532
   0.35120	   0.05538
   0.34289	   0.05540
   0.33458	   0.05540
   0.32628	   0.05537
   0.31798	   0.05532
   0.30968	   0.05523
   0.30138	   0.05512
   0.29308	   0.05498
   0.28479	   0.05480
   0.27650	   0.05460
   0.26821	   0.05436
   0.25993	   0.05410
   0.25165	   0.05380
   0.24337	   0.05346
   0.23510	   0.05310
   0.22684	   0.05269
   0.21859	   0.05225
   0.21035	   0.05176
   0.20212	   0.05124
   0.19391	   0.05067
   0.18571	   0.05005
   0.17752	   0.04938
   0.16935	   0.04865
   0.16120	   0.04788
   0.15307	   0.04704
   0.14495	   0.04614
   0.13685	   0.04517
   0.12877	   0.04414
   0.12072	   0.04303
   0.11270	   0.04185
   0.10473	   0.04058
   0.09683	   0.03922
   0.08901	   0.03777
   0.08125	   0.03621
   0.07352	   0.03454
   0.06578	   0.03271
   0.05810	   0.03074
   0.05068	   0.02865
   0.04368	   0.02649
   0.03699	   0.02421
   0.03022	   0.02164
   0.02316	   0.01859
   0.01731	   0.01568
   0.01321	   0.01335
   0.01000	   0.01129
   0.00711	   0.00919
   0.00433	   0.00684
   0.00243	   0.00481
   0.00134	   0.00337
   0.00065	   0.00227
   0.00024	   0.00133
   0.00003	   0.00046
   0.00003	  -0.00043
   0.00025	  -0.00136
   0.00072	  -0.00231
   0.00151	  -0.00326
   0.00271	  -0.00425
   0.00446	  -0.00530
   0.00689	  -0.00654
   0.01026	  -0.00803
   0.01463	  -0.00963
   0.01968	  -0.01115
   0.02556	  -0.01263
   0.03247	  -0.01410
   0.04010	  -0.01550
   0.04789	  -0.01671
   0.05561	  -0.01775
   0.06336	  -0.01866
   0.07126	  -0.01947
   0.07929	  -0.02019
   0.08742	  -0.02083
   0.09557	  -0.02140
   0.10373	  -0.02189
   0.11189	  -0.02231
   0.12007	  -0.02268
   0.12828	  -0.02300
   0.13653	  -0.02327
   0.14480	  -0.02351
   0.15308	  -0.02371
   0.16138	  -0.02388
   0.16967	  -0.02401
   0.17797	  -0.02411
   0.18628	  -0.02419
   0.19459	  -0.02424
   0.20291	  -0.02427
   0.21124	  -0.02427
   0.21958	  -0.02425
   0.22792	  -0.02422
   0.23627	  -0.02417
   0.24461	  -0.02410
   0.25296	  -0.02402
   0.26131	  -0.02392
   0.26967	  -0.02381
   0.27802	  -0.02368
   0.28638	  -0.02354
   0.29474	  -0.02339
   0.30311	  -0.02323
   0.31147	  -0.02306
   0.31985	  -0.02287
   0.32822	  -0.02268
   0.33659	  -0.02248
   0.34496	  -0.02228
   0.35333	  -0.02206
   0.36171	  -0.02184
   0.37008	  -0.02161
   0.37845	  -0.02137
   0.38683	  -0.02112
   0.39520	  -0.02087
   0.40358	  -0.02061
   0.41196	  -0.02034
   0.42034	  -0.02007
   0.42872	  -0.01979
   0.43710	  -0.01951
   0.44548	  -0.01923
   0.45387	  -0.01893
   0.46225	  -0.01864
   0.47063	  -0.01834
   0.47901	  -0.01803
   0.48740	  -0.01772
   0.49579	  -0.01741
   0.50417	  -0.01710
   0.51256	  -0.01678
   0.52095	  -0.01646
   0.52934	  -0.01613
   0.53773	  -0.01581
   0.54612	  -0.01548
   0.55450	  -0.01515
   0.56289	  -0.01482
   0.57128	  -0.01448
   0.57967	  -0.01414
   0.58805	  -0.01380
   0.59644	  -0.01346
   0.60484	  -0.01312
   0.61323	  -0.01277
   0.62162	  -0.01243
   0.63002	  -0.01208
   0.63842	  -0.01174
   0.64681	  -0.01139
   0.65521	  -0.01105
   0.66360	  -0.01070
   0.67200	  -0.01036
   0.68040	  -0.01001
   0.68879	  -0.00967
   0.69718	  -0.00933
   0.70558	  -0.00899
   0.71397	  -0.00864
   0.72236	  -0.00830
   0.73075	  -0.00797
   0.73914	  -0.00763
   0.74753	  -0.00729
   0.75592	  -0.00696
   0.76431	  -0.00663
   0.77270	  -0.00630
   0.78108	  -0.00598
   0.78947	  -0.00566
   0.79785	  -0.00534
   0.80623	  -0.00503
   0.81461	  -0.00472
   0.82299	  -0.00442
   0.83137	  -0.00413
   0.83975	  -0.00384
   0.84813	  -0.00355
   0.85650	  -0.00327
   0.86488	  -0.00300
   0.87324	  -0.00274
   0.88161	  -0.00248
   0.88997	  -0.00224
   0.89834	  -0.00200
   0.90671	  -0.00177
   0.91508	  -0.00156
   0.92345	  -0.00135
   0.93181	  -0.00116
   0.94015	  -0.00097
   0.94848	  -0.00080
   0.95684	  -0.00064
   0.96523	  -0.00050
   0.97359	  -0.00036
   0.98175	  -0.00023
   0.98958	  -0.00012
   0.99649	  -0.00003
   1.00000	   0.00000
