MH 64
   1.00000	   0.00000
   0.99649	  -0.00002
   0.99005	   0.00002
   0.98270	   0.00018
   0.97485	   0.00044
   0.96671	   0.00080
   0.95841	   0.00123
   0.95007	   0.00172
   0.94171	   0.00226
   0.93335	   0.00285
   0.92497	   0.00348
   0.91658	   0.00415
   0.90818	   0.00487
   0.89976	   0.00562
   0.89134	   0.00640
   0.88291	   0.00722
   0.87447	   0.00806
   0.86602	   0.00893
   0.85757	   0.00982
   0.84910	   0.01073
   0.84063	   0.01166
   0.83216	   0.01261
   0.82368	   0.01357
   0.81519	   0.01455
   0.80670	   0.01554
   0.79821	   0.01654
   0.78971	   0.01755
   0.78121	   0.01857
   0.77270	   0.01959
   0.76418	   0.02062
   0.75567	   0.02166
   0.74715	   0.02270
   0.73863	   0.02373
   0.73011	   0.02477
   0.72159	   0.02581
   0.71307	   0.02684
   0.70456	   0.02787
   0.69605	   0.02889
   0.68755	   0.02991
   0.67905	   0.03091
   0.67056	   0.03191
   0.66207	   0.03290
   0.65359	   0.03387
   0.64511	   0.03483
   0.63663	   0.03578
   0.62815	   0.03671
   0.61968	   0.03762
   0.61120	   0.03852
   0.60273	   0.03941
   0.59425	   0.04027
   0.58578	   0.04112
   0.57731	   0.04195
   0.56884	   0.04276
   0.56037	   0.04354
   0.55190	   0.04431
   0.54343	   0.04506
   0.53495	   0.04579
   0.52648	   0.04650
   0.51801	   0.04718
   0.50954	   0.04785
   0.50106	   0.04849
   0.49259	   0.04911
   0.48411	   0.04971
   0.47563	   0.05029
   0.46715	   0.05084
   0.45867	   0.05137
   0.45019	   0.05188
   0.44170	   0.05237
   0.43322	   0.05284
   0.42474	   0.05328
   0.41625	   0.05370
   0.40777	   0.05409
   0.39929	   0.05447
   0.39082	   0.05481
   0.38234	   0.05513
   0.37387	   0.05543
   0.36540	   0.05569
   0.35693	   0.05593
   0.34846	   0.05614
   0.33999	   0.05632
   0.33153	   0.05648
   0.32306	   0.05660
   0.31460	   0.05670
   0.30615	   0.05676
   0.29770	   0.05679
   0.28926	   0.05678
   0.28083	   0.05674
   0.27240	   0.05666
   0.26398	   0.05654
   0.25557	   0.05638
   0.24717	   0.05618
   0.23878	   0.05593
   0.23040	   0.05564
   0.22203	   0.05530
   0.21367	   0.05491
   0.20532	   0.05447
   0.19698	   0.05397
   0.18866	   0.05342
   0.18036	   0.05281
   0.17207	   0.05214
   0.16381	   0.05141
   0.15556	   0.05061
   0.14734	   0.04974
   0.13915	   0.04879
   0.13100	   0.04777
   0.12288	   0.04666
   0.11481	   0.04547
   0.10678	   0.04419
   0.09882	   0.04280
   0.09092	   0.04131
   0.08309	   0.03970
   0.07536	   0.03797
   0.06773	   0.03611
   0.06025	   0.03412
   0.05293	   0.03198
   0.04583	   0.02968
   0.03898	   0.02723
   0.03246	   0.02464
   0.02634	   0.02193
   0.02083	   0.01918
   0.01616	   0.01652
   0.01239	   0.01407
   0.00938	   0.01188
   0.00695	   0.00992
   0.00494	   0.00818
   0.00333	   0.00660
   0.00213	   0.00517
   0.00126	   0.00389
   0.00066	   0.00274
   0.00027	   0.00170
   0.00005	   0.00074
   0.00001	  -0.00017
   0.00015	  -0.00108
   0.00049	  -0.00203
   0.00103	  -0.00300
   0.00183	  -0.00399
   0.00297	  -0.00499
   0.00453	  -0.00602
   0.00660	  -0.00710
   0.00920	  -0.00832
   0.01243	  -0.00974
   0.01642	  -0.01132
   0.02116	  -0.01295
   0.02677	  -0.01459
   0.03328	  -0.01622
   0.04054	  -0.01782
   0.04818	  -0.01933
   0.05590	  -0.02068
   0.06366	  -0.02188
   0.07151	  -0.02297
   0.07948	  -0.02394
   0.08757	  -0.02483
   0.09573	  -0.02562
   0.10393	  -0.02632
   0.11216	  -0.02694
   0.12041	  -0.02749
   0.12868	  -0.02797
   0.13699	  -0.02838
   0.14532	  -0.02874
   0.15368	  -0.02905
   0.16206	  -0.02930
   0.17046	  -0.02951
   0.17887	  -0.02967
   0.18730	  -0.02980
   0.19574	  -0.02989
   0.20419	  -0.02994
   0.21265	  -0.02997
   0.22112	  -0.02996
   0.22960	  -0.02993
   0.23809	  -0.02987
   0.24659	  -0.02979
   0.25509	  -0.02968
   0.26359	  -0.02955
   0.27210	  -0.02941
   0.28061	  -0.02924
   0.28913	  -0.02906
   0.29766	  -0.02886
   0.30619	  -0.02865
   0.31472	  -0.02842
   0.32326	  -0.02818
   0.33180	  -0.02792
   0.34034	  -0.02766
   0.34888	  -0.02738
   0.35742	  -0.02709
   0.36596	  -0.02679
   0.37451	  -0.02649
   0.38306	  -0.02617
   0.39161	  -0.02584
   0.40017	  -0.02551
   0.40873	  -0.02517
   0.41730	  -0.02482
   0.42587	  -0.02447
   0.43444	  -0.02411
   0.44301	  -0.02376
   0.45158	  -0.02339
   0.46015	  -0.02303
   0.46872	  -0.02265
   0.47729	  -0.02228
   0.48586	  -0.02190
   0.49443	  -0.02152
   0.50301	  -0.02114
   0.51159	  -0.02075
   0.52017	  -0.02037
   0.52875	  -0.01998
   0.53733	  -0.01959
   0.54591	  -0.01920
   0.55449	  -0.01881
   0.56306	  -0.01842
   0.57164	  -0.01803
   0.58022	  -0.01764
   0.58880	  -0.01726
   0.59738	  -0.01687
   0.60597	  -0.01649
   0.61455	  -0.01610
   0.62313	  -0.01572
   0.63172	  -0.01533
   0.64030	  -0.01495
   0.64888	  -0.01457
   0.65746	  -0.01418
   0.66604	  -0.01380
   0.67462	  -0.01342
   0.68320	  -0.01304
   0.69177	  -0.01267
   0.70035	  -0.01229
   0.70892	  -0.01192
   0.71750	  -0.01155
   0.72608	  -0.01118
   0.73465	  -0.01082
   0.74323	  -0.01045
   0.75181	  -0.01009
   0.76039	  -0.00973
   0.76897	  -0.00937
   0.77755	  -0.00902
   0.78613	  -0.00866
   0.79470	  -0.00831
   0.80328	  -0.00796
   0.81185	  -0.00761
   0.82042	  -0.00727
   0.82900	  -0.00693
   0.83757	  -0.00659
   0.84614	  -0.00626
   0.85472	  -0.00593
   0.86329	  -0.00560
   0.87187	  -0.00527
   0.88044	  -0.00495
   0.88902	  -0.00463
   0.89759	  -0.00431
   0.90616	  -0.00400
   0.91473	  -0.00369
   0.92330	  -0.00338
   0.93187	  -0.00307
   0.94045	  -0.00275
   0.94903	  -0.00243
   0.95758	  -0.00212
   0.96606	  -0.00179
   0.97438	  -0.00144
   0.98241	  -0.00106
   0.98992	  -0.00065
   0.99648	  -0.00024
   1.00000	   0.00000
