MRC-16
   1.00000	   0.00009
   0.99642	   0.00098
   0.99037	   0.00246
   0.98348	   0.00415
   0.97582	   0.00602
   0.96752	   0.00804
   0.95874	   0.01017
   0.94963	   0.01238
   0.94030	   0.01463
   0.93085	   0.01690
   0.92132	   0.01918
   0.91176	   0.02147
   0.90218	   0.02374
   0.89258	   0.02600
   0.88298	   0.02826
   0.87338	   0.03050
   0.86379	   0.03272
   0.85422	   0.03492
   0.84466	   0.03710
   0.83511	   0.03926
   0.82557	   0.04139
   0.81604	   0.04349
   0.80652	   0.04557
   0.79701	   0.04762
   0.78750	   0.04963
   0.77800	   0.05162
   0.76849	   0.05358
   0.75899	   0.05551
   0.74949	   0.05740
   0.73999	   0.05927
   0.73049	   0.06110
   0.72099	   0.06290
   0.71149	   0.06466
   0.70199	   0.06639
   0.69249	   0.06809
   0.68299	   0.06975
   0.67349	   0.07138
   0.66399	   0.07297
   0.65449	   0.07453
   0.64499	   0.07604
   0.63549	   0.07752
   0.62600	   0.07896
   0.61650	   0.08036
   0.60701	   0.08173
   0.59752	   0.08305
   0.58803	   0.08433
   0.57855	   0.08556
   0.56906	   0.08676
   0.55958	   0.08791
   0.55011	   0.08902
   0.54064	   0.09008
   0.53117	   0.09110
   0.52170	   0.09207
   0.51224	   0.09299
   0.50278	   0.09386
   0.49333	   0.09469
   0.48388	   0.09547
   0.47444	   0.09619
   0.46501	   0.09687
   0.45558	   0.09749
   0.44616	   0.09806
   0.43675	   0.09857
   0.42735	   0.09903
   0.41796	   0.09944
   0.40858	   0.09979
   0.39921	   0.10007
   0.38985	   0.10030
   0.38050	   0.10047
   0.37117	   0.10058
   0.36185	   0.10063
   0.35255	   0.10061
   0.34326	   0.10053
   0.33399	   0.10038
   0.32474	   0.10016
   0.31550	   0.09988
   0.30629	   0.09953
   0.29710	   0.09910
   0.28794	   0.09860
   0.27880	   0.09803
   0.26969	   0.09739
   0.26061	   0.09666
   0.25155	   0.09586
   0.24254	   0.09498
   0.23355	   0.09402
   0.22461	   0.09297
   0.21570	   0.09184
   0.20684	   0.09062
   0.19803	   0.08931
   0.18927	   0.08792
   0.18057	   0.08644
   0.17194	   0.08486
   0.16338	   0.08319
   0.15490	   0.08142
   0.14650	   0.07956
   0.13819	   0.07759
   0.12999	   0.07552
   0.12189	   0.07335
   0.11391	   0.07108
   0.10607	   0.06871
   0.09838	   0.06624
   0.09087	   0.06368
   0.08356	   0.06102
   0.07647	   0.05829
   0.06963	   0.05549
   0.06310	   0.05264
   0.05689	   0.04977
   0.05106	   0.04690
   0.04562	   0.04405
   0.04060	   0.04126
   0.03601	   0.03855
   0.03185	   0.03594
   0.02809	   0.03344
   0.02473	   0.03107
   0.02172	   0.02882
   0.01902	   0.02668
   0.01662	   0.02467
   0.01447	   0.02276
   0.01255	   0.02095
   0.01083	   0.01923
   0.00929	   0.01760
   0.00791	   0.01604
   0.00667	   0.01454
   0.00556	   0.01311
   0.00456	   0.01172
   0.00368	   0.01039
   0.00290	   0.00909
   0.00221	   0.00784
   0.00162	   0.00662
   0.00112	   0.00542
   0.00070	   0.00426
   0.00039	   0.00312
   0.00016	   0.00201
   0.00004	   0.00092
   0.00000	  -0.00014
   0.00006	  -0.00120
   0.00023	  -0.00226
   0.00050	  -0.00334
   0.00090	  -0.00441
   0.00142	  -0.00548
   0.00207	  -0.00653
   0.00284	  -0.00755
   0.00373	  -0.00854
   0.00474	  -0.00950
   0.00587	  -0.01043
   0.00713	  -0.01134
   0.00851	  -0.01223
   0.01002	  -0.01311
   0.01168	  -0.01398
   0.01349	  -0.01484
   0.01548	  -0.01571
   0.01767	  -0.01658
   0.02009	  -0.01746
   0.02276	  -0.01836
   0.02574	  -0.01927
   0.02906	  -0.02021
   0.03277	  -0.02117
   0.03694	  -0.02216
   0.04162	  -0.02317
   0.04686	  -0.02420
   0.05268	  -0.02525
   0.05910	  -0.02630
   0.06609	  -0.02733
   0.07359	  -0.02834
   0.08154	  -0.02932
   0.08986	  -0.03024
   0.09846	  -0.03112
   0.10729	  -0.03194
   0.11629	  -0.03269
   0.12542	  -0.03340
   0.13465	  -0.03404
   0.14397	  -0.03464
   0.15336	  -0.03518
   0.16280	  -0.03568
   0.17228	  -0.03613
   0.18180	  -0.03654
   0.19135	  -0.03691
   0.20094	  -0.03724
   0.21054	  -0.03753
   0.22018	  -0.03779
   0.22982	  -0.03801
   0.23949	  -0.03820
   0.24917	  -0.03836
   0.25887	  -0.03849
   0.26858	  -0.03859
   0.27831	  -0.03867
   0.28804	  -0.03871
   0.29778	  -0.03873
   0.30754	  -0.03873
   0.31730	  -0.03870
   0.32707	  -0.03865
   0.33685	  -0.03858
   0.34663	  -0.03848
   0.35642	  -0.03836
   0.36622	  -0.03823
   0.37602	  -0.03807
   0.38583	  -0.03789
   0.39565	  -0.03769
   0.40547	  -0.03748
   0.41529	  -0.03724
   0.42512	  -0.03699
   0.43496	  -0.03672
   0.44480	  -0.03644
   0.45464	  -0.03614
   0.46449	  -0.03582
   0.47433	  -0.03549
   0.48418	  -0.03514
   0.49404	  -0.03478
   0.50389	  -0.03440
   0.51374	  -0.03401
   0.52358	  -0.03361
   0.53343	  -0.03319
   0.54328	  -0.03275
   0.55313	  -0.03230
   0.56298	  -0.03183
   0.57283	  -0.03135
   0.58268	  -0.03085
   0.59253	  -0.03034
   0.60238	  -0.02982
   0.61224	  -0.02928
   0.62209	  -0.02873
   0.63195	  -0.02816
   0.64180	  -0.02758
   0.65166	  -0.02699
   0.66152	  -0.02639
   0.67138	  -0.02577
   0.68124	  -0.02513
   0.69111	  -0.02449
   0.70097	  -0.02383
   0.71084	  -0.02316
   0.72072	  -0.02248
   0.73061	  -0.02178
   0.74050	  -0.02108
   0.75039	  -0.02037
   0.76029	  -0.01965
   0.77020	  -0.01892
   0.78011	  -0.01818
   0.79003	  -0.01743
   0.79994	  -0.01668
   0.80986	  -0.01593
   0.81978	  -0.01516
   0.82969	  -0.01440
   0.83960	  -0.01362
   0.84951	  -0.01284
   0.85943	  -0.01204
   0.86935	  -0.01125
   0.87927	  -0.01044
   0.88920	  -0.00964
   0.89912	  -0.00882
   0.90904	  -0.00801
   0.91893	  -0.00721
   0.92876	  -0.00641
   0.93851	  -0.00562
   0.94813	  -0.00485
   0.95753	  -0.00409
   0.96658	  -0.00336
   0.97513	  -0.00267
   0.98302	  -0.00203
   0.99011	  -0.00146
   0.99632	  -0.00095
   1.00000	  -0.00065
