MVA-123
   1.00000	   0.00300
   0.99676	   0.00381
   0.99159	   0.00510
   0.98600	   0.00647
   0.97993	   0.00795
   0.97332	   0.00954
   0.96610	   0.01125
   0.95824	   0.01310
   0.94974	   0.01506
   0.94073	   0.01711
   0.93154	   0.01916
   0.92243	   0.02117
   0.91328	   0.02316
   0.90403	   0.02514
   0.89487	   0.02709
   0.88582	   0.02899
   0.87683	   0.03086
   0.86789	   0.03270
   0.85895	   0.03452
   0.85000	   0.03632
   0.84103	   0.03811
   0.83202	   0.03988
   0.82297	   0.04164
   0.81386	   0.04339
   0.80471	   0.04512
   0.79552	   0.04683
   0.78630	   0.04853
   0.77706	   0.05020
   0.76781	   0.05185
   0.75856	   0.05347
   0.74931	   0.05506
   0.74008	   0.05662
   0.73086	   0.05814
   0.72165	   0.05963
   0.71246	   0.06109
   0.70328	   0.06250
   0.69412	   0.06388
   0.68495	   0.06522
   0.67579	   0.06653
   0.66663	   0.06780
   0.65747	   0.06904
   0.64830	   0.07024
   0.63912	   0.07141
   0.62993	   0.07254
   0.62074	   0.07364
   0.61153	   0.07471
   0.60231	   0.07575
   0.59308	   0.07675
   0.58384	   0.07772
   0.57459	   0.07865
   0.56533	   0.07956
   0.55607	   0.08043
   0.54680	   0.08127
   0.53752	   0.08207
   0.52825	   0.08284
   0.51897	   0.08359
   0.50969	   0.08429
   0.50041	   0.08497
   0.49113	   0.08562
   0.48187	   0.08623
   0.47260	   0.08681
   0.46335	   0.08735
   0.45410	   0.08785
   0.44487	   0.08832
   0.43564	   0.08874
   0.42642	   0.08913
   0.41720	   0.08947
   0.40800	   0.08977
   0.39879	   0.09003
   0.38959	   0.09024
   0.38039	   0.09041
   0.37118	   0.09053
   0.36198	   0.09061
   0.35277	   0.09064
   0.34356	   0.09063
   0.33434	   0.09058
   0.32512	   0.09048
   0.31590	   0.09034
   0.30668	   0.09016
   0.29747	   0.08993
   0.28825	   0.08966
   0.27904	   0.08935
   0.26985	   0.08898
   0.26069	   0.08856
   0.25158	   0.08809
   0.24253	   0.08756
   0.23357	   0.08696
   0.22468	   0.08630
   0.21587	   0.08556
   0.20710	   0.08474
   0.19834	   0.08382
   0.18955	   0.08280
   0.18069	   0.08167
   0.17177	   0.08043
   0.16282	   0.07909
   0.15393	   0.07766
   0.14521	   0.07617
   0.13677	   0.07462
   0.12863	   0.07301
   0.12076	   0.07132
   0.11309	   0.06951
   0.10551	   0.06755
   0.09788	   0.06537
   0.09002	   0.06293
   0.08184	   0.06026
   0.07358	   0.05753
   0.06576	   0.05494
   0.05863	   0.05243
   0.05208	   0.04988
   0.04590	   0.04715
   0.03992	   0.04421
   0.03408	   0.04112
   0.02846	   0.03798
   0.02318	   0.03494
   0.01846	   0.03209
   0.01465	   0.02956
   0.01170	   0.02739
   0.00936	   0.02554
   0.00747	   0.02392
   0.00592	   0.02247
   0.00463	   0.02115
   0.00354	   0.01993
   0.00263	   0.01878
   0.00186	   0.01770
   0.00122	   0.01667
   0.00071	   0.01568
   0.00031	   0.01473
   0.00002	   0.01380
  -0.00017	   0.01291
  -0.00025	   0.01203
  -0.00022	   0.01118
  -0.00009	   0.01034
   0.00016	   0.00951
   0.00053	   0.00869
   0.00101	   0.00788
   0.00160	   0.00708
   0.00231	   0.00628
   0.00313	   0.00550
   0.00408	   0.00473
   0.00515	   0.00398
   0.00636	   0.00325
   0.00772	   0.00256
   0.00925	   0.00192
   0.01096	   0.00136
   0.01287	   0.00094
   0.01498	   0.00072
   0.01738	   0.00074
   0.02014	   0.00106
   0.02344	   0.00168
   0.02750	   0.00248
   0.03258	   0.00335
   0.03872	   0.00429
   0.04547	   0.00528
   0.05237	   0.00641
   0.05947	   0.00774
   0.06708	   0.00931
   0.07536	   0.01108
   0.08413	   0.01291
   0.09294	   0.01467
   0.10159	   0.01629
   0.11014	   0.01779
   0.11873	   0.01921
   0.12747	   0.02059
   0.13640	   0.02195
   0.14551	   0.02332
   0.15472	   0.02472
   0.16387	   0.02611
   0.17288	   0.02745
   0.18171	   0.02870
   0.19039	   0.02985
   0.19896	   0.03088
   0.20751	   0.03178
   0.21615	   0.03258
   0.22495	   0.03329
   0.23394	   0.03394
   0.24315	   0.03456
   0.25254	   0.03516
   0.26201	   0.03577
   0.27148	   0.03636
   0.28094	   0.03693
   0.29033	   0.03747
   0.29962	   0.03798
   0.30884	   0.03845
   0.31800	   0.03887
   0.32712	   0.03926
   0.33622	   0.03961
   0.34531	   0.03992
   0.35441	   0.04020
   0.36351	   0.04043
   0.37264	   0.04063
   0.38180	   0.04080
   0.39099	   0.04092
   0.40021	   0.04100
   0.40947	   0.04104
   0.41876	   0.04105
   0.42809	   0.04102
   0.43745	   0.04096
   0.44684	   0.04087
   0.45625	   0.04076
   0.46569	   0.04062
   0.47514	   0.04047
   0.48461	   0.04030
   0.49407	   0.04012
   0.50354	   0.03993
   0.51299	   0.03973
   0.52243	   0.03952
   0.53184	   0.03930
   0.54122	   0.03907
   0.55058	   0.03881
   0.55991	   0.03853
   0.56921	   0.03823
   0.57849	   0.03790
   0.58775	   0.03754
   0.59700	   0.03714
   0.60624	   0.03670
   0.61548	   0.03623
   0.62473	   0.03573
   0.63399	   0.03519
   0.64327	   0.03464
   0.65258	   0.03406
   0.66191	   0.03347
   0.67127	   0.03286
   0.68064	   0.03225
   0.69004	   0.03164
   0.69946	   0.03103
   0.70889	   0.03043
   0.71832	   0.02984
   0.72774	   0.02924
   0.73716	   0.02864
   0.74655	   0.02802
   0.75593	   0.02739
   0.76527	   0.02673
   0.77458	   0.02605
   0.78384	   0.02534
   0.79306	   0.02459
   0.80223	   0.02380
   0.81134	   0.02297
   0.82040	   0.02211
   0.82942	   0.02120
   0.83838	   0.02026
   0.84732	   0.01929
   0.85625	   0.01829
   0.86518	   0.01726
   0.87414	   0.01620
   0.88316	   0.01510
   0.89227	   0.01397
   0.90152	   0.01281
   0.91089	   0.01161
   0.92013	   0.01041
   0.92926	   0.00922
   0.93842	   0.00802
   0.94772	   0.00680
   0.95665	   0.00563
   0.96491	   0.00455
   0.97246	   0.00357
   0.97934	   0.00267
   0.98562	   0.00186
   0.99137	   0.00111
   0.99668	   0.00043
   1.00000	   0.00000
