N631A412
   1.00000	   0.00025
   0.99659	   0.00117
   0.99121	   0.00261
   0.98544	   0.00411
   0.97926	   0.00568
   0.97262	   0.00733
   0.96549	   0.00904
   0.95784	   0.01081
   0.94970	   0.01264
   0.94113	   0.01448
   0.93225	   0.01632
   0.92316	   0.01815
   0.91399	   0.01993
   0.90482	   0.02168
   0.89568	   0.02340
   0.88656	   0.02509
   0.87746	   0.02675
   0.86837	   0.02840
   0.85926	   0.03003
   0.85015	   0.03164
   0.84101	   0.03323
   0.83186	   0.03481
   0.82268	   0.03638
   0.81348	   0.03793
   0.80426	   0.03947
   0.79502	   0.04100
   0.78576	   0.04251
   0.77649	   0.04401
   0.76722	   0.04549
   0.75795	   0.04696
   0.74867	   0.04840
   0.73941	   0.04982
   0.73014	   0.05123
   0.72089	   0.05261
   0.71164	   0.05397
   0.70240	   0.05531
   0.69317	   0.05662
   0.68395	   0.05791
   0.67473	   0.05918
   0.66552	   0.06042
   0.65632	   0.06163
   0.64713	   0.06282
   0.63794	   0.06397
   0.62875	   0.06510
   0.61957	   0.06619
   0.61039	   0.06726
   0.60121	   0.06829
   0.59204	   0.06928
   0.58287	   0.07024
   0.57369	   0.07117
   0.56452	   0.07206
   0.55535	   0.07291
   0.54618	   0.07372
   0.53701	   0.07450
   0.52784	   0.07524
   0.51867	   0.07593
   0.50951	   0.07659
   0.50035	   0.07721
   0.49120	   0.07778
   0.48206	   0.07831
   0.47292	   0.07880
   0.46380	   0.07925
   0.45468	   0.07964
   0.44558	   0.07999
   0.43648	   0.08029
   0.42740	   0.08054
   0.41832	   0.08074
   0.40924	   0.08089
   0.40017	   0.08099
   0.39110	   0.08103
   0.38203	   0.08102
   0.37296	   0.08095
   0.36388	   0.08084
   0.35481	   0.08066
   0.34574	   0.08044
   0.33668	   0.08016
   0.32763	   0.07982
   0.31859	   0.07944
   0.30957	   0.07899
   0.30056	   0.07848
   0.29156	   0.07792
   0.28256	   0.07729
   0.27357	   0.07661
   0.26457	   0.07587
   0.25557	   0.07507
   0.24658	   0.07421
   0.23759	   0.07329
   0.22861	   0.07231
   0.21965	   0.07128
   0.21071	   0.07018
   0.20180	   0.06903
   0.19291	   0.06781
   0.18405	   0.06654
   0.17523	   0.06519
   0.16644	   0.06378
   0.15770	   0.06230
   0.14899	   0.06075
   0.14033	   0.05912
   0.13170	   0.05741
   0.12313	   0.05562
   0.11462	   0.05374
   0.10619	   0.05178
   0.09785	   0.04974
   0.08962	   0.04762
   0.08156	   0.04541
   0.07370	   0.04313
   0.06610	   0.04078
   0.05881	   0.03838
   0.05184	   0.03594
   0.04517	   0.03345
   0.03889	   0.03093
   0.03316	   0.02845
   0.02813	   0.02608
   0.02381	   0.02388
   0.02014	   0.02187
   0.01703	   0.02002
   0.01436	   0.01833
   0.01208	   0.01676
   0.01008	   0.01528
   0.00833	   0.01386
   0.00678	   0.01247
   0.00543	   0.01114
   0.00428	   0.00988
   0.00330	   0.00868
   0.00247	   0.00754
   0.00178	   0.00645
   0.00120	   0.00540
   0.00075	   0.00438
   0.00040	   0.00338
   0.00015	   0.00241
   0.00001	   0.00145
  -0.00003	   0.00050
   0.00005	  -0.00044
   0.00024	  -0.00139
   0.00053	  -0.00234
   0.00094	  -0.00329
   0.00145	  -0.00426
   0.00208	  -0.00524
   0.00284	  -0.00624
   0.00373	  -0.00724
   0.00478	  -0.00826
   0.00599	  -0.00927
   0.00740	  -0.01026
   0.00900	  -0.01120
   0.01083	  -0.01208
   0.01291	  -0.01295
   0.01531	  -0.01387
   0.01809	  -0.01487
   0.02132	  -0.01594
   0.02509	  -0.01709
   0.02949	  -0.01829
   0.03462	  -0.01954
   0.04052	  -0.02083
   0.04711	  -0.02211
   0.05426	  -0.02337
   0.06186	  -0.02462
   0.06984	  -0.02583
   0.07811	  -0.02698
   0.08661	  -0.02806
   0.09528	  -0.02908
   0.10408	  -0.03003
   0.11298	  -0.03093
   0.12196	  -0.03176
   0.13099	  -0.03254
   0.14006	  -0.03327
   0.14915	  -0.03395
   0.15827	  -0.03458
   0.16740	  -0.03518
   0.17654	  -0.03573
   0.18569	  -0.03624
   0.19485	  -0.03670
   0.20403	  -0.03713
   0.21322	  -0.03752
   0.22243	  -0.03788
   0.23166	  -0.03820
   0.24090	  -0.03849
   0.25015	  -0.03874
   0.25940	  -0.03897
   0.26865	  -0.03916
   0.27788	  -0.03933
   0.28710	  -0.03945
   0.29631	  -0.03954
   0.30551	  -0.03960
   0.31472	  -0.03961
   0.32393	  -0.03959
   0.33315	  -0.03954
   0.34238	  -0.03945
   0.35161	  -0.03933
   0.36086	  -0.03917
   0.37010	  -0.03898
   0.37934	  -0.03876
   0.38858	  -0.03851
   0.39782	  -0.03822
   0.40705	  -0.03790
   0.41629	  -0.03755
   0.42553	  -0.03717
   0.43478	  -0.03676
   0.44403	  -0.03632
   0.45330	  -0.03585
   0.46257	  -0.03536
   0.47185	  -0.03483
   0.48114	  -0.03429
   0.49044	  -0.03372
   0.49975	  -0.03313
   0.50906	  -0.03251
   0.51838	  -0.03188
   0.52771	  -0.03122
   0.53705	  -0.03055
   0.54639	  -0.02986
   0.55573	  -0.02915
   0.56508	  -0.02842
   0.57443	  -0.02768
   0.58379	  -0.02692
   0.59315	  -0.02615
   0.60251	  -0.02537
   0.61188	  -0.02457
   0.62125	  -0.02376
   0.63062	  -0.02295
   0.64001	  -0.02212
   0.64939	  -0.02129
   0.65879	  -0.02045
   0.66818	  -0.01961
   0.67759	  -0.01877
   0.68700	  -0.01793
   0.69642	  -0.01709
   0.70584	  -0.01625
   0.71527	  -0.01542
   0.72470	  -0.01459
   0.73414	  -0.01377
   0.74358	  -0.01295
   0.75302	  -0.01215
   0.76245	  -0.01136
   0.77187	  -0.01058
   0.78127	  -0.00982
   0.79065	  -0.00907
   0.80000	  -0.00834
   0.80932	  -0.00763
   0.81859	  -0.00694
   0.82782	  -0.00628
   0.83701	  -0.00564
   0.84616	  -0.00502
   0.85527	  -0.00443
   0.86437	  -0.00386
   0.87347	  -0.00332
   0.88257	  -0.00281
   0.89170	  -0.00233
   0.90089	  -0.00187
   0.91015	  -0.00144
   0.91949	  -0.00104
   0.92885	  -0.00069
   0.93810	  -0.00039
   0.94711	  -0.00014
   0.95572	   0.00005
   0.96382	   0.00018
   0.97136	   0.00027
   0.97836	   0.00031
   0.98484	   0.00033
   0.99086	   0.00031
   0.99647	   0.00028
   1.00000	   0.00025
