NA012-B
   1.00000	   0.00120
   0.99574	   0.00180
   0.98900	   0.00275
   0.98178	   0.00377
   0.97405	   0.00486
   0.96573	   0.00605
   0.95680	   0.00732
   0.94724	   0.00870
   0.93707	   0.01016
   0.92637	   0.01171
   0.91522	   0.01331
   0.90374	   0.01496
   0.89201	   0.01664
   0.88009	   0.01832
   0.86802	   0.02001
   0.85585	   0.02170
   0.84363	   0.02336
   0.83139	   0.02501
   0.81914	   0.02663
   0.80691	   0.02822
   0.79468	   0.02977
   0.78247	   0.03130
   0.77025	   0.03279
   0.75802	   0.03424
   0.74579	   0.03567
   0.73355	   0.03706
   0.72130	   0.03842
   0.70906	   0.03974
   0.69683	   0.04103
   0.68461	   0.04228
   0.67243	   0.04349
   0.66027	   0.04465
   0.64815	   0.04577
   0.63607	   0.04685
   0.62400	   0.04788
   0.61196	   0.04887
   0.59991	   0.04981
   0.58786	   0.05070
   0.57578	   0.05154
   0.56367	   0.05235
   0.55152	   0.05311
   0.53932	   0.05383
   0.52709	   0.05452
   0.51484	   0.05517
   0.50258	   0.05578
   0.49033	   0.05635
   0.47812	   0.05689
   0.46596	   0.05738
   0.45385	   0.05783
   0.44179	   0.05824
   0.42977	   0.05861
   0.41778	   0.05892
   0.40578	   0.05919
   0.39375	   0.05941
   0.38164	   0.05958
   0.36944	   0.05971
   0.35712	   0.05980
   0.34469	   0.05987
   0.33216	   0.05992
   0.31958	   0.05995
   0.30700	   0.05998
   0.29449	   0.06001
   0.28215	   0.06005
   0.27000	   0.06006
   0.25807	   0.06004
   0.24633	   0.05997
   0.23473	   0.05985
   0.22327	   0.05969
   0.21197	   0.05947
   0.20088	   0.05922
   0.19006	   0.05894
   0.17959	   0.05862
   0.16951	   0.05826
   0.15982	   0.05786
   0.15053	   0.05743
   0.14164	   0.05695
   0.13313	   0.05644
   0.12504	   0.05590
   0.11738	   0.05533
   0.11018	   0.05474
   0.10343	   0.05413
   0.09713	   0.05351
   0.09126	   0.05289
   0.08578	   0.05225
   0.08066	   0.05160
   0.07587	   0.05093
   0.07138	   0.05024
   0.06714	   0.04953
   0.06314	   0.04880
   0.05937	   0.04805
   0.05579	   0.04728
   0.05239	   0.04649
   0.04917	   0.04569
   0.04610	   0.04486
   0.04319	   0.04402
   0.04041	   0.04316
   0.03777	   0.04228
   0.03525	   0.04137
   0.03284	   0.04044
   0.03055	   0.03949
   0.02836	   0.03852
   0.02626	   0.03753
   0.02426	   0.03652
   0.02234	   0.03548
   0.02051	   0.03442
   0.01878	   0.03332
   0.01713	   0.03220
   0.01557	   0.03103
   0.01410	   0.02984
   0.01271	   0.02860
   0.01142	   0.02733
   0.01020	   0.02602
   0.00907	   0.02469
   0.00802	   0.02333
   0.00704	   0.02196
   0.00613	   0.02058
   0.00529	   0.01918
   0.00452	   0.01777
   0.00382	   0.01636
   0.00318	   0.01494
   0.00260	   0.01352
   0.00208	   0.01210
   0.00162	   0.01068
   0.00122	   0.00925
   0.00087	   0.00783
   0.00059	   0.00640
   0.00036	   0.00498
   0.00018	   0.00356
   0.00007	   0.00213
   0.00001	   0.00071
   0.00001	  -0.00071
   0.00007	  -0.00213
   0.00018	  -0.00356
   0.00036	  -0.00498
   0.00059	  -0.00640
   0.00087	  -0.00783
   0.00122	  -0.00925
   0.00162	  -0.01068
   0.00208	  -0.01210
   0.00260	  -0.01352
   0.00318	  -0.01494
   0.00382	  -0.01636
   0.00452	  -0.01777
   0.00529	  -0.01918
   0.00613	  -0.02058
   0.00704	  -0.02196
   0.00802	  -0.02333
   0.00907	  -0.02469
   0.01020	  -0.02602
   0.01142	  -0.02733
   0.01271	  -0.02860
   0.01410	  -0.02984
   0.01557	  -0.03103
   0.01713	  -0.03220
   0.01878	  -0.03332
   0.02051	  -0.03442
   0.02234	  -0.03548
   0.02426	  -0.03652
   0.02626	  -0.03753
   0.02836	  -0.03852
   0.03055	  -0.03949
   0.03284	  -0.04044
   0.03525	  -0.04137
   0.03777	  -0.04228
   0.04041	  -0.04316
   0.04319	  -0.04402
   0.04610	  -0.04486
   0.04917	  -0.04569
   0.05239	  -0.04649
   0.05579	  -0.04728
   0.05937	  -0.04805
   0.06314	  -0.04880
   0.06714	  -0.04953
   0.07138	  -0.05024
   0.07587	  -0.05093
   0.08066	  -0.05160
   0.08578	  -0.05225
   0.09126	  -0.05289
   0.09713	  -0.05351
   0.10343	  -0.05413
   0.11018	  -0.05474
   0.11738	  -0.05533
   0.12504	  -0.05590
   0.13313	  -0.05644
   0.14164	  -0.05695
   0.15053	  -0.05743
   0.15982	  -0.05786
   0.16951	  -0.05826
   0.17959	  -0.05862
   0.19006	  -0.05894
   0.20088	  -0.05922
   0.21197	  -0.05947
   0.22327	  -0.05969
   0.23473	  -0.05985
   0.24633	  -0.05997
   0.25807	  -0.06004
   0.27000	  -0.06006
   0.28215	  -0.06005
   0.29449	  -0.06001
   0.30700	  -0.05998
   0.31958	  -0.05995
   0.33216	  -0.05992
   0.34469	  -0.05987
   0.35712	  -0.05980
   0.36944	  -0.05971
   0.38164	  -0.05958
   0.39375	  -0.05941
   0.40578	  -0.05919
   0.41778	  -0.05892
   0.42977	  -0.05861
   0.44179	  -0.05824
   0.45385	  -0.05783
   0.46596	  -0.05738
   0.47812	  -0.05689
   0.49033	  -0.05635
   0.50258	  -0.05578
   0.51484	  -0.05517
   0.52709	  -0.05452
   0.53932	  -0.05383
   0.55152	  -0.05311
   0.56367	  -0.05235
   0.57578	  -0.05154
   0.58786	  -0.05070
   0.59991	  -0.04981
   0.61196	  -0.04887
   0.62400	  -0.04788
   0.63607	  -0.04685
   0.64815	  -0.04577
   0.66027	  -0.04465
   0.67243	  -0.04349
   0.68461	  -0.04228
   0.69683	  -0.04103
   0.70906	  -0.03974
   0.72130	  -0.03842
   0.73355	  -0.03706
   0.74579	  -0.03567
   0.75802	  -0.03424
   0.77025	  -0.03279
   0.78247	  -0.03130
   0.79468	  -0.02977
   0.80691	  -0.02822
   0.81914	  -0.02663
   0.83139	  -0.02501
   0.84363	  -0.02336
   0.85585	  -0.02170
   0.86802	  -0.02001
   0.88009	  -0.01832
   0.89201	  -0.01664
   0.90374	  -0.01496
   0.91522	  -0.01331
   0.92637	  -0.01171
   0.93707	  -0.01016
   0.94724	  -0.00870
   0.95680	  -0.00732
   0.96573	  -0.00605
   0.97405	  -0.00486
   0.98178	  -0.00377
   0.98900	  -0.00275
   0.99574	  -0.00180
   1.00000	  -0.00120
