NACA M9
   1.00000	   0.00000
   0.99631	   0.00035
   0.99059	   0.00090
   0.98464	   0.00149
   0.97842	   0.00213
   0.97192	   0.00283
   0.96512	   0.00358
   0.95800	   0.00440
   0.95051	   0.00530
   0.94265	   0.00627
   0.93439	   0.00734
   0.92571	   0.00850
   0.91659	   0.00977
   0.90705	   0.01115
   0.89710	   0.01264
   0.88679	   0.01425
   0.87618	   0.01597
   0.86535	   0.01778
   0.85451	   0.01963
   0.84375	   0.02151
   0.83301	   0.02342
   0.82224	   0.02536
   0.81141	   0.02732
   0.80054	   0.02930
   0.78974	   0.03127
   0.77900	   0.03324
   0.76833	   0.03521
   0.75772	   0.03718
   0.74715	   0.03917
   0.73664	   0.04117
   0.72616	   0.04319
   0.71571	   0.04524
   0.70531	   0.04732
   0.69493	   0.04944
   0.68457	   0.05160
   0.67424	   0.05378
   0.66392	   0.05598
   0.65361	   0.05819
   0.64330	   0.06040
   0.63300	   0.06261
   0.62268	   0.06479
   0.61236	   0.06696
   0.60202	   0.06909
   0.59167	   0.07118
   0.58128	   0.07322
   0.57087	   0.07523
   0.56044	   0.07720
   0.54998	   0.07913
   0.53950	   0.08102
   0.52899	   0.08288
   0.51847	   0.08470
   0.50793	   0.08648
   0.49738	   0.08823
   0.48684	   0.08995
   0.47630	   0.09162
   0.46576	   0.09325
   0.45525	   0.09484
   0.44475	   0.09639
   0.43427	   0.09788
   0.42382	   0.09932
   0.41339	   0.10070
   0.40300	   0.10203
   0.39263	   0.10330
   0.38229	   0.10450
   0.37199	   0.10563
   0.36173	   0.10668
   0.35153	   0.10765
   0.34138	   0.10852
   0.33130	   0.10929
   0.32130	   0.10995
   0.31140	   0.11050
   0.30161	   0.11094
   0.29195	   0.11126
   0.28242	   0.11145
   0.27300	   0.11152
   0.26367	   0.11145
   0.25437	   0.11125
   0.24504	   0.11089
   0.23559	   0.11039
   0.22599	   0.10975
   0.21620	   0.10898
   0.20626	   0.10810
   0.19627	   0.10713
   0.18638	   0.10609
   0.17670	   0.10497
   0.16731	   0.10376
   0.15824	   0.10244
   0.14948	   0.10101
   0.14099	   0.09945
   0.13277	   0.09774
   0.12479	   0.09588
   0.11706	   0.09386
   0.10957	   0.09167
   0.10232	   0.08931
   0.09530	   0.08677
   0.08852	   0.08407
   0.08191	   0.08118
   0.07537	   0.07808
   0.06875	   0.07468
   0.06193	   0.07093
   0.05506	   0.06694
   0.04861	   0.06305
   0.04301	   0.05956
   0.03828	   0.05645
   0.03422	   0.05358
   0.03067	   0.05086
   0.02750	   0.04820
   0.02461	   0.04552
   0.02194	   0.04275
   0.01938	   0.03984
   0.01690	   0.03683
   0.01454	   0.03383
   0.01233	   0.03098
   0.01032	   0.02837
   0.00855	   0.02600
   0.00699	   0.02386
   0.00563	   0.02190
   0.00444	   0.02010
   0.00339	   0.01843
   0.00247	   0.01686
   0.00167	   0.01539
   0.00098	   0.01399
   0.00039	   0.01267
  -0.00012	   0.01140
  -0.00053	   0.01019
  -0.00087	   0.00903
  -0.00112	   0.00791
  -0.00129	   0.00683
  -0.00137	   0.00579
  -0.00138	   0.00478
  -0.00130	   0.00380
  -0.00114	   0.00285
  -0.00089	   0.00192
  -0.00054	   0.00102
  -0.00009	   0.00014
   0.00048	  -0.00072
   0.00117	  -0.00156
   0.00197	  -0.00239
   0.00290	  -0.00321
   0.00395	  -0.00401
   0.00514	  -0.00481
   0.00647	  -0.00560
   0.00796	  -0.00638
   0.00961	  -0.00715
   0.01144	  -0.00790
   0.01343	  -0.00862
   0.01558	  -0.00930
   0.01792	  -0.00992
   0.02046	  -0.01047
   0.02323	  -0.01095
   0.02626	  -0.01136
   0.02963	  -0.01171
   0.03338	  -0.01199
   0.03758	  -0.01219
   0.04232	  -0.01228
   0.04767	  -0.01225
   0.05365	  -0.01209
   0.06025	  -0.01180
   0.06739	  -0.01134
   0.07498	  -0.01070
   0.08300	  -0.00987
   0.09150	  -0.00889
   0.10052	  -0.00784
   0.11007	  -0.00681
   0.12005	  -0.00580
   0.13031	  -0.00482
   0.14056	  -0.00383
   0.15050	  -0.00285
   0.15988	  -0.00185
   0.16859	  -0.00079
   0.17667	   0.00037
   0.18418	   0.00167
   0.19125	   0.00312
   0.19796	   0.00475
   0.20440	   0.00659
   0.21066	   0.00860
   0.21682	   0.01076
   0.22294	   0.01301
   0.22909	   0.01531
   0.23533	   0.01762
   0.24171	   0.01989
   0.24830	   0.02207
   0.25515	   0.02410
   0.26233	   0.02595
   0.26988	   0.02764
   0.27784	   0.02920
   0.28626	   0.03062
   0.29515	   0.03194
   0.30447	   0.03318
   0.31415	   0.03434
   0.32409	   0.03540
   0.33418	   0.03634
   0.34431	   0.03714
   0.35440	   0.03781
   0.36440	   0.03833
   0.37429	   0.03872
   0.38405	   0.03897
   0.39371	   0.03909
   0.40332	   0.03908
   0.41291	   0.03896
   0.42254	   0.03873
   0.43226	   0.03840
   0.44210	   0.03798
   0.45208	   0.03749
   0.46224	   0.03693
   0.47257	   0.03632
   0.48308	   0.03566
   0.49376	   0.03499
   0.50455	   0.03432
   0.51540	   0.03366
   0.52626	   0.03300
   0.53707	   0.03233
   0.54781	   0.03166
   0.55846	   0.03096
   0.56901	   0.03023
   0.57945	   0.02947
   0.58981	   0.02866
   0.60011	   0.02779
   0.61036	   0.02686
   0.62060	   0.02587
   0.63086	   0.02482
   0.64116	   0.02373
   0.65151	   0.02260
   0.66192	   0.02145
   0.67241	   0.02027
   0.68297	   0.01909
   0.69360	   0.01790
   0.70429	   0.01673
   0.71503	   0.01559
   0.72580	   0.01446
   0.73659	   0.01336
   0.74739	   0.01228
   0.75820	   0.01122
   0.76901	   0.01018
   0.77982	   0.00916
   0.79065	   0.00816
   0.80149	   0.00716
   0.81236	   0.00619
   0.82327	   0.00523
   0.83419	   0.00430
   0.84512	   0.00342
   0.85600	   0.00260
   0.86678	   0.00184
   0.87740	   0.00117
   0.88780	   0.00058
   0.89790	   0.00009
   0.90766	  -0.00030
   0.91703	  -0.00060
   0.92600	  -0.00082
   0.93458	  -0.00096
   0.94275	  -0.00104
   0.95055	  -0.00106
   0.95798	  -0.00104
   0.96509	  -0.00097
   0.97187	  -0.00086
   0.97836	  -0.00072
   0.98459	  -0.00055
   0.99056	  -0.00036
   0.99629	  -0.00015
   1.00000	   0.00000
