NACA 6411
   1.00000	   0.00113
   0.99686	   0.00223
   0.99178	   0.00390
   0.98601	   0.00577
   0.97951	   0.00786
   0.97230	   0.01015
   0.96446	   0.01261
   0.95610	   0.01519
   0.94737	   0.01785
   0.93837	   0.02056
   0.92919	   0.02327
   0.91990	   0.02598
   0.91053	   0.02866
   0.90111	   0.03131
   0.89165	   0.03393
   0.88217	   0.03652
   0.87267	   0.03906
   0.86315	   0.04157
   0.85362	   0.04403
   0.84408	   0.04646
   0.83452	   0.04884
   0.82495	   0.05118
   0.81538	   0.05349
   0.80579	   0.05575
   0.79619	   0.05797
   0.78659	   0.06015
   0.77697	   0.06228
   0.76735	   0.06438
   0.75772	   0.06643
   0.74808	   0.06844
   0.73843	   0.07041
   0.72878	   0.07234
   0.71912	   0.07423
   0.70945	   0.07607
   0.69978	   0.07787
   0.69010	   0.07963
   0.68041	   0.08134
   0.67072	   0.08302
   0.66103	   0.08464
   0.65133	   0.08623
   0.64162	   0.08777
   0.63192	   0.08926
   0.62220	   0.09071
   0.61249	   0.09212
   0.60277	   0.09348
   0.59305	   0.09479
   0.58333	   0.09606
   0.57361	   0.09729
   0.56388	   0.09846
   0.55415	   0.09959
   0.54443	   0.10067
   0.53470	   0.10170
   0.52497	   0.10269
   0.51525	   0.10363
   0.50553	   0.10451
   0.49580	   0.10535
   0.48608	   0.10614
   0.47637	   0.10687
   0.46666	   0.10756
   0.45696	   0.10819
   0.44726	   0.10877
   0.43758	   0.10930
   0.42792	   0.10977
   0.41829	   0.11019
   0.40870	   0.11055
   0.39919	   0.11085
   0.38979	   0.11108
   0.38044	   0.11121
   0.37112	   0.11126
   0.36183	   0.11122
   0.35256	   0.11109
   0.34331	   0.11088
   0.33407	   0.11057
   0.32485	   0.11018
   0.31565	   0.10970
   0.30646	   0.10913
   0.29729	   0.10847
   0.28814	   0.10771
   0.27901	   0.10687
   0.26990	   0.10593
   0.26082	   0.10490
   0.25177	   0.10378
   0.24274	   0.10256
   0.23375	   0.10125
   0.22479	   0.09984
   0.21586	   0.09834
   0.20697	   0.09674
   0.19813	   0.09505
   0.18933	   0.09325
   0.18058	   0.09136
   0.17189	   0.08937
   0.16325	   0.08728
   0.15468	   0.08509
   0.14618	   0.08280
   0.13776	   0.08042
   0.12943	   0.07793
   0.12120	   0.07535
   0.11309	   0.07268
   0.10511	   0.06991
   0.09728	   0.06707
   0.08964	   0.06415
   0.08221	   0.06117
   0.07504	   0.05814
   0.06816	   0.05509
   0.06162	   0.05204
   0.05546	   0.04903
   0.04972	   0.04607
   0.04443	   0.04320
   0.03959	   0.04045
   0.03520	   0.03782
   0.03123	   0.03532
   0.02767	   0.03295
   0.02447	   0.03072
   0.02159	   0.02861
   0.01901	   0.02662
   0.01669	   0.02473
   0.01460	   0.02294
   0.01271	   0.02122
   0.01101	   0.01959
   0.00947	   0.01802
   0.00808	   0.01650
   0.00683	   0.01504
   0.00570	   0.01363
   0.00469	   0.01225
   0.00379	   0.01091
   0.00299	   0.00960
   0.00229	   0.00832
   0.00168	   0.00707
   0.00117	   0.00584
   0.00075	   0.00463
   0.00043	   0.00344
   0.00019	   0.00228
   0.00005	   0.00114
   0.00000	   0.00004
   0.00004	  -0.00106
   0.00017	  -0.00217
   0.00040	  -0.00329
   0.00075	  -0.00442
   0.00120	  -0.00553
   0.00178	  -0.00662
   0.00248	  -0.00768
   0.00329	  -0.00871
   0.00423	  -0.00970
   0.00528	  -0.01065
   0.00644	  -0.01155
   0.00772	  -0.01242
   0.00911	  -0.01323
   0.01063	  -0.01401
   0.01226	  -0.01475
   0.01403	  -0.01546
   0.01595	  -0.01613
   0.01802	  -0.01676
   0.02027	  -0.01736
   0.02271	  -0.01793
   0.02537	  -0.01847
   0.02827	  -0.01897
   0.03146	  -0.01943
   0.03497	  -0.01985
   0.03885	  -0.02022
   0.04314	  -0.02053
   0.04790	  -0.02079
   0.05318	  -0.02096
   0.05899	  -0.02105
   0.06538	  -0.02105
   0.07234	  -0.02093
   0.07984	  -0.02071
   0.08783	  -0.02037
   0.09626	  -0.01992
   0.10505	  -0.01937
   0.11414	  -0.01873
   0.12348	  -0.01801
   0.13301	  -0.01722
   0.14270	  -0.01637
   0.15252	  -0.01547
   0.16246	  -0.01453
   0.17249	  -0.01357
   0.18258	  -0.01258
   0.19272	  -0.01158
   0.20290	  -0.01057
   0.21308	  -0.00957
   0.22324	  -0.00857
   0.23338	  -0.00759
   0.24349	  -0.00662
   0.25357	  -0.00568
   0.26363	  -0.00475
   0.27365	  -0.00386
   0.28366	  -0.00299
   0.29363	  -0.00215
   0.30359	  -0.00135
   0.31352	  -0.00058
   0.32344	   0.00016
   0.33334	   0.00085
   0.34323	   0.00151
   0.35311	   0.00213
   0.36298	   0.00271
   0.37286	   0.00325
   0.38275	   0.00374
   0.39265	   0.00419
   0.40263	   0.00459
   0.41273	   0.00498
   0.42290	   0.00536
   0.43309	   0.00574
   0.44329	   0.00610
   0.45350	   0.00646
   0.46370	   0.00681
   0.47391	   0.00714
   0.48410	   0.00747
   0.49429	   0.00778
   0.50448	   0.00807
   0.51465	   0.00836
   0.52482	   0.00862
   0.53499	   0.00887
   0.54515	   0.00911
   0.55530	   0.00933
   0.56545	   0.00953
   0.57559	   0.00971
   0.58573	   0.00988
   0.59587	   0.01002
   0.60600	   0.01015
   0.61612	   0.01026
   0.62624	   0.01035
   0.63636	   0.01042
   0.64648	   0.01047
   0.65660	   0.01050
   0.66670	   0.01051
   0.67681	   0.01050
   0.68692	   0.01046
   0.69703	   0.01041
   0.70713	   0.01034
   0.71723	   0.01024
   0.72733	   0.01012
   0.73743	   0.00998
   0.74752	   0.00982
   0.75762	   0.00964
   0.76772	   0.00943
   0.77781	   0.00920
   0.78790	   0.00896
   0.79800	   0.00868
   0.80809	   0.00839
   0.81818	   0.00808
   0.82828	   0.00774
   0.83837	   0.00739
   0.84847	   0.00701
   0.85856	   0.00661
   0.86865	   0.00619
   0.87873	   0.00574
   0.88881	   0.00528
   0.89888	   0.00480
   0.90893	   0.00430
   0.91894	   0.00378
   0.92889	   0.00324
   0.93873	   0.00269
   0.94841	   0.00213
   0.95783	   0.00157
   0.96685	   0.00101
   0.97532	   0.00048
   0.98310	  -0.00002
   0.99010	  -0.00048
   0.99629	  -0.00090
   1.00000	  -0.00113
