NACA M18
   1.00000	   0.00440
   0.99620	   0.00492
   0.99016	   0.00577
   0.98367	   0.00668
   0.97668	   0.00769
   0.96914	   0.00879
   0.96102	   0.00999
   0.95233	   0.01130
   0.94314	   0.01272
   0.93357	   0.01422
   0.92379	   0.01578
   0.91394	   0.01739
   0.90410	   0.01902
   0.89431	   0.02068
   0.88455	   0.02236
   0.87479	   0.02406
   0.86503	   0.02580
   0.85524	   0.02756
   0.84541	   0.02935
   0.83554	   0.03116
   0.82563	   0.03300
   0.81566	   0.03487
   0.80566	   0.03675
   0.79562	   0.03865
   0.78557	   0.04056
   0.77551	   0.04248
   0.76545	   0.04440
   0.75541	   0.04631
   0.74539	   0.04822
   0.73538	   0.05011
   0.72539	   0.05200
   0.71542	   0.05387
   0.70545	   0.05572
   0.69549	   0.05756
   0.68552	   0.05938
   0.67554	   0.06118
   0.66553	   0.06297
   0.65550	   0.06475
   0.64545	   0.06652
   0.63538	   0.06827
   0.62530	   0.07002
   0.61521	   0.07175
   0.60514	   0.07347
   0.59509	   0.07517
   0.58508	   0.07685
   0.57513	   0.07851
   0.56524	   0.08013
   0.55542	   0.08170
   0.54565	   0.08323
   0.53595	   0.08471
   0.52631	   0.08614
   0.51670	   0.08751
   0.50713	   0.08882
   0.49757	   0.09006
   0.48801	   0.09124
   0.47843	   0.09236
   0.46882	   0.09342
   0.45918	   0.09443
   0.44950	   0.09538
   0.43979	   0.09627
   0.43005	   0.09711
   0.42029	   0.09790
   0.41053	   0.09863
   0.40079	   0.09931
   0.39109	   0.09993
   0.38146	   0.10049
   0.37191	   0.10098
   0.36246	   0.10140
   0.35310	   0.10173
   0.34384	   0.10199
   0.33465	   0.10215
   0.32554	   0.10222
   0.31649	   0.10219
   0.30747	   0.10206
   0.29847	   0.10182
   0.28945	   0.10147
   0.28040	   0.10100
   0.27129	   0.10042
   0.26213	   0.09972
   0.25290	   0.09891
   0.24362	   0.09798
   0.23431	   0.09693
   0.22499	   0.09578
   0.21570	   0.09453
   0.20650	   0.09319
   0.19743	   0.09177
   0.18855	   0.09028
   0.17987	   0.08871
   0.17139	   0.08705
   0.16307	   0.08530
   0.15487	   0.08343
   0.14670	   0.08140
   0.13848	   0.07920
   0.13015	   0.07682
   0.12171	   0.07426
   0.11321	   0.07154
   0.10478	   0.06873
   0.09660	   0.06590
   0.08885	   0.06312
   0.08157	   0.06034
   0.07469	   0.05754
   0.06811	   0.05464
   0.06175	   0.05165
   0.05565	   0.04861
   0.04989	   0.04558
   0.04456	   0.04265
   0.03972	   0.03987
   0.03537	   0.03724
   0.03144	   0.03477
   0.02789	   0.03242
   0.02468	   0.03019
   0.02174	   0.02806
   0.01906	   0.02600
   0.01661	   0.02402
   0.01439	   0.02214
   0.01240	   0.02037
   0.01060	   0.01870
   0.00900	   0.01714
   0.00759	   0.01567
   0.00635	   0.01429
   0.00524	   0.01297
   0.00427	   0.01171
   0.00342	   0.01050
   0.00268	   0.00932
   0.00203	   0.00819
   0.00148	   0.00708
   0.00102	   0.00599
   0.00065	   0.00492
   0.00035	   0.00387
   0.00015	   0.00283
   0.00002	   0.00180
  -0.00002	   0.00077
   0.00002	  -0.00026
   0.00015	  -0.00129
   0.00036	  -0.00232
   0.00066	  -0.00335
   0.00103	  -0.00439
   0.00148	  -0.00543
   0.00202	  -0.00647
   0.00264	  -0.00752
   0.00334	  -0.00856
   0.00413	  -0.00961
   0.00501	  -0.01065
   0.00599	  -0.01169
   0.00707	  -0.01272
   0.00826	  -0.01372
   0.00958	  -0.01470
   0.01102	  -0.01563
   0.01261	  -0.01649
   0.01434	  -0.01726
   0.01625	  -0.01792
   0.01836	  -0.01849
   0.02069	  -0.01896
   0.02329	  -0.01936
   0.02619	  -0.01973
   0.02942	  -0.02012
   0.03302	  -0.02052
   0.03703	  -0.02092
   0.04146	  -0.02130
   0.04629	  -0.02164
   0.05151	  -0.02192
   0.05722	  -0.02211
   0.06352	  -0.02221
   0.07057	  -0.02224
   0.07844	  -0.02222
   0.08700	  -0.02216
   0.09599	  -0.02207
   0.10522	  -0.02192
   0.11464	  -0.02172
   0.12425	  -0.02149
   0.13403	  -0.02122
   0.14396	  -0.02093
   0.15401	  -0.02065
   0.16413	  -0.02037
   0.17428	  -0.02011
   0.18444	  -0.01987
   0.19459	  -0.01964
   0.20471	  -0.01942
   0.21482	  -0.01923
   0.22493	  -0.01905
   0.23502	  -0.01889
   0.24512	  -0.01875
   0.25521	  -0.01863
   0.26531	  -0.01853
   0.27541	  -0.01845
   0.28551	  -0.01839
   0.29562	  -0.01834
   0.30573	  -0.01832
   0.31583	  -0.01832
   0.32593	  -0.01834
   0.33603	  -0.01837
   0.34612	  -0.01844
   0.35620	  -0.01852
   0.36628	  -0.01862
   0.37636	  -0.01875
   0.38643	  -0.01890
   0.39650	  -0.01907
   0.40658	  -0.01927
   0.41666	  -0.01949
   0.42675	  -0.01973
   0.43686	  -0.01998
   0.44697	  -0.02024
   0.45710	  -0.02051
   0.46725	  -0.02078
   0.47741	  -0.02106
   0.48758	  -0.02133
   0.49776	  -0.02159
   0.50796	  -0.02185
   0.51816	  -0.02209
   0.52837	  -0.02232
   0.53857	  -0.02254
   0.54878	  -0.02275
   0.55898	  -0.02294
   0.56918	  -0.02311
   0.57936	  -0.02328
   0.58953	  -0.02342
   0.59969	  -0.02356
   0.60983	  -0.02367
   0.61995	  -0.02377
   0.63004	  -0.02385
   0.64012	  -0.02390
   0.65017	  -0.02393
   0.66020	  -0.02394
   0.67021	  -0.02392
   0.68019	  -0.02387
   0.69017	  -0.02378
   0.70012	  -0.02367
   0.71007	  -0.02352
   0.72001	  -0.02333
   0.72994	  -0.02311
   0.73987	  -0.02285
   0.74980	  -0.02256
   0.75972	  -0.02223
   0.76964	  -0.02186
   0.77955	  -0.02145
   0.78945	  -0.02100
   0.79933	  -0.02051
   0.80920	  -0.01999
   0.81904	  -0.01942
   0.82885	  -0.01882
   0.83863	  -0.01817
   0.84838	  -0.01749
   0.85810	  -0.01676
   0.86780	  -0.01598
   0.87748	  -0.01517
   0.88714	  -0.01431
   0.89681	  -0.01340
   0.90647	  -0.01244
   0.91614	  -0.01144
   0.92576	  -0.01038
   0.93525	  -0.00928
   0.94448	  -0.00815
   0.95335	  -0.00700
   0.96174	  -0.00586
   0.96962	  -0.00475
   0.97697	  -0.00366
   0.98383	  -0.00261
   0.99023	  -0.00160
   0.99622	  -0.00063
   1.00000	   0.00000
