NACA 97
   1.00000	   0.00130
   0.99540	   0.00290
   0.98812	   0.00543
   0.98033	   0.00814
   0.97198	   0.01105
   0.96303	   0.01416
   0.95348	   0.01749
   0.94336	   0.02101
   0.93275	   0.02470
   0.92177	   0.02851
   0.91054	   0.03238
   0.89916	   0.03629
   0.88766	   0.04020
   0.87609	   0.04410
   0.86446	   0.04798
   0.85278	   0.05184
   0.84108	   0.05566
   0.82937	   0.05944
   0.81765	   0.06317
   0.80592	   0.06686
   0.79419	   0.07049
   0.78243	   0.07408
   0.77066	   0.07762
   0.75886	   0.08111
   0.74705	   0.08455
   0.73522	   0.08794
   0.72340	   0.09127
   0.71159	   0.09455
   0.69980	   0.09775
   0.68807	   0.10089
   0.67641	   0.10395
   0.66482	   0.10691
   0.65331	   0.10979
   0.64187	   0.11257
   0.63051	   0.11525
   0.61919	   0.11783
   0.60791	   0.12032
   0.59665	   0.12270
   0.58537	   0.12498
   0.57407	   0.12718
   0.56272	   0.12929
   0.55132	   0.13132
   0.53987	   0.13327
   0.52836	   0.13514
   0.51682	   0.13693
   0.50525	   0.13865
   0.49370	   0.14028
   0.48218	   0.14183
   0.47072	   0.14329
   0.45934	   0.14464
   0.44805	   0.14589
   0.43684	   0.14703
   0.42572	   0.14806
   0.41467	   0.14897
   0.40369	   0.14976
   0.39275	   0.15043
   0.38184	   0.15098
   0.37095	   0.15142
   0.36006	   0.15174
   0.34916	   0.15195
   0.33826	   0.15204
   0.32736	   0.15203
   0.31646	   0.15190
   0.30556	   0.15166
   0.29469	   0.15132
   0.28386	   0.15087
   0.27309	   0.15030
   0.26239	   0.14961
   0.25180	   0.14881
   0.24134	   0.14788
   0.23102	   0.14683
   0.22087	   0.14566
   0.21091	   0.14438
   0.20116	   0.14298
   0.19163	   0.14147
   0.18233	   0.13985
   0.17326	   0.13813
   0.16441	   0.13631
   0.15578	   0.13438
   0.14733	   0.13234
   0.13905	   0.13019
   0.13095	   0.12794
   0.12306	   0.12561
   0.11542	   0.12322
   0.10810	   0.12081
   0.10114	   0.11840
   0.09456	   0.11603
   0.08839	   0.11368
   0.08261	   0.11134
   0.07718	   0.10899
   0.07207	   0.10662
   0.06722	   0.10423
   0.06263	   0.10187
   0.05827	   0.09954
   0.05413	   0.09728
   0.05021	   0.09512
   0.04650	   0.09304
   0.04299	   0.09105
   0.03969	   0.08911
   0.03657	   0.08722
   0.03363	   0.08536
   0.03087	   0.08352
   0.02827	   0.08171
   0.02583	   0.07993
   0.02352	   0.07816
   0.02136	   0.07642
   0.01934	   0.07470
   0.01745	   0.07302
   0.01569	   0.07137
   0.01405	   0.06976
   0.01253	   0.06817
   0.01111	   0.06661
   0.00980	   0.06507
   0.00859	   0.06356
   0.00747	   0.06207
   0.00644	   0.06060
   0.00549	   0.05915
   0.00463	   0.05771
   0.00384	   0.05629
   0.00313	   0.05488
   0.00250	   0.05348
   0.00194	   0.05210
   0.00145	   0.05072
   0.00103	   0.04934
   0.00068	   0.04798
   0.00041	   0.04661
   0.00020	   0.04525
   0.00007	   0.04389
   0.00000	   0.04254
   0.00001	   0.04118
   0.00009	   0.03981
   0.00024	   0.03845
   0.00046	   0.03708
   0.00075	   0.03572
   0.00110	   0.03435
   0.00151	   0.03298
   0.00198	   0.03161
   0.00252	   0.03025
   0.00312	   0.02889
   0.00378	   0.02753
   0.00451	   0.02617
   0.00529	   0.02482
   0.00614	   0.02348
   0.00705	   0.02215
   0.00802	   0.02083
   0.00906	   0.01952
   0.01017	   0.01823
   0.01134	   0.01695
   0.01258	   0.01570
   0.01389	   0.01448
   0.01527	   0.01329
   0.01673	   0.01214
   0.01826	   0.01103
   0.01988	   0.00997
   0.02157	   0.00898
   0.02334	   0.00805
   0.02520	   0.00722
   0.02714	   0.00648
   0.02918	   0.00583
   0.03131	   0.00529
   0.03354	   0.00483
   0.03588	   0.00445
   0.03834	   0.00415
   0.04092	   0.00390
   0.04363	   0.00370
   0.04647	   0.00353
   0.04944	   0.00334
   0.05256	   0.00310
   0.05582	   0.00282
   0.05924	   0.00248
   0.06283	   0.00212
   0.06661	   0.00173
   0.07059	   0.00135
   0.07481	   0.00101
   0.07931	   0.00074
   0.08414	   0.00055
   0.08937	   0.00042
   0.09505	   0.00035
   0.10125	   0.00029
   0.10800	   0.00021
   0.11530	   0.00013
   0.12310	   0.00004
   0.13134	  -0.00003
   0.13992	  -0.00005
   0.14879	  -0.00001
   0.15796	   0.00012
   0.16750	   0.00036
   0.17748	   0.00070
   0.18796	   0.00113
   0.19895	   0.00165
   0.21044	   0.00224
   0.22233	   0.00290
   0.23450	   0.00362
   0.24684	   0.00440
   0.25926	   0.00524
   0.27169	   0.00612
   0.28408	   0.00705
   0.29644	   0.00801
   0.30880	   0.00902
   0.32121	   0.01007
   0.33372	   0.01117
   0.34634	   0.01230
   0.35908	   0.01346
   0.37192	   0.01466
   0.38481	   0.01587
   0.39768	   0.01708
   0.41044	   0.01828
   0.42300	   0.01945
   0.43530	   0.02056
   0.44734	   0.02158
   0.45911	   0.02252
   0.47064	   0.02335
   0.48198	   0.02408
   0.49318	   0.02469
   0.50428	   0.02517
   0.51536	   0.02554
   0.52647	   0.02581
   0.53765	   0.02600
   0.54894	   0.02613
   0.56035	   0.02623
   0.57189	   0.02632
   0.58355	   0.02641
   0.59529	   0.02654
   0.60706	   0.02672
   0.61881	   0.02695
   0.63048	   0.02720
   0.64204	   0.02746
   0.65347	   0.02770
   0.66479	   0.02789
   0.67600	   0.02802
   0.68713	   0.02807
   0.69822	   0.02802
   0.70931	   0.02785
   0.72045	   0.02756
   0.73169	   0.02717
   0.74306	   0.02667
   0.75459	   0.02607
   0.76627	   0.02537
   0.77812	   0.02460
   0.79011	   0.02374
   0.80219	   0.02283
   0.81432	   0.02187
   0.82642	   0.02086
   0.83845	   0.01980
   0.85037	   0.01868
   0.86215	   0.01752
   0.87380	   0.01631
   0.88531	   0.01503
   0.89670	   0.01370
   0.90798	   0.01231
   0.91915	   0.01086
   0.93018	   0.00939
   0.94095	   0.00793
   0.95135	   0.00652
   0.96126	   0.00517
   0.97060	   0.00392
   0.97935	   0.00274
   0.98753	   0.00165
   0.99518	   0.00064
   1.00000	   0.00000
