NACA 1412
   1.00000	   0.00125
   0.99626	   0.00189
   0.99033	   0.00290
   0.98395	   0.00399
   0.97707	   0.00515
   0.96965	   0.00639
   0.96164	   0.00772
   0.95305	   0.00913
   0.94395	   0.01062
   0.93444	   0.01216
   0.92470	   0.01371
   0.91486	   0.01526
   0.90503	   0.01679
   0.89522	   0.01829
   0.88545	   0.01976
   0.87568	   0.02120
   0.86590	   0.02262
   0.85609	   0.02402
   0.84626	   0.02541
   0.83638	   0.02679
   0.82647	   0.02815
   0.81651	   0.02950
   0.80650	   0.03084
   0.79647	   0.03217
   0.78641	   0.03348
   0.77634	   0.03479
   0.76626	   0.03608
   0.75618	   0.03735
   0.74611	   0.03860
   0.73605	   0.03983
   0.72601	   0.04105
   0.71598	   0.04224
   0.70596	   0.04341
   0.69596	   0.04456
   0.68597	   0.04569
   0.67599	   0.04680
   0.66601	   0.04788
   0.65603	   0.04894
   0.64606	   0.04998
   0.63608	   0.05100
   0.62610	   0.05200
   0.61612	   0.05297
   0.60613	   0.05393
   0.59614	   0.05486
   0.58615	   0.05576
   0.57615	   0.05665
   0.56615	   0.05751
   0.55614	   0.05835
   0.54614	   0.05916
   0.53613	   0.05995
   0.52612	   0.06071
   0.51612	   0.06146
   0.50612	   0.06217
   0.49614	   0.06286
   0.48616	   0.06353
   0.47619	   0.06417
   0.46624	   0.06478
   0.45630	   0.06536
   0.44638	   0.06591
   0.43648	   0.06642
   0.42660	   0.06690
   0.41674	   0.06734
   0.40689	   0.06774
   0.39707	   0.06810
   0.38726	   0.06843
   0.37747	   0.06871
   0.36769	   0.06894
   0.35794	   0.06914
   0.34820	   0.06929
   0.33847	   0.06939
   0.32876	   0.06944
   0.31906	   0.06945
   0.30938	   0.06940
   0.29971	   0.06931
   0.29005	   0.06916
   0.28041	   0.06896
   0.27078	   0.06870
   0.26118	   0.06839
   0.25161	   0.06802
   0.24208	   0.06759
   0.23260	   0.06711
   0.22318	   0.06656
   0.21381	   0.06595
   0.20447	   0.06527
   0.19515	   0.06452
   0.18582	   0.06370
   0.17647	   0.06279
   0.16710	   0.06180
   0.15771	   0.06070
   0.14834	   0.05951
   0.13903	   0.05822
   0.12982	   0.05682
   0.12078	   0.05534
   0.11197	   0.05378
   0.10344	   0.05216
   0.09524	   0.05048
   0.08741	   0.04877
   0.07998	   0.04702
   0.07297	   0.04524
   0.06639	   0.04344
   0.06025	   0.04165
   0.05455	   0.03986
   0.04927	   0.03810
   0.04438	   0.03637
   0.03989	   0.03467
   0.03578	   0.03301
   0.03204	   0.03139
   0.02866	   0.02981
   0.02559	   0.02829
   0.02281	   0.02682
   0.02029	   0.02540
   0.01801	   0.02403
   0.01592	   0.02269
   0.01402	   0.02138
   0.01228	   0.02010
   0.01068	   0.01884
   0.00921	   0.01760
   0.00787	   0.01636
   0.00665	   0.01512
   0.00554	   0.01389
   0.00456	   0.01265
   0.00368	   0.01141
   0.00290	   0.01018
   0.00223	   0.00898
   0.00165	   0.00779
   0.00116	   0.00662
   0.00076	   0.00548
   0.00045	   0.00435
   0.00021	   0.00324
   0.00006	   0.00215
  -0.00001	   0.00106
   0.00000	  -0.00002
   0.00010	  -0.00109
   0.00029	  -0.00217
   0.00055	  -0.00325
   0.00091	  -0.00434
   0.00134	  -0.00544
   0.00187	  -0.00655
   0.00249	  -0.00768
   0.00321	  -0.00883
   0.00403	  -0.00999
   0.00496	  -0.01117
   0.00601	  -0.01234
   0.00717	  -0.01351
   0.00845	  -0.01467
   0.00986	  -0.01581
   0.01139	  -0.01695
   0.01305	  -0.01808
   0.01486	  -0.01921
   0.01681	  -0.02035
   0.01894	  -0.02150
   0.02127	  -0.02267
   0.02382	  -0.02387
   0.02664	  -0.02508
   0.02974	  -0.02633
   0.03316	  -0.02761
   0.03693	  -0.02890
   0.04109	  -0.03021
   0.04564	  -0.03153
   0.05060	  -0.03286
   0.05597	  -0.03419
   0.06178	  -0.03552
   0.06806	  -0.03684
   0.07480	  -0.03815
   0.08199	  -0.03943
   0.08961	  -0.04066
   0.09761	  -0.04184
   0.10596	  -0.04295
   0.11461	  -0.04400
   0.12355	  -0.04497
   0.13272	  -0.04585
   0.14209	  -0.04665
   0.15160	  -0.04736
   0.16120	  -0.04798
   0.17086	  -0.04853
   0.18055	  -0.04900
   0.19024	  -0.04940
   0.19992	  -0.04975
   0.20958	  -0.05005
   0.21924	  -0.05030
   0.22891	  -0.05051
   0.23858	  -0.05067
   0.24828	  -0.05078
   0.25801	  -0.05084
   0.26777	  -0.05085
   0.27759	  -0.05082
   0.28745	  -0.05075
   0.29737	  -0.05064
   0.30732	  -0.05051
   0.31731	  -0.05034
   0.32732	  -0.05015
   0.33735	  -0.04993
   0.34739	  -0.04969
   0.35744	  -0.04941
   0.36749	  -0.04912
   0.37754	  -0.04880
   0.38758	  -0.04846
   0.39763	  -0.04809
   0.40767	  -0.04770
   0.41771	  -0.04729
   0.42774	  -0.04686
   0.43778	  -0.04641
   0.44783	  -0.04594
   0.45787	  -0.04545
   0.46792	  -0.04494
   0.47798	  -0.04441
   0.48804	  -0.04386
   0.49812	  -0.04329
   0.50820	  -0.04270
   0.51829	  -0.04210
   0.52839	  -0.04148
   0.53850	  -0.04084
   0.54862	  -0.04018
   0.55876	  -0.03951
   0.56890	  -0.03883
   0.57905	  -0.03813
   0.58920	  -0.03742
   0.59937	  -0.03670
   0.60953	  -0.03597
   0.61969	  -0.03523
   0.62985	  -0.03448
   0.64001	  -0.03373
   0.65016	  -0.03296
   0.66031	  -0.03218
   0.67046	  -0.03139
   0.68061	  -0.03059
   0.69076	  -0.02979
   0.70092	  -0.02897
   0.71108	  -0.02814
   0.72126	  -0.02730
   0.73144	  -0.02645
   0.74165	  -0.02559
   0.75186	  -0.02473
   0.76208	  -0.02385
   0.77230	  -0.02297
   0.78253	  -0.02208
   0.79275	  -0.02119
   0.80295	  -0.02029
   0.81312	  -0.01939
   0.82326	  -0.01848
   0.83336	  -0.01757
   0.84343	  -0.01666
   0.85346	  -0.01574
   0.86347	  -0.01482
   0.87345	  -0.01388
   0.88343	  -0.01294
   0.89342	  -0.01199
   0.90343	  -0.01102
   0.91348	  -0.01003
   0.92353	  -0.00904
   0.93348	  -0.00804
   0.94317	  -0.00706
   0.95244	  -0.00612
   0.96118	  -0.00523
   0.96930	  -0.00439
   0.97683	  -0.00362
   0.98379	  -0.00289
   0.99024	  -0.00222
   0.99623	  -0.00160
   1.00000	  -0.00120
