NACA-LANGLEY SYMMETRICAL, SUPERCRITICAL
   1.00000	   0.00000
   0.99649	   0.00094
   0.99085	   0.00241
   0.98473	   0.00397
   0.97807	   0.00562
   0.97087	   0.00734
   0.96318	   0.00912
   0.95507	   0.01094
   0.94660	   0.01276
   0.93784	   0.01457
   0.92882	   0.01636
   0.91958	   0.01812
   0.91017	   0.01985
   0.90061	   0.02152
   0.89094	   0.02314
   0.88117	   0.02472
   0.87131	   0.02624
   0.86138	   0.02770
   0.85137	   0.02912
   0.84131	   0.03048
   0.83118	   0.03179
   0.82100	   0.03305
   0.81077	   0.03427
   0.80049	   0.03544
   0.79017	   0.03656
   0.77980	   0.03764
   0.76940	   0.03868
   0.75896	   0.03968
   0.74849	   0.04063
   0.73798	   0.04155
   0.72745	   0.04244
   0.71688	   0.04328
   0.70629	   0.04409
   0.69568	   0.04487
   0.68504	   0.04561
   0.67438	   0.04632
   0.66371	   0.04700
   0.65301	   0.04765
   0.64230	   0.04826
   0.63158	   0.04885
   0.62084	   0.04941
   0.61009	   0.04994
   0.59933	   0.05044
   0.58857	   0.05091
   0.57779	   0.05136
   0.56701	   0.05177
   0.55622	   0.05216
   0.54543	   0.05253
   0.53463	   0.05286
   0.52382	   0.05317
   0.51301	   0.05345
   0.50219	   0.05371
   0.49138	   0.05394
   0.48057	   0.05414
   0.46978	   0.05432
   0.45900	   0.05447
   0.44822	   0.05459
   0.43743	   0.05468
   0.42662	   0.05474
   0.41580	   0.05478
   0.40496	   0.05479
   0.39411	   0.05477
   0.38326	   0.05474
   0.37242	   0.05468
   0.36159	   0.05459
   0.35078	   0.05448
   0.33998	   0.05434
   0.32917	   0.05417
   0.31837	   0.05398
   0.30756	   0.05376
   0.29676	   0.05351
   0.28598	   0.05324
   0.27523	   0.05294
   0.26451	   0.05262
   0.25383	   0.05226
   0.24319	   0.05187
   0.23259	   0.05145
   0.22205	   0.05099
   0.21156	   0.05050
   0.20114	   0.04997
   0.19081	   0.04939
   0.18056	   0.04878
   0.17044	   0.04812
   0.16044	   0.04741
   0.15061	   0.04666
   0.14096	   0.04587
   0.13155	   0.04503
   0.12239	   0.04414
   0.11355	   0.04322
   0.10506	   0.04225
   0.09698	   0.04126
   0.08935	   0.04025
   0.08218	   0.03923
   0.07550	   0.03820
   0.06927	   0.03716
   0.06351	   0.03613
   0.05819	   0.03511
   0.05330	   0.03410
   0.04882	   0.03311
   0.04472	   0.03213
   0.04095	   0.03118
   0.03749	   0.03024
   0.03429	   0.02931
   0.03133	   0.02840
   0.02859	   0.02749
   0.02603	   0.02659
   0.02364	   0.02569
   0.02141	   0.02479
   0.01933	   0.02389
   0.01738	   0.02298
   0.01556	   0.02206
   0.01386	   0.02112
   0.01226	   0.02018
   0.01077	   0.01921
   0.00938	   0.01822
   0.00811	   0.01721
   0.00693	   0.01615
   0.00586	   0.01506
   0.00489	   0.01392
   0.00402	   0.01275
   0.00324	   0.01156
   0.00255	   0.01035
   0.00195	   0.00912
   0.00144	   0.00789
   0.00102	   0.00666
   0.00067	   0.00543
   0.00040	   0.00421
   0.00020	   0.00300
   0.00007	   0.00180
   0.00001	   0.00060
   0.00001	  -0.00060
   0.00007	  -0.00180
   0.00020	  -0.00300
   0.00040	  -0.00421
   0.00067	  -0.00543
   0.00102	  -0.00666
   0.00144	  -0.00789
   0.00195	  -0.00912
   0.00255	  -0.01035
   0.00324	  -0.01156
   0.00402	  -0.01275
   0.00489	  -0.01392
   0.00586	  -0.01506
   0.00693	  -0.01615
   0.00811	  -0.01721
   0.00938	  -0.01822
   0.01077	  -0.01921
   0.01226	  -0.02018
   0.01386	  -0.02112
   0.01556	  -0.02206
   0.01738	  -0.02298
   0.01933	  -0.02389
   0.02141	  -0.02479
   0.02364	  -0.02569
   0.02603	  -0.02659
   0.02859	  -0.02749
   0.03133	  -0.02840
   0.03429	  -0.02931
   0.03749	  -0.03024
   0.04095	  -0.03118
   0.04472	  -0.03213
   0.04882	  -0.03311
   0.05330	  -0.03410
   0.05819	  -0.03511
   0.06351	  -0.03613
   0.06927	  -0.03716
   0.07550	  -0.03820
   0.08218	  -0.03923
   0.08935	  -0.04025
   0.09698	  -0.04126
   0.10506	  -0.04225
   0.11355	  -0.04322
   0.12239	  -0.04414
   0.13155	  -0.04503
   0.14096	  -0.04587
   0.15061	  -0.04666
   0.16044	  -0.04741
   0.17044	  -0.04812
   0.18056	  -0.04878
   0.19081	  -0.04939
   0.20114	  -0.04997
   0.21156	  -0.05050
   0.22205	  -0.05099
   0.23259	  -0.05145
   0.24319	  -0.05187
   0.25383	  -0.05226
   0.26451	  -0.05262
   0.27523	  -0.05294
   0.28598	  -0.05324
   0.29676	  -0.05351
   0.30756	  -0.05376
   0.31837	  -0.05398
   0.32917	  -0.05417
   0.33998	  -0.05434
   0.35078	  -0.05448
   0.36159	  -0.05459
   0.37242	  -0.05468
   0.38326	  -0.05474
   0.39411	  -0.05477
   0.40496	  -0.05479
   0.41580	  -0.05478
   0.42662	  -0.05474
   0.43743	  -0.05468
   0.44822	  -0.05459
   0.45900	  -0.05447
   0.46978	  -0.05432
   0.48057	  -0.05414
   0.49138	  -0.05394
   0.50219	  -0.05371
   0.51301	  -0.05345
   0.52382	  -0.05317
   0.53463	  -0.05286
   0.54543	  -0.05253
   0.55622	  -0.05216
   0.56701	  -0.05177
   0.57779	  -0.05136
   0.58857	  -0.05091
   0.59933	  -0.05044
   0.61009	  -0.04994
   0.62084	  -0.04941
   0.63158	  -0.04885
   0.64230	  -0.04826
   0.65301	  -0.04765
   0.66371	  -0.04700
   0.67438	  -0.04632
   0.68504	  -0.04561
   0.69568	  -0.04487
   0.70629	  -0.04409
   0.71688	  -0.04328
   0.72745	  -0.04244
   0.73798	  -0.04155
   0.74849	  -0.04063
   0.75896	  -0.03968
   0.76940	  -0.03868
   0.77980	  -0.03764
   0.79017	  -0.03656
   0.80049	  -0.03544
   0.81077	  -0.03427
   0.82100	  -0.03305
   0.83118	  -0.03179
   0.84131	  -0.03048
   0.85137	  -0.02912
   0.86138	  -0.02770
   0.87131	  -0.02624
   0.88117	  -0.02472
   0.89094	  -0.02314
   0.90061	  -0.02152
   0.91017	  -0.01984
   0.91958	  -0.01812
   0.92882	  -0.01636
   0.93784	  -0.01457
   0.94660	  -0.01276
   0.95507	  -0.01094
   0.96318	  -0.00912
   0.97087	  -0.00734
   0.97807	  -0.00562
   0.98473	  -0.00397
   0.99085	  -0.00241
   0.99649	  -0.00094
   1.00000	   0.00000
