NASA SC(2)-0404
   1.00000	  -0.00150
   0.99670	  -0.00116
   0.99019	  -0.00052
   0.98227	   0.00024
   0.97431	   0.00096
   0.96630	   0.00169
   0.95830	   0.00240
   0.95030	   0.00307
   0.94227	   0.00376
   0.93427	   0.00442
   0.92625	   0.00503
   0.91822	   0.00563
   0.91021	   0.00623
   0.90221	   0.00680
   0.89419	   0.00736
   0.88619	   0.00790
   0.87817	   0.00842
   0.87017	   0.00894
   0.86216	   0.00942
   0.85413	   0.00991
   0.84613	   0.01037
   0.83811	   0.01080
   0.83010	   0.01124
   0.82209	   0.01165
   0.81406	   0.01205
   0.80605	   0.01243
   0.79802	   0.01279
   0.79000	   0.01315
   0.78197	   0.01347
   0.77388	   0.01379
   0.76581	   0.01412
   0.75778	   0.01443
   0.74972	   0.01471
   0.74163	   0.01499
   0.73357	   0.01528
   0.72554	   0.01554
   0.71747	   0.01577
   0.70938	   0.01602
   0.70133	   0.01626
   0.69330	   0.01647
   0.68522	   0.01667
   0.67713	   0.01687
   0.66905	   0.01707
   0.66100	   0.01728
   0.65297	   0.01744
   0.64489	   0.01760
   0.63679	   0.01776
   0.62868	   0.01793
   0.62059	   0.01809
   0.61254	   0.01825
   0.60451	   0.01839
   0.59643	   0.01850
   0.58833	   0.01863
   0.58023	   0.01875
   0.57213	   0.01887
   0.56403	   0.01899
   0.55595	   0.01911
   0.54792	   0.01922
   0.53987	   0.01930
   0.53178	   0.01938
   0.52367	   0.01946
   0.51557	   0.01954
   0.50747	   0.01962
   0.49937	   0.01971
   0.49133	   0.01979
   0.48329	   0.01984
   0.47521	   0.01987
   0.46711	   0.01991
   0.45901	   0.01995
   0.45090	   0.02000
   0.44280	   0.02003
   0.43473	   0.02008
   0.42671	   0.02010
   0.41865	   0.02010
   0.41055	   0.02010
   0.40245	   0.02010
   0.39434	   0.02010
   0.38624	   0.02010
   0.37815	   0.02010
   0.37011	   0.02010
   0.36207	   0.02006
   0.35398	   0.02002
   0.34588	   0.01998
   0.33778	   0.01994
   0.32968	   0.01990
   0.32163	   0.01986
   0.31360	   0.01979
   0.30552	   0.01970
   0.29743	   0.01962
   0.28934	   0.01954
   0.28130	   0.01947
   0.27327	   0.01935
   0.26519	   0.01923
   0.25709	   0.01911
   0.24901	   0.01899
   0.24096	   0.01887
   0.23293	   0.01871
   0.22485	   0.01855
   0.21676	   0.01838
   0.20867	   0.01822
   0.20063	   0.01806
   0.19260	   0.01787
   0.18451	   0.01766
   0.17643	   0.01746
   0.16840	   0.01725
   0.16037	   0.01701
   0.15234	   0.01677
   0.14433	   0.01650
   0.13629	   0.01622
   0.12828	   0.01593
   0.12025	   0.01561
   0.11222	   0.01529
   0.10419	   0.01494
   0.09613	   0.01457
   0.08817	   0.01415
   0.08021	   0.01366
   0.07223	   0.01319
   0.06428	   0.01266
   0.05629	   0.01207
   0.04838	   0.01141
   0.04043	   0.01064
   0.03258	   0.00981
   0.02505	   0.00881
   0.01756	   0.00757
   0.01047	   0.00603
   0.00559	   0.00452
   0.00261	   0.00320
   0.00112	   0.00206
   0.00037	   0.00115
   0.00003	   0.00034
   0.00006	  -0.00043
   0.00043	  -0.00125
   0.00124	  -0.00219
   0.00287	  -0.00335
   0.00606	  -0.00468
   0.01122	  -0.00622
   0.01847	  -0.00773
   0.02594	  -0.00894
   0.03351	  -0.00992
   0.04139	  -0.01074
   0.04933	  -0.01149
   0.05725	  -0.01214
   0.06524	  -0.01273
   0.07319	  -0.01325
   0.08116	  -0.01372
   0.08910	  -0.01420
   0.09704	  -0.01461
   0.10506	  -0.01500
   0.11308	  -0.01540
   0.12111	  -0.01575
   0.12918	  -0.01607
   0.13727	  -0.01639
   0.14530	  -0.01672
   0.15324	  -0.01701
   0.16125	  -0.01724
   0.16933	  -0.01748
   0.17743	  -0.01772
   0.18552	  -0.01796
   0.19357	  -0.01821
   0.20152	  -0.01844
   0.20951	  -0.01859
   0.21758	  -0.01875
   0.22568	  -0.01891
   0.23377	  -0.01907
   0.24184	  -0.01924
   0.24981	  -0.01940
   0.25778	  -0.01948
   0.26584	  -0.01956
   0.27394	  -0.01964
   0.28203	  -0.01972
   0.29013	  -0.01980
   0.29822	  -0.01988
   0.30623	  -0.01997
   0.31418	  -0.02001
   0.32220	  -0.02000
   0.33029	  -0.02000
   0.33839	  -0.02000
   0.34650	  -0.02000
   0.35460	  -0.02000
   0.36270	  -0.02000
   0.37077	  -0.02000
   0.37876	  -0.02000
   0.38672	  -0.01994
   0.39477	  -0.01985
   0.40287	  -0.01977
   0.41096	  -0.01969
   0.41905	  -0.01961
   0.42706	  -0.01954
   0.43501	  -0.01941
   0.44304	  -0.01924
   0.45113	  -0.01908
   0.45923	  -0.01892
   0.46732	  -0.01875
   0.47534	  -0.01860
   0.48329	  -0.01841
   0.49130	  -0.01816
   0.49938	  -0.01792
   0.50746	  -0.01768
   0.51553	  -0.01744
   0.52358	  -0.01718
   0.53161	  -0.01689
   0.53967	  -0.01656
   0.54777	  -0.01624
   0.55583	  -0.01592
   0.56386	  -0.01558
   0.57192	  -0.01521
   0.58001	  -0.01485
   0.58805	  -0.01449
   0.59608	  -0.01410
   0.60414	  -0.01369
   0.61223	  -0.01329
   0.62031	  -0.01288
   0.62835	  -0.01249
   0.63637	  -0.01205
   0.64443	  -0.01161
   0.65252	  -0.01116
   0.66062	  -0.01072
   0.66871	  -0.01027
   0.67681	  -0.00983
   0.68491	  -0.00938
   0.69301	  -0.00893
   0.70110	  -0.00849
   0.70920	  -0.00804
   0.71730	  -0.00760
   0.72540	  -0.00715
   0.73349	  -0.00671
   0.74159	  -0.00626
   0.74968	  -0.00582
   0.75777	  -0.00537
   0.76582	  -0.00493
   0.77383	  -0.00451
   0.78186	  -0.00411
   0.78987	  -0.00371
   0.79789	  -0.00334
   0.80592	  -0.00298
   0.81393	  -0.00264
   0.82196	  -0.00232
   0.83000	  -0.00200
   0.83804	  -0.00171
   0.84609	  -0.00146
   0.85412	  -0.00124
   0.86218	  -0.00104
   0.87022	  -0.00084
   0.87826	  -0.00068
   0.88632	  -0.00055
   0.89438	  -0.00045
   0.90237	  -0.00039
   0.91039	  -0.00040
   0.91847	  -0.00044
   0.92651	  -0.00051
   0.93450	  -0.00063
   0.94249	  -0.00082
   0.95051	  -0.00107
   0.95846	  -0.00138
   0.96640	  -0.00179
   0.97439	  -0.00227
   0.98228	  -0.00282
   0.99019	  -0.00347
   0.99670	  -0.00404
   1.00000	  -0.00435
