NASA-LANGLEY RC-08(B)3
   1.00000	   0.00130
   0.99662	   0.00168
   0.99108	   0.00229
   0.98488	   0.00299
   0.97792	   0.00377
   0.97015	   0.00464
   0.96172	   0.00559
   0.95293	   0.00659
   0.94409	   0.00761
   0.93538	   0.00865
   0.92675	   0.00970
   0.91813	   0.01078
   0.90944	   0.01187
   0.90066	   0.01298
   0.89183	   0.01408
   0.88297	   0.01518
   0.87411	   0.01627
   0.86527	   0.01735
   0.85643	   0.01843
   0.84760	   0.01950
   0.83879	   0.02056
   0.82998	   0.02162
   0.82118	   0.02265
   0.81238	   0.02368
   0.80358	   0.02469
   0.79477	   0.02569
   0.78597	   0.02668
   0.77717	   0.02765
   0.76838	   0.02860
   0.75958	   0.02954
   0.75079	   0.03047
   0.74200	   0.03137
   0.73322	   0.03226
   0.72443	   0.03313
   0.71564	   0.03399
   0.70686	   0.03482
   0.69807	   0.03563
   0.68928	   0.03643
   0.68050	   0.03720
   0.67171	   0.03796
   0.66292	   0.03870
   0.65413	   0.03941
   0.64534	   0.04011
   0.63655	   0.04079
   0.62776	   0.04144
   0.61898	   0.04207
   0.61019	   0.04268
   0.60141	   0.04327
   0.59262	   0.04384
   0.58383	   0.04439
   0.57504	   0.04491
   0.56625	   0.04541
   0.55746	   0.04589
   0.54866	   0.04635
   0.53986	   0.04678
   0.53107	   0.04719
   0.52227	   0.04758
   0.51347	   0.04795
   0.50468	   0.04830
   0.49588	   0.04862
   0.48708	   0.04893
   0.47828	   0.04920
   0.46948	   0.04946
   0.46067	   0.04970
   0.45186	   0.04991
   0.44304	   0.05011
   0.43423	   0.05028
   0.42542	   0.05043
   0.41661	   0.05056
   0.40781	   0.05067
   0.39901	   0.05076
   0.39021	   0.05082
   0.38141	   0.05086
   0.37262	   0.05088
   0.36382	   0.05087
   0.35501	   0.05084
   0.34621	   0.05079
   0.33741	   0.05071
   0.32861	   0.05062
   0.31982	   0.05050
   0.31104	   0.05035
   0.30226	   0.05018
   0.29350	   0.04998
   0.28474	   0.04975
   0.27598	   0.04949
   0.26723	   0.04920
   0.25849	   0.04888
   0.24975	   0.04853
   0.24102	   0.04815
   0.23230	   0.04773
   0.22359	   0.04728
   0.21489	   0.04679
   0.20620	   0.04626
   0.19753	   0.04570
   0.18889	   0.04509
   0.18028	   0.04444
   0.17169	   0.04375
   0.16310	   0.04299
   0.15452	   0.04219
   0.14595	   0.04133
   0.13741	   0.04042
   0.12891	   0.03946
   0.12047	   0.03844
   0.11209	   0.03735
   0.10376	   0.03619
   0.09547	   0.03494
   0.08724	   0.03362
   0.07908	   0.03221
   0.07103	   0.03071
   0.06316	   0.02912
   0.05553	   0.02745
   0.04819	   0.02570
   0.04114	   0.02387
   0.03444	   0.02197
   0.02842	   0.02006
   0.02334	   0.01827
   0.01917	   0.01664
   0.01572	   0.01513
   0.01278	   0.01369
   0.01023	   0.01230
   0.00801	   0.01092
   0.00615	   0.00957
   0.00463	   0.00825
   0.00340	   0.00701
   0.00241	   0.00583
   0.00162	   0.00472
   0.00101	   0.00368
   0.00056	   0.00269
   0.00024	   0.00173
   0.00005	   0.00080
   0.00000	  -0.00013
   0.00008	  -0.00105
   0.00029	  -0.00199
   0.00063	  -0.00294
   0.00111	  -0.00392
   0.00174	  -0.00491
   0.00254	  -0.00593
   0.00354	  -0.00693
   0.00477	  -0.00790
   0.00628	  -0.00883
   0.00813	  -0.00970
   0.01037	  -0.01053
   0.01303	  -0.01137
   0.01617	  -0.01228
   0.01990	  -0.01324
   0.02430	  -0.01424
   0.02946	  -0.01523
   0.03547	  -0.01619
   0.04230	  -0.01712
   0.04979	  -0.01800
   0.05771	  -0.01883
   0.06585	  -0.01958
   0.07415	  -0.02025
   0.08260	  -0.02087
   0.09118	  -0.02144
   0.09983	  -0.02197
   0.10851	  -0.02245
   0.11721	  -0.02291
   0.12593	  -0.02332
   0.13469	  -0.02371
   0.14349	  -0.02407
   0.15231	  -0.02442
   0.16115	  -0.02475
   0.16999	  -0.02507
   0.17882	  -0.02536
   0.18765	  -0.02565
   0.19647	  -0.02591
   0.20528	  -0.02615
   0.21408	  -0.02638
   0.22288	  -0.02660
   0.23167	  -0.02682
   0.24045	  -0.02707
   0.24922	  -0.02733
   0.25797	  -0.02759
   0.26671	  -0.02783
   0.27544	  -0.02805
   0.28417	  -0.02823
   0.29290	  -0.02838
   0.30163	  -0.02850
   0.31038	  -0.02858
   0.31915	  -0.02864
   0.32793	  -0.02869
   0.33672	  -0.02874
   0.34552	  -0.02880
   0.35434	  -0.02889
   0.36316	  -0.02898
   0.37199	  -0.02907
   0.38082	  -0.02915
   0.38967	  -0.02922
   0.39854	  -0.02927
   0.40741	  -0.02931
   0.41630	  -0.02934
   0.42520	  -0.02936
   0.43409	  -0.02938
   0.44299	  -0.02939
   0.45188	  -0.02939
   0.46077	  -0.02938
   0.46965	  -0.02937
   0.47854	  -0.02934
   0.48742	  -0.02931
   0.49630	  -0.02927
   0.50518	  -0.02922
   0.51406	  -0.02915
   0.52294	  -0.02908
   0.53183	  -0.02900
   0.54071	  -0.02891
   0.54959	  -0.02881
   0.55847	  -0.02870
   0.56735	  -0.02858
   0.57623	  -0.02846
   0.58510	  -0.02832
   0.59398	  -0.02817
   0.60285	  -0.02801
   0.61172	  -0.02784
   0.62059	  -0.02766
   0.62945	  -0.02747
   0.63831	  -0.02726
   0.64717	  -0.02704
   0.65603	  -0.02681
   0.66489	  -0.02657
   0.67375	  -0.02631
   0.68260	  -0.02604
   0.69145	  -0.02576
   0.70030	  -0.02546
   0.70914	  -0.02515
   0.71798	  -0.02483
   0.72681	  -0.02448
   0.73563	  -0.02412
   0.74445	  -0.02374
   0.75326	  -0.02334
   0.76208	  -0.02293
   0.77088	  -0.02249
   0.77968	  -0.02203
   0.78848	  -0.02156
   0.79727	  -0.02106
   0.80606	  -0.02054
   0.81483	  -0.01999
   0.82360	  -0.01942
   0.83236	  -0.01882
   0.84110	  -0.01820
   0.84982	  -0.01755
   0.85854	  -0.01687
   0.86725	  -0.01616
   0.87597	  -0.01542
   0.88471	  -0.01464
   0.89346	  -0.01383
   0.90219	  -0.01299
   0.91085	  -0.01213
   0.91940	  -0.01124
   0.92785	  -0.01031
   0.93628	  -0.00932
   0.94480	  -0.00825
   0.95344	  -0.00711
   0.96207	  -0.00593
   0.97037	  -0.00477
   0.97805	  -0.00368
   0.98496	  -0.00269
   0.99112	  -0.00180
   0.99664	  -0.00099
   1.00000	  -0.00050
