NPL 9660
   1.00000	   0.00130
   0.99588	   0.00194
   0.98950	   0.00203
   0.98273	   0.00209
   0.97583	   0.00229
   0.96898	   0.00265
   0.96220	   0.00329
   0.95534	   0.00432
   0.94812	   0.00566
   0.94032	   0.00720
   0.93179	   0.00874
   0.92255	   0.01028
   0.91271	   0.01186
   0.90240	   0.01352
   0.89176	   0.01524
   0.88095	   0.01697
   0.87009	   0.01868
   0.85923	   0.02035
   0.84833	   0.02195
   0.83731	   0.02351
   0.82612	   0.02504
   0.81481	   0.02657
   0.80346	   0.02810
   0.79219	   0.02961
   0.78102	   0.03106
   0.76991	   0.03245
   0.75878	   0.03378
   0.74759	   0.03508
   0.73629	   0.03635
   0.72488	   0.03762
   0.71337	   0.03887
   0.70181	   0.04012
   0.69023	   0.04136
   0.67867	   0.04259
   0.66715	   0.04380
   0.65567	   0.04499
   0.64425	   0.04615
   0.63286	   0.04729
   0.62150	   0.04838
   0.61013	   0.04945
   0.59873	   0.05048
   0.58729	   0.05149
   0.57583	   0.05248
   0.56436	   0.05346
   0.55291	   0.05440
   0.54148	   0.05533
   0.53007	   0.05622
   0.51869	   0.05708
   0.50732	   0.05790
   0.49596	   0.05870
   0.48461	   0.05946
   0.47327	   0.06018
   0.46195	   0.06087
   0.45065	   0.06152
   0.43936	   0.06213
   0.42808	   0.06270
   0.41680	   0.06323
   0.40555	   0.06373
   0.39436	   0.06417
   0.38326	   0.06457
   0.37221	   0.06490
   0.36117	   0.06517
   0.35009	   0.06537
   0.33899	   0.06554
   0.32798	   0.06566
   0.31711	   0.06572
   0.30626	   0.06569
   0.29533	   0.06558
   0.28440	   0.06544
   0.27367	   0.06525
   0.26322	   0.06496
   0.25284	   0.06451
   0.24248	   0.06401
   0.23227	   0.06358
   0.22219	   0.06312
   0.21204	   0.06251
   0.20182	   0.06181
   0.19169	   0.06106
   0.18174	   0.06024
   0.17207	   0.05938
   0.16277	   0.05848
   0.15398	   0.05755
   0.14571	   0.05658
   0.13806	   0.05565
   0.13108	   0.05474
   0.12475	   0.05386
   0.11904	   0.05304
   0.11392	   0.05224
   0.10930	   0.05146
   0.10513	   0.05074
   0.10135	   0.05008
   0.09792	   0.04944
   0.09478	   0.04886
   0.09191	   0.04824
   0.08924	   0.04773
   0.08669	   0.04745
   0.08430	   0.04688
   0.08197	   0.04615
   0.07954	   0.04575
   0.07705	   0.04523
   0.07451	   0.04448
   0.07185	   0.04369
   0.06902	   0.04296
   0.06605	   0.04218
   0.06294	   0.04129
   0.05969	   0.04033
   0.05634	   0.03930
   0.05292	   0.03819
   0.04946	   0.03702
   0.04601	   0.03579
   0.04261	   0.03450
   0.03928	   0.03318
   0.03607	   0.03183
   0.03300	   0.03047
   0.03008	   0.02911
   0.02731	   0.02775
   0.02470	   0.02642
   0.02226	   0.02510
   0.01997	   0.02380
   0.01783	   0.02252
   0.01583	   0.02126
   0.01396	   0.02002
   0.01219	   0.01883
   0.01056	   0.01765
   0.00907	   0.01646
   0.00771	   0.01524
   0.00646	   0.01401
   0.00529	   0.01281
   0.00422	   0.01160
   0.00329	   0.01034
   0.00250	   0.00906
   0.00184	   0.00777
   0.00128	   0.00648
   0.00084	   0.00518
   0.00049	   0.00390
   0.00024	   0.00263
   0.00008	   0.00136
   0.00000	   0.00011
   0.00002	  -0.00114
   0.00018	  -0.00238
   0.00048	  -0.00361
   0.00087	  -0.00483
   0.00131	  -0.00606
   0.00185	  -0.00725
   0.00250	  -0.00840
   0.00327	  -0.00952
   0.00413	  -0.01059
   0.00512	  -0.01155
   0.00625	  -0.01237
   0.00750	  -0.01307
   0.00878	  -0.01380
   0.01004	  -0.01466
   0.01130	  -0.01560
   0.01263	  -0.01652
   0.01410	  -0.01736
   0.01572	  -0.01810
   0.01748	  -0.01880
   0.01937	  -0.01949
   0.02137	  -0.02019
   0.02350	  -0.02086
   0.02581	  -0.02148
   0.02831	  -0.02205
   0.03104	  -0.02260
   0.03401	  -0.02315
   0.03725	  -0.02375
   0.04081	  -0.02438
   0.04473	  -0.02502
   0.04909	  -0.02566
   0.05398	  -0.02636
   0.05945	  -0.02712
   0.06558	  -0.02793
   0.07242	  -0.02882
   0.08000	  -0.02977
   0.08828	  -0.03078
   0.09721	  -0.03184
   0.10672	  -0.03291
   0.11674	  -0.03399
   0.12714	  -0.03507
   0.13779	  -0.03615
   0.14856	  -0.03719
   0.15942	  -0.03819
   0.17039	  -0.03914
   0.18143	  -0.04005
   0.19251	  -0.04091
   0.20360	  -0.04172
   0.21470	  -0.04248
   0.22581	  -0.04320
   0.23693	  -0.04386
   0.24805	  -0.04446
   0.25918	  -0.04501
   0.27033	  -0.04552
   0.28149	  -0.04598
   0.29261	  -0.04638
   0.30370	  -0.04673
   0.31484	  -0.04701
   0.32603	  -0.04725
   0.33721	  -0.04745
   0.34834	  -0.04760
   0.35944	  -0.04769
   0.37052	  -0.04772
   0.38163	  -0.04769
   0.39278	  -0.04760
   0.40400	  -0.04746
   0.41526	  -0.04728
   0.42654	  -0.04706
   0.43784	  -0.04680
   0.44914	  -0.04649
   0.46046	  -0.04615
   0.47180	  -0.04577
   0.48315	  -0.04536
   0.49452	  -0.04491
   0.50590	  -0.04442
   0.51729	  -0.04391
   0.52869	  -0.04336
   0.54011	  -0.04278
   0.55156	  -0.04217
   0.56304	  -0.04154
   0.57453	  -0.04088
   0.58601	  -0.04020
   0.59747	  -0.03950
   0.60889	  -0.03878
   0.62029	  -0.03803
   0.63168	  -0.03724
   0.64309	  -0.03642
   0.65455	  -0.03557
   0.66605	  -0.03469
   0.67760	  -0.03380
   0.68919	  -0.03289
   0.70080	  -0.03196
   0.71239	  -0.03103
   0.72393	  -0.03009
   0.73537	  -0.02914
   0.74670	  -0.02817
   0.75792	  -0.02718
   0.76908	  -0.02615
   0.78023	  -0.02507
   0.79143	  -0.02392
   0.80274	  -0.02273
   0.81412	  -0.02151
   0.82548	  -0.02029
   0.83670	  -0.01906
   0.84776	  -0.01780
   0.85870	  -0.01650
   0.86960	  -0.01513
   0.88051	  -0.01372
   0.89136	  -0.01228
   0.90204	  -0.01086
   0.91240	  -0.00947
   0.92228	  -0.00816
   0.93156	  -0.00687
   0.94014	  -0.00557
   0.94798	  -0.00425
   0.95523	  -0.00310
   0.96213	  -0.00226
   0.96893	  -0.00180
   0.97579	  -0.00162
   0.98269	  -0.00162
   0.98947	  -0.00174
   0.99586	  -0.00183
   1.00000	  -0.00130
