ONERA NACA CAMBRE
   1.00000	   0.00120
   0.99637	   0.00174
   0.99043	   0.00262
   0.98378	   0.00362
   0.97635	   0.00473
   0.96814	   0.00597
   0.95929	   0.00730
   0.95000	   0.00870
   0.94047	   0.01014
   0.93085	   0.01157
   0.92124	   0.01298
   0.91164	   0.01434
   0.90201	   0.01566
   0.89235	   0.01696
   0.88264	   0.01827
   0.87292	   0.01960
   0.86322	   0.02095
   0.85354	   0.02228
   0.84382	   0.02356
   0.83400	   0.02481
   0.82408	   0.02606
   0.81404	   0.02732
   0.80394	   0.02859
   0.79382	   0.02986
   0.78372	   0.03113
   0.77365	   0.03239
   0.76361	   0.03362
   0.75360	   0.03484
   0.74361	   0.03604
   0.73363	   0.03721
   0.72364	   0.03836
   0.71364	   0.03948
   0.70361	   0.04059
   0.69354	   0.04169
   0.68344	   0.04278
   0.67329	   0.04387
   0.66311	   0.04495
   0.65292	   0.04603
   0.64276	   0.04710
   0.63268	   0.04816
   0.62270	   0.04920
   0.61280	   0.05019
   0.60291	   0.05115
   0.59298	   0.05207
   0.58297	   0.05299
   0.57289	   0.05390
   0.56280	   0.05482
   0.55276	   0.05572
   0.54279	   0.05660
   0.53287	   0.05745
   0.52297	   0.05826
   0.51305	   0.05903
   0.50310	   0.05979
   0.49309	   0.06052
   0.48303	   0.06123
   0.47292	   0.06193
   0.46277	   0.06261
   0.45262	   0.06328
   0.44251	   0.06395
   0.43248	   0.06459
   0.42254	   0.06520
   0.41270	   0.06577
   0.40293	   0.06629
   0.39320	   0.06676
   0.38350	   0.06719
   0.37377	   0.06757
   0.36399	   0.06791
   0.35409	   0.06821
   0.34410	   0.06848
   0.33406	   0.06874
   0.32412	   0.06899
   0.31439	   0.06920
   0.30478	   0.06933
   0.29514	   0.06938
   0.28541	   0.06939
   0.27562	   0.06935
   0.26582	   0.06927
   0.25608	   0.06915
   0.24644	   0.06898
   0.23689	   0.06876
   0.22744	   0.06848
   0.21803	   0.06812
   0.20863	   0.06768
   0.19923	   0.06718
   0.18985	   0.06660
   0.18051	   0.06597
   0.17132	   0.06528
   0.16233	   0.06452
   0.15350	   0.06366
   0.14475	   0.06267
   0.13604	   0.06158
   0.12741	   0.06040
   0.11892	   0.05913
   0.11067	   0.05778
   0.10270	   0.05634
   0.09496	   0.05478
   0.08743	   0.05311
   0.08015	   0.05137
   0.07321	   0.04956
   0.06667	   0.04771
   0.06055	   0.04581
   0.05484	   0.04387
   0.04954	   0.04190
   0.04466	   0.03991
   0.04019	   0.03791
   0.03606	   0.03587
   0.03225	   0.03384
   0.02874	   0.03186
   0.02553	   0.02995
   0.02263	   0.02812
   0.02001	   0.02636
   0.01763	   0.02466
   0.01548	   0.02304
   0.01352	   0.02147
   0.01174	   0.01997
   0.01012	   0.01853
   0.00865	   0.01714
   0.00731	   0.01578
   0.00610	   0.01443
   0.00501	   0.01310
   0.00405	   0.01180
   0.00320	   0.01053
   0.00247	   0.00929
   0.00184	   0.00808
   0.00131	   0.00690
   0.00087	   0.00574
   0.00053	   0.00461
   0.00026	   0.00349
   0.00009	   0.00239
  -0.00001	   0.00130
  -0.00001	   0.00021
   0.00008	  -0.00088
   0.00025	  -0.00197
   0.00052	  -0.00306
   0.00087	  -0.00415
   0.00131	  -0.00524
   0.00185	  -0.00633
   0.00249	  -0.00742
   0.00323	  -0.00849
   0.00408	  -0.00954
   0.00506	  -0.01055
   0.00615	  -0.01150
   0.00738	  -0.01239
   0.00874	  -0.01322
   0.01022	  -0.01400
   0.01184	  -0.01474
   0.01360	  -0.01544
   0.01552	  -0.01612
   0.01763	  -0.01677
   0.01994	  -0.01743
   0.02247	  -0.01809
   0.02524	  -0.01877
   0.02827	  -0.01945
   0.03162	  -0.02013
   0.03530	  -0.02084
   0.03936	  -0.02159
   0.04376	  -0.02241
   0.04844	  -0.02325
   0.05338	  -0.02402
   0.05855	  -0.02479
   0.06391	  -0.02571
   0.06947	  -0.02667
   0.07532	  -0.02747
   0.08162	  -0.02817
   0.08846	  -0.02896
   0.09583	  -0.02991
   0.10373	  -0.03091
   0.11220	  -0.03188
   0.12117	  -0.03285
   0.13045	  -0.03384
   0.13984	  -0.03480
   0.14932	  -0.03572
   0.15890	  -0.03660
   0.16852	  -0.03747
   0.17808	  -0.03835
   0.18755	  -0.03926
   0.19699	  -0.04013
   0.20642	  -0.04093
   0.21588	  -0.04166
   0.22540	  -0.04232
   0.23497	  -0.04292
   0.24458	  -0.04347
   0.25425	  -0.04397
   0.26396	  -0.04442
   0.27373	  -0.04483
   0.28352	  -0.04520
   0.29325	  -0.04552
   0.30289	  -0.04579
   0.31251	  -0.04599
   0.32224	  -0.04611
   0.33218	  -0.04620
   0.34222	  -0.04628
   0.35222	  -0.04634
   0.36212	  -0.04638
   0.37191	  -0.04637
   0.38164	  -0.04631
   0.39135	  -0.04621
   0.40109	  -0.04607
   0.41087	  -0.04588
   0.42073	  -0.04565
   0.43069	  -0.04537
   0.44073	  -0.04507
   0.45086	  -0.04475
   0.46103	  -0.04442
   0.47119	  -0.04408
   0.48132	  -0.04372
   0.49140	  -0.04335
   0.50142	  -0.04296
   0.51140	  -0.04254
   0.52133	  -0.04210
   0.53126	  -0.04162
   0.54120	  -0.04111
   0.55120	  -0.04057
   0.56126	  -0.04001
   0.57138	  -0.03943
   0.58148	  -0.03886
   0.59152	  -0.03829
   0.60147	  -0.03769
   0.61139	  -0.03707
   0.62132	  -0.03641
   0.63133	  -0.03572
   0.64143	  -0.03500
   0.65162	  -0.03427
   0.66185	  -0.03353
   0.67206	  -0.03280
   0.68224	  -0.03205
   0.69237	  -0.03131
   0.70247	  -0.03055
   0.71253	  -0.02978
   0.72257	  -0.02899
   0.73259	  -0.02818
   0.74260	  -0.02735
   0.75263	  -0.02649
   0.76267	  -0.02561
   0.77274	  -0.02471
   0.78285	  -0.02380
   0.79299	  -0.02287
   0.80315	  -0.02194
   0.81329	  -0.02101
   0.82336	  -0.02009
   0.83332	  -0.01918
   0.84317	  -0.01826
   0.85293	  -0.01731
   0.86265	  -0.01631
   0.87239	  -0.01529
   0.88215	  -0.01429
   0.89190	  -0.01331
   0.90160	  -0.01233
   0.91126	  -0.01134
   0.92091	  -0.01030
   0.93056	  -0.00922
   0.94022	  -0.00811
   0.94979	  -0.00700
   0.95913	  -0.00591
   0.96801	  -0.00488
   0.97625	  -0.00392
   0.98371	  -0.00306
   0.99039	  -0.00230
   0.99636	  -0.00161
   1.00000	  -0.00120
