PROFILE12A 9,00%
   1.00000	   0.00000
   0.99672	   0.00058
   0.99071	   0.00172
   0.98356	   0.00316
   0.97580	   0.00474
   0.96783	   0.00631
   0.95974	   0.00781
   0.95155	   0.00925
   0.94324	   0.01064
   0.93483	   0.01199
   0.92633	   0.01330
   0.91778	   0.01459
   0.90921	   0.01586
   0.90062	   0.01711
   0.89202	   0.01834
   0.88343	   0.01954
   0.87483	   0.02073
   0.86622	   0.02189
   0.85761	   0.02304
   0.84898	   0.02417
   0.84034	   0.02529
   0.83168	   0.02639
   0.82302	   0.02748
   0.81436	   0.02855
   0.80570	   0.02962
   0.79704	   0.03066
   0.78839	   0.03170
   0.77974	   0.03271
   0.77110	   0.03371
   0.76245	   0.03469
   0.75380	   0.03566
   0.74514	   0.03661
   0.73648	   0.03755
   0.72781	   0.03847
   0.71914	   0.03938
   0.71046	   0.04027
   0.70177	   0.04116
   0.69308	   0.04203
   0.68439	   0.04288
   0.67570	   0.04373
   0.66701	   0.04456
   0.65831	   0.04539
   0.64963	   0.04619
   0.64094	   0.04699
   0.63225	   0.04777
   0.62357	   0.04854
   0.61489	   0.04929
   0.60621	   0.05003
   0.59753	   0.05075
   0.58885	   0.05145
   0.58016	   0.05214
   0.57148	   0.05281
   0.56280	   0.05347
   0.55411	   0.05411
   0.54543	   0.05473
   0.53675	   0.05533
   0.52807	   0.05592
   0.51940	   0.05649
   0.51073	   0.05703
   0.50207	   0.05756
   0.49340	   0.05806
   0.48474	   0.05854
   0.47609	   0.05900
   0.46743	   0.05944
   0.45877	   0.05985
   0.45010	   0.06024
   0.44144	   0.06061
   0.43278	   0.06095
   0.42412	   0.06127
   0.41547	   0.06157
   0.40682	   0.06183
   0.39817	   0.06208
   0.38952	   0.06229
   0.38089	   0.06248
   0.37225	   0.06264
   0.36362	   0.06276
   0.35499	   0.06286
   0.34637	   0.06293
   0.33775	   0.06296
   0.32914	   0.06296
   0.32053	   0.06293
   0.31193	   0.06286
   0.30333	   0.06276
   0.29474	   0.06262
   0.28616	   0.06244
   0.27758	   0.06223
   0.26902	   0.06197
   0.26046	   0.06167
   0.25192	   0.06133
   0.24338	   0.06094
   0.23486	   0.06051
   0.22635	   0.06003
   0.21785	   0.05950
   0.20936	   0.05892
   0.20090	   0.05829
   0.19245	   0.05760
   0.18403	   0.05686
   0.17563	   0.05605
   0.16726	   0.05518
   0.15891	   0.05424
   0.15058	   0.05324
   0.14229	   0.05216
   0.13403	   0.05101
   0.12582	   0.04978
   0.11766	   0.04847
   0.10956	   0.04707
   0.10151	   0.04558
   0.09352	   0.04399
   0.08560	   0.04229
   0.07778	   0.04048
   0.07009	   0.03857
   0.06257	   0.03654
   0.05522	   0.03440
   0.04805	   0.03211
   0.04109	   0.02969
   0.03450	   0.02716
   0.02848	   0.02462
   0.02316	   0.02211
   0.01854	   0.01967
   0.01456	   0.01731
   0.01123	   0.01511
   0.00853	   0.01317
   0.00638	   0.01149
   0.00467	   0.01000
   0.00333	   0.00864
   0.00228	   0.00736
   0.00147	   0.00614
   0.00083	   0.00497
   0.00035	   0.00385
   0.00002	   0.00280
  -0.00015	   0.00182
  -0.00016	   0.00090
  -0.00001	   0.00003
   0.00034	  -0.00080
   0.00088	  -0.00160
   0.00163	  -0.00240
   0.00261	  -0.00323
   0.00385	  -0.00410
   0.00537	  -0.00502
   0.00723	  -0.00599
   0.00948	  -0.00701
   0.01219	  -0.00811
   0.01547	  -0.00932
   0.01947	  -0.01063
   0.02432	  -0.01199
   0.03008	  -0.01335
   0.03669	  -0.01467
   0.04393	  -0.01593
   0.05156	  -0.01711
   0.05938	  -0.01816
   0.06736	  -0.01911
   0.07548	  -0.01997
   0.08373	  -0.02074
   0.09208	  -0.02144
   0.10049	  -0.02207
   0.10893	  -0.02264
   0.11741	  -0.02316
   0.12593	  -0.02363
   0.13447	  -0.02406
   0.14304	  -0.02445
   0.15164	  -0.02480
   0.16025	  -0.02512
   0.16888	  -0.02540
   0.17752	  -0.02566
   0.18617	  -0.02589
   0.19483	  -0.02609
   0.20350	  -0.02628
   0.21219	  -0.02644
   0.22088	  -0.02658
   0.22958	  -0.02670
   0.23829	  -0.02681
   0.24699	  -0.02690
   0.25570	  -0.02697
   0.26441	  -0.02702
   0.27313	  -0.02707
   0.28185	  -0.02709
   0.29058	  -0.02711
   0.29931	  -0.02711
   0.30804	  -0.02710
   0.31678	  -0.02708
   0.32552	  -0.02704
   0.33427	  -0.02700
   0.34301	  -0.02695
   0.35175	  -0.02689
   0.36050	  -0.02681
   0.36924	  -0.02673
   0.37798	  -0.02664
   0.38673	  -0.02654
   0.39547	  -0.02642
   0.40422	  -0.02630
   0.41296	  -0.02617
   0.42171	  -0.02603
   0.43046	  -0.02588
   0.43921	  -0.02573
   0.44796	  -0.02556
   0.45671	  -0.02539
   0.46546	  -0.02521
   0.47420	  -0.02501
   0.48294	  -0.02481
   0.49168	  -0.02460
   0.50042	  -0.02438
   0.50916	  -0.02415
   0.51789	  -0.02390
   0.52663	  -0.02365
   0.53536	  -0.02339
   0.54409	  -0.02311
   0.55282	  -0.02282
   0.56155	  -0.02253
   0.57027	  -0.02221
   0.57899	  -0.02189
   0.58770	  -0.02155
   0.59639	  -0.02119
   0.60507	  -0.02081
   0.61373	  -0.02041
   0.62237	  -0.01999
   0.63100	  -0.01955
   0.63961	  -0.01907
   0.64822	  -0.01857
   0.65682	  -0.01803
   0.66543	  -0.01746
   0.67404	  -0.01687
   0.68267	  -0.01625
   0.69132	  -0.01560
   0.69998	  -0.01493
   0.70867	  -0.01425
   0.71738	  -0.01354
   0.72611	  -0.01283
   0.73486	  -0.01211
   0.74361	  -0.01139
   0.75236	  -0.01068
   0.76111	  -0.00996
   0.76984	  -0.00926
   0.77856	  -0.00857
   0.78727	  -0.00788
   0.79598	  -0.00721
   0.80468	  -0.00656
   0.81337	  -0.00591
   0.82206	  -0.00528
   0.83075	  -0.00467
   0.83942	  -0.00408
   0.84808	  -0.00351
   0.85672	  -0.00296
   0.86536	  -0.00244
   0.87398	  -0.00195
   0.88259	  -0.00149
   0.89119	  -0.00106
   0.89979	  -0.00067
   0.90837	  -0.00031
   0.91695	   0.00001
   0.92551	   0.00029
   0.93406	   0.00052
   0.94257	   0.00071
   0.95105	   0.00085
   0.95946	   0.00093
   0.96776	   0.00094
   0.97587	   0.00088
   0.98360	   0.00073
   0.99067	   0.00051
   0.99669	   0.00022
   1.00000	   0.00000
