PSU 90-1
   1.00000	   0.00000
   0.99640	   0.00063
   0.99036	   0.00182
   0.98352	   0.00330
   0.97596	   0.00501
   0.96785	   0.00687
   0.95944	   0.00877
   0.95088	   0.01065
   0.94224	   0.01249
   0.93350	   0.01430
   0.92464	   0.01609
   0.91568	   0.01788
   0.90665	   0.01965
   0.89758	   0.02142
   0.88849	   0.02319
   0.87938	   0.02495
   0.87027	   0.02671
   0.86116	   0.02846
   0.85205	   0.03020
   0.84294	   0.03194
   0.83382	   0.03367
   0.82471	   0.03540
   0.81559	   0.03712
   0.80648	   0.03883
   0.79738	   0.04053
   0.78828	   0.04222
   0.77919	   0.04390
   0.77011	   0.04557
   0.76103	   0.04722
   0.75195	   0.04886
   0.74288	   0.05048
   0.73381	   0.05209
   0.72474	   0.05367
   0.71569	   0.05524
   0.70664	   0.05679
   0.69760	   0.05831
   0.68857	   0.05981
   0.67957	   0.06128
   0.67058	   0.06271
   0.66161	   0.06411
   0.65267	   0.06547
   0.64374	   0.06678
   0.63482	   0.06805
   0.62592	   0.06927
   0.61702	   0.07044
   0.60813	   0.07157
   0.59923	   0.07265
   0.59032	   0.07367
   0.58140	   0.07465
   0.57246	   0.07559
   0.56350	   0.07648
   0.55452	   0.07733
   0.54553	   0.07813
   0.53652	   0.07890
   0.52750	   0.07964
   0.51848	   0.08033
   0.50945	   0.08098
   0.50043	   0.08160
   0.49140	   0.08217
   0.48238	   0.08271
   0.47335	   0.08320
   0.46432	   0.08366
   0.45529	   0.08408
   0.44626	   0.08446
   0.43723	   0.08480
   0.42820	   0.08510
   0.41917	   0.08535
   0.41014	   0.08557
   0.40111	   0.08575
   0.39210	   0.08588
   0.38308	   0.08597
   0.37408	   0.08602
   0.36508	   0.08602
   0.35609	   0.08598
   0.34711	   0.08589
   0.33813	   0.08575
   0.32916	   0.08557
   0.32019	   0.08533
   0.31123	   0.08505
   0.30228	   0.08472
   0.29335	   0.08433
   0.28443	   0.08389
   0.27553	   0.08340
   0.26665	   0.08285
   0.25779	   0.08225
   0.24895	   0.08158
   0.24012	   0.08085
   0.23131	   0.08006
   0.22253	   0.07920
   0.21376	   0.07828
   0.20503	   0.07729
   0.19633	   0.07622
   0.18768	   0.07509
   0.17906	   0.07387
   0.17048	   0.07258
   0.16194	   0.07121
   0.15345	   0.06975
   0.14501	   0.06820
   0.13663	   0.06656
   0.12832	   0.06483
   0.12009	   0.06299
   0.11195	   0.06106
   0.10392	   0.05903
   0.09600	   0.05688
   0.08821	   0.05463
   0.08055	   0.05226
   0.07304	   0.04977
   0.06573	   0.04717
   0.05871	   0.04448
   0.05204	   0.04173
   0.04577	   0.03893
   0.03986	   0.03609
   0.03429	   0.03319
   0.02916	   0.03029
   0.02466	   0.02752
   0.02085	   0.02499
   0.01767	   0.02270
   0.01496	   0.02059
   0.01261	   0.01860
   0.01052	   0.01668
   0.00865	   0.01479
   0.00697	   0.01296
   0.00552	   0.01123
   0.00428	   0.00965
   0.00323	   0.00822
   0.00235	   0.00693
   0.00163	   0.00575
   0.00106	   0.00466
   0.00062	   0.00363
   0.00030	   0.00264
   0.00009	   0.00167
   0.00000	   0.00070
   0.00004	  -0.00026
   0.00019	  -0.00125
   0.00046	  -0.00225
   0.00085	  -0.00328
   0.00137	  -0.00433
   0.00204	  -0.00540
   0.00287	  -0.00647
   0.00388	  -0.00752
   0.00511	  -0.00856
   0.00657	  -0.00959
   0.00830	  -0.01061
   0.01032	  -0.01166
   0.01261	  -0.01278
   0.01522	  -0.01400
   0.01820	  -0.01531
   0.02159	  -0.01670
   0.02546	  -0.01814
   0.02988	  -0.01961
   0.03496	  -0.02112
   0.04076	  -0.02264
   0.04727	  -0.02419
   0.05437	  -0.02572
   0.06186	  -0.02718
   0.06959	  -0.02854
   0.07754	  -0.02980
   0.08569	  -0.03096
   0.09403	  -0.03204
   0.10252	  -0.03303
   0.11111	  -0.03394
   0.11978	  -0.03477
   0.12850	  -0.03552
   0.13726	  -0.03621
   0.14607	  -0.03683
   0.15493	  -0.03739
   0.16382	  -0.03789
   0.17275	  -0.03834
   0.18170	  -0.03874
   0.19067	  -0.03909
   0.19966	  -0.03940
   0.20866	  -0.03966
   0.21769	  -0.03988
   0.22673	  -0.04006
   0.23580	  -0.04020
   0.24488	  -0.04031
   0.25397	  -0.04039
   0.26307	  -0.04043
   0.27218	  -0.04045
   0.28130	  -0.04043
   0.29042	  -0.04039
   0.29954	  -0.04031
   0.30868	  -0.04021
   0.31782	  -0.04008
   0.32697	  -0.03993
   0.33612	  -0.03976
   0.34528	  -0.03956
   0.35445	  -0.03934
   0.36361	  -0.03909
   0.37278	  -0.03883
   0.38194	  -0.03854
   0.39111	  -0.03823
   0.40028	  -0.03790
   0.40945	  -0.03755
   0.41863	  -0.03718
   0.42781	  -0.03679
   0.43699	  -0.03638
   0.44617	  -0.03595
   0.45535	  -0.03550
   0.46452	  -0.03503
   0.47368	  -0.03455
   0.48283	  -0.03404
   0.49197	  -0.03351
   0.50111	  -0.03295
   0.51024	  -0.03237
   0.51937	  -0.03177
   0.52850	  -0.03114
   0.53763	  -0.03049
   0.54676	  -0.02982
   0.55590	  -0.02912
   0.56505	  -0.02840
   0.57420	  -0.02766
   0.58336	  -0.02690
   0.59254	  -0.02613
   0.60173	  -0.02533
   0.61094	  -0.02453
   0.62016	  -0.02371
   0.62940	  -0.02288
   0.63865	  -0.02204
   0.64792	  -0.02120
   0.65720	  -0.02035
   0.66647	  -0.01951
   0.67575	  -0.01866
   0.68502	  -0.01782
   0.69428	  -0.01698
   0.70353	  -0.01615
   0.71278	  -0.01532
   0.72202	  -0.01450
   0.73125	  -0.01369
   0.74047	  -0.01289
   0.74968	  -0.01210
   0.75889	  -0.01132
   0.76809	  -0.01055
   0.77728	  -0.00980
   0.78647	  -0.00906
   0.79564	  -0.00834
   0.80482	  -0.00764
   0.81398	  -0.00696
   0.82315	  -0.00629
   0.83231	  -0.00565
   0.84146	  -0.00502
   0.85060	  -0.00442
   0.85974	  -0.00384
   0.86886	  -0.00329
   0.87798	  -0.00276
   0.88707	  -0.00227
   0.89616	  -0.00180
   0.90523	  -0.00137
   0.91427	  -0.00097
   0.92330	  -0.00062
   0.93229	  -0.00030
   0.94123	  -0.00002
   0.95010	   0.00020
   0.95885	   0.00038
   0.96739	   0.00050
   0.97556	   0.00055
   0.98319	   0.00052
   0.99016	   0.00040
   0.99634	   0.00018
   1.00000	   0.00000
