PT40
   1.00000	   0.00136
   0.99557	   0.00246
   0.98858	   0.00421
   0.98112	   0.00601
   0.97320	   0.00786
   0.96484	   0.00976
   0.95605	   0.01170
   0.94685	   0.01367
   0.93729	   0.01565
   0.92738	   0.01765
   0.91717	   0.01965
   0.90669	   0.02165
   0.89596	   0.02365
   0.88503	   0.02564
   0.87393	   0.02762
   0.86268	   0.02960
   0.85130	   0.03157
   0.83981	   0.03352
   0.82825	   0.03546
   0.81662	   0.03738
   0.80494	   0.03930
   0.79322	   0.04119
   0.78147	   0.04306
   0.76971	   0.04492
   0.75794	   0.04675
   0.74617	   0.04856
   0.73441	   0.05035
   0.72265	   0.05211
   0.71091	   0.05383
   0.69918	   0.05553
   0.68747	   0.05720
   0.67579	   0.05884
   0.66414	   0.06043
   0.65252	   0.06199
   0.64092	   0.06351
   0.62937	   0.06498
   0.61783	   0.06641
   0.60633	   0.06778
   0.59484	   0.06911
   0.58337	   0.07039
   0.57191	   0.07162
   0.56045	   0.07279
   0.54899	   0.07392
   0.53753	   0.07500
   0.52607	   0.07604
   0.51462	   0.07703
   0.50317	   0.07797
   0.49174	   0.07886
   0.48033	   0.07970
   0.46894	   0.08049
   0.45758	   0.08123
   0.44625	   0.08191
   0.43495	   0.08254
   0.42369	   0.08311
   0.41247	   0.08361
   0.40128	   0.08405
   0.39013	   0.08443
   0.37900	   0.08474
   0.36791	   0.08497
   0.35684	   0.08514
   0.34578	   0.08524
   0.33474	   0.08526
   0.32372	   0.08521
   0.31270	   0.08509
   0.30169	   0.08490
   0.29069	   0.08465
   0.27972	   0.08432
   0.26877	   0.08393
   0.25786	   0.08348
   0.24702	   0.08297
   0.23625	   0.08240
   0.22559	   0.08177
   0.21506	   0.08108
   0.20469	   0.08033
   0.19450	   0.07953
   0.18454	   0.07868
   0.17482	   0.07776
   0.16538	   0.07680
   0.15625	   0.07577
   0.14744	   0.07470
   0.13897	   0.07358
   0.13085	   0.07240
   0.12310	   0.07118
   0.11571	   0.06991
   0.10869	   0.06860
   0.10202	   0.06726
   0.09570	   0.06587
   0.08972	   0.06446
   0.08406	   0.06301
   0.07871	   0.06154
   0.07365	   0.06004
   0.06887	   0.05852
   0.06435	   0.05699
   0.06008	   0.05546
   0.05603	   0.05392
   0.05221	   0.05238
   0.04858	   0.05086
   0.04515	   0.04935
   0.04190	   0.04786
   0.03881	   0.04640
   0.03589	   0.04497
   0.03311	   0.04357
   0.03049	   0.04219
   0.02800	   0.04083
   0.02565	   0.03948
   0.02341	   0.03814
   0.02131	   0.03681
   0.01932	   0.03548
   0.01746	   0.03413
   0.01572	   0.03277
   0.01410	   0.03138
   0.01259	   0.02996
   0.01120	   0.02851
   0.00991	   0.02704
   0.00872	   0.02555
   0.00762	   0.02405
   0.00662	   0.02254
   0.00571	   0.02102
   0.00488	   0.01950
   0.00413	   0.01798
   0.00346	   0.01647
   0.00286	   0.01496
   0.00233	   0.01346
   0.00186	   0.01197
   0.00145	   0.01050
   0.00110	   0.00904
   0.00080	   0.00760
   0.00055	   0.00617
   0.00035	   0.00477
   0.00019	   0.00339
   0.00009	   0.00202
   0.00005	   0.00068
   0.00000	  -0.00064
  -0.00000	  -0.00194
   0.00005	  -0.00325
   0.00016	  -0.00457
   0.00032	  -0.00592
   0.00051	  -0.00728
   0.00074	  -0.00866
   0.00103	  -0.01005
   0.00137	  -0.01145
   0.00177	  -0.01285
   0.00223	  -0.01426
   0.00275	  -0.01568
   0.00333	  -0.01710
   0.00398	  -0.01852
   0.00469	  -0.01993
   0.00548	  -0.02133
   0.00634	  -0.02272
   0.00727	  -0.02410
   0.00828	  -0.02546
   0.00937	  -0.02680
   0.01055	  -0.02810
   0.01180	  -0.02938
   0.01314	  -0.03061
   0.01458	  -0.03181
   0.01610	  -0.03296
   0.01771	  -0.03405
   0.01942	  -0.03508
   0.02122	  -0.03605
   0.02312	  -0.03694
   0.02512	  -0.03775
   0.02721	  -0.03848
   0.02941	  -0.03911
   0.03172	  -0.03966
   0.03415	  -0.04012
   0.03669	  -0.04050
   0.03937	  -0.04080
   0.04217	  -0.04101
   0.04513	  -0.04115
   0.04826	  -0.04121
   0.05158	  -0.04120
   0.05511	  -0.04113
   0.05888	  -0.04101
   0.06291	  -0.04085
   0.06724	  -0.04065
   0.07190	  -0.04041
   0.07692	  -0.04014
   0.08234	  -0.03984
   0.08820	  -0.03952
   0.09451	  -0.03918
   0.10132	  -0.03883
   0.10867	  -0.03848
   0.11657	  -0.03813
   0.12505	  -0.03776
   0.13411	  -0.03739
   0.14371	  -0.03701
   0.15381	  -0.03661
   0.16436	  -0.03620
   0.17530	  -0.03577
   0.18655	  -0.03534
   0.19806	  -0.03488
   0.20976	  -0.03442
   0.22162	  -0.03395
   0.23360	  -0.03347
   0.24567	  -0.03297
   0.25781	  -0.03248
   0.27000	  -0.03197
   0.28223	  -0.03147
   0.29450	  -0.03095
   0.30680	  -0.03044
   0.31912	  -0.02992
   0.33145	  -0.02940
   0.34380	  -0.02888
   0.35615	  -0.02836
   0.36851	  -0.02784
   0.38087	  -0.02733
   0.39323	  -0.02681
   0.40560	  -0.02629
   0.41796	  -0.02577
   0.43033	  -0.02525
   0.44271	  -0.02474
   0.45508	  -0.02422
   0.46745	  -0.02370
   0.47983	  -0.02319
   0.49220	  -0.02267
   0.50457	  -0.02215
   0.51694	  -0.02164
   0.52930	  -0.02112
   0.54167	  -0.02060
   0.55403	  -0.02008
   0.56640	  -0.01955
   0.57876	  -0.01903
   0.59113	  -0.01851
   0.60349	  -0.01798
   0.61586	  -0.01746
   0.62822	  -0.01693
   0.64059	  -0.01640
   0.65296	  -0.01587
   0.66533	  -0.01534
   0.67770	  -0.01481
   0.69007	  -0.01429
   0.70243	  -0.01376
   0.71479	  -0.01323
   0.72715	  -0.01270
   0.73951	  -0.01217
   0.75185	  -0.01165
   0.76419	  -0.01113
   0.77652	  -0.01060
   0.78884	  -0.01008
   0.80114	  -0.00957
   0.81343	  -0.00905
   0.82569	  -0.00854
   0.83791	  -0.00804
   0.85009	  -0.00753
   0.86220	  -0.00703
   0.87424	  -0.00654
   0.88616	  -0.00605
   0.89794	  -0.00557
   0.90952	  -0.00510
   0.92086	  -0.00464
   0.93188	  -0.00420
   0.94253	  -0.00376
   0.95272	  -0.00334
   0.96241	  -0.00294
   0.97154	  -0.00256
   0.98009	  -0.00220
   0.98804	  -0.00186
   0.99541	  -0.00154
   1.00000	  -0.00135
