R140  12,04% (smoothed)
   1.00000	   0.00000
   0.99670	   0.00050
   0.99121	   0.00131
   0.98496	   0.00223
   0.97782	   0.00326
   0.96984	   0.00439
   0.96147	   0.00556
   0.95313	   0.00671
   0.94470	   0.00788
   0.93633	   0.00905
   0.92798	   0.01024
   0.91957	   0.01144
   0.91111	   0.01266
   0.90265	   0.01389
   0.89418	   0.01512
   0.88573	   0.01635
   0.87728	   0.01759
   0.86883	   0.01882
   0.86039	   0.02005
   0.85195	   0.02127
   0.84352	   0.02248
   0.83510	   0.02367
   0.82668	   0.02485
   0.81826	   0.02601
   0.80983	   0.02715
   0.80140	   0.02828
   0.79296	   0.02940
   0.78452	   0.03051
   0.77608	   0.03160
   0.76763	   0.03267
   0.75919	   0.03374
   0.75074	   0.03479
   0.74229	   0.03583
   0.73382	   0.03686
   0.72535	   0.03788
   0.71687	   0.03890
   0.70840	   0.03991
   0.69993	   0.04091
   0.69147	   0.04190
   0.68301	   0.04288
   0.67454	   0.04385
   0.66606	   0.04481
   0.65758	   0.04576
   0.64910	   0.04671
   0.64063	   0.04764
   0.63216	   0.04856
   0.62370	   0.04947
   0.61524	   0.05037
   0.60678	   0.05125
   0.59832	   0.05212
   0.58985	   0.05297
   0.58139	   0.05380
   0.57294	   0.05462
   0.56449	   0.05542
   0.55605	   0.05619
   0.54762	   0.05693
   0.53918	   0.05765
   0.53075	   0.05835
   0.52232	   0.05901
   0.51389	   0.05964
   0.50547	   0.06024
   0.49705	   0.06081
   0.48863	   0.06134
   0.48022	   0.06184
   0.47181	   0.06230
   0.46340	   0.06271
   0.45499	   0.06309
   0.44657	   0.06343
   0.43816	   0.06373
   0.42975	   0.06399
   0.42135	   0.06420
   0.41295	   0.06437
   0.40456	   0.06449
   0.39618	   0.06457
   0.38780	   0.06459
   0.37942	   0.06456
   0.37104	   0.06449
   0.36265	   0.06436
   0.35427	   0.06418
   0.34588	   0.06396
   0.33750	   0.06368
   0.32911	   0.06336
   0.32073	   0.06300
   0.31234	   0.06258
   0.30394	   0.06213
   0.29553	   0.06163
   0.28711	   0.06109
   0.27869	   0.06052
   0.27027	   0.05991
   0.26186	   0.05928
   0.25346	   0.05860
   0.24506	   0.05789
   0.23666	   0.05714
   0.22827	   0.05635
   0.21988	   0.05553
   0.21151	   0.05467
   0.20315	   0.05377
   0.19482	   0.05283
   0.18651	   0.05183
   0.17823	   0.05078
   0.16998	   0.04967
   0.16175	   0.04850
   0.15353	   0.04726
   0.14534	   0.04594
   0.13716	   0.04456
   0.12899	   0.04310
   0.12080	   0.04157
   0.11259	   0.03997
   0.10436	   0.03832
   0.09615	   0.03662
   0.08798	   0.03488
   0.07984	   0.03308
   0.07178	   0.03123
   0.06384	   0.02932
   0.05606	   0.02732
   0.04843	   0.02520
   0.04102	   0.02295
   0.03390	   0.02054
   0.02711	   0.01797
   0.02080	   0.01529
   0.01529	   0.01269
   0.01095	   0.01041
   0.00773	   0.00853
   0.00534	   0.00697
   0.00355	   0.00559
   0.00225	   0.00437
   0.00133	   0.00330
   0.00070	   0.00234
   0.00028	   0.00145
   0.00005	   0.00060
   0.00001	  -0.00024
   0.00016	  -0.00108
   0.00051	  -0.00195
   0.00105	  -0.00288
   0.00185	  -0.00389
   0.00298	  -0.00503
   0.00454	  -0.00631
   0.00664	  -0.00771
   0.00942	  -0.00931
   0.01316	  -0.01121
   0.01806	  -0.01339
   0.02398	  -0.01569
   0.03061	  -0.01793
   0.03779	  -0.02006
   0.04532	  -0.02207
   0.05307	  -0.02395
   0.06098	  -0.02574
   0.06902	  -0.02745
   0.07712	  -0.02908
   0.08523	  -0.03063
   0.09335	  -0.03210
   0.10150	  -0.03349
   0.10969	  -0.03480
   0.11789	  -0.03604
   0.12612	  -0.03721
   0.13440	  -0.03833
   0.14274	  -0.03940
   0.15112	  -0.04044
   0.15952	  -0.04146
   0.16792	  -0.04244
   0.17634	  -0.04340
   0.18478	  -0.04434
   0.19321	  -0.04526
   0.20161	  -0.04615
   0.21001	  -0.04700
   0.21840	  -0.04782
   0.22681	  -0.04861
   0.23521	  -0.04936
   0.24360	  -0.05007
   0.25198	  -0.05075
   0.26036	  -0.05137
   0.26874	  -0.05196
   0.27713	  -0.05250
   0.28553	  -0.05300
   0.29393	  -0.05346
   0.30233	  -0.05387
   0.31074	  -0.05425
   0.31915	  -0.05458
   0.32756	  -0.05487
   0.33598	  -0.05513
   0.34440	  -0.05534
   0.35282	  -0.05552
   0.36124	  -0.05566
   0.36966	  -0.05575
   0.37809	  -0.05581
   0.38652	  -0.05584
   0.39496	  -0.05582
   0.40339	  -0.05578
   0.41183	  -0.05569
   0.42026	  -0.05558
   0.42870	  -0.05542
   0.43715	  -0.05524
   0.44560	  -0.05502
   0.45406	  -0.05478
   0.46252	  -0.05451
   0.47097	  -0.05421
   0.47943	  -0.05388
   0.48788	  -0.05352
   0.49633	  -0.05314
   0.50478	  -0.05272
   0.51323	  -0.05228
   0.52166	  -0.05181
   0.53008	  -0.05130
   0.53849	  -0.05076
   0.54690	  -0.05018
   0.55531	  -0.04957
   0.56373	  -0.04892
   0.57216	  -0.04824
   0.58060	  -0.04753
   0.58904	  -0.04680
   0.59751	  -0.04605
   0.60600	  -0.04528
   0.61450	  -0.04449
   0.62300	  -0.04371
   0.63151	  -0.04292
   0.64002	  -0.04213
   0.64853	  -0.04134
   0.65705	  -0.04056
   0.66557	  -0.03978
   0.67408	  -0.03900
   0.68259	  -0.03821
   0.69109	  -0.03743
   0.69958	  -0.03664
   0.70805	  -0.03583
   0.71651	  -0.03501
   0.72495	  -0.03418
   0.73339	  -0.03332
   0.74181	  -0.03244
   0.75023	  -0.03153
   0.75865	  -0.03060
   0.76707	  -0.02965
   0.77550	  -0.02867
   0.78394	  -0.02767
   0.79239	  -0.02665
   0.80085	  -0.02563
   0.80931	  -0.02458
   0.81778	  -0.02354
   0.82626	  -0.02248
   0.83473	  -0.02143
   0.84322	  -0.02038
   0.85171	  -0.01933
   0.86020	  -0.01828
   0.86869	  -0.01723
   0.87717	  -0.01619
   0.88566	  -0.01514
   0.89415	  -0.01410
   0.90264	  -0.01306
   0.91113	  -0.01201
   0.91960	  -0.01096
   0.92802	  -0.00990
   0.93640	  -0.00884
   0.94478	  -0.00777
   0.95322	  -0.00667
   0.96158	  -0.00555
   0.96996	  -0.00441
   0.97790	  -0.00329
   0.98499	  -0.00227
   0.99123	  -0.00134
   0.99670	  -0.00051
   1.00000	   0.00000
