RG-15 8,9%
   1.00000	   0.00000
   0.99658	   0.00056
   0.99038	   0.00169
   0.98305	   0.00310
   0.97514	   0.00462
   0.96707	   0.00611
   0.95894	   0.00756
   0.95072	   0.00894
   0.94241	   0.01028
   0.93401	   0.01158
   0.92553	   0.01286
   0.91702	   0.01412
   0.90849	   0.01536
   0.89996	   0.01659
   0.89143	   0.01779
   0.88290	   0.01898
   0.87436	   0.02015
   0.86582	   0.02131
   0.85726	   0.02246
   0.84870	   0.02359
   0.84014	   0.02470
   0.83157	   0.02581
   0.82301	   0.02690
   0.81444	   0.02797
   0.80587	   0.02903
   0.79730	   0.03008
   0.78873	   0.03111
   0.78015	   0.03213
   0.77158	   0.03314
   0.76300	   0.03413
   0.75442	   0.03511
   0.74584	   0.03607
   0.73726	   0.03702
   0.72867	   0.03796
   0.72009	   0.03888
   0.71151	   0.03979
   0.70292	   0.04069
   0.69434	   0.04157
   0.68575	   0.04243
   0.67716	   0.04328
   0.66857	   0.04411
   0.65998	   0.04493
   0.65139	   0.04574
   0.64280	   0.04652
   0.63421	   0.04730
   0.62562	   0.04805
   0.61703	   0.04879
   0.60845	   0.04952
   0.59986	   0.05022
   0.59127	   0.05091
   0.58268	   0.05158
   0.57409	   0.05223
   0.56549	   0.05287
   0.55690	   0.05349
   0.54831	   0.05409
   0.53971	   0.05467
   0.53112	   0.05523
   0.52253	   0.05577
   0.51394	   0.05630
   0.50535	   0.05680
   0.49677	   0.05728
   0.48818	   0.05774
   0.47960	   0.05818
   0.47102	   0.05860
   0.46243	   0.05900
   0.45385	   0.05937
   0.44527	   0.05972
   0.43668	   0.06005
   0.42810	   0.06035
   0.41953	   0.06063
   0.41095	   0.06088
   0.40238	   0.06111
   0.39381	   0.06131
   0.38525	   0.06148
   0.37668	   0.06163
   0.36812	   0.06174
   0.35957	   0.06183
   0.35101	   0.06189
   0.34246	   0.06192
   0.33391	   0.06192
   0.32537	   0.06188
   0.31683	   0.06181
   0.30830	   0.06171
   0.29977	   0.06157
   0.29125	   0.06140
   0.28274	   0.06119
   0.27423	   0.06094
   0.26574	   0.06065
   0.25725	   0.06033
   0.24877	   0.05995
   0.24030	   0.05954
   0.23185	   0.05908
   0.22340	   0.05857
   0.21497	   0.05801
   0.20655	   0.05741
   0.19814	   0.05675
   0.18975	   0.05603
   0.18138	   0.05526
   0.17304	   0.05443
   0.16472	   0.05353
   0.15643	   0.05258
   0.14816	   0.05155
   0.13992	   0.05045
   0.13171	   0.04927
   0.12353	   0.04802
   0.11538	   0.04668
   0.10730	   0.04525
   0.09931	   0.04374
   0.09140	   0.04213
   0.08357	   0.04042
   0.07579	   0.03859
   0.06804	   0.03662
   0.06041	   0.03451
   0.05306	   0.03231
   0.04614	   0.03005
   0.03956	   0.02769
   0.03308	   0.02512
   0.02664	   0.02228
   0.02104	   0.01950
   0.01679	   0.01714
   0.01350	   0.01511
   0.01074	   0.01321
   0.00825	   0.01129
   0.00598	   0.00928
   0.00412	   0.00738
   0.00277	   0.00580
   0.00180	   0.00451
   0.00109	   0.00343
   0.00059	   0.00247
   0.00025	   0.00156
   0.00005	   0.00067
   0.00000	  -0.00024
   0.00014	  -0.00117
   0.00049	  -0.00210
   0.00107	  -0.00305
   0.00189	  -0.00402
   0.00298	  -0.00503
   0.00433	  -0.00607
   0.00601	  -0.00716
   0.00812	  -0.00827
   0.01077	  -0.00942
   0.01404	  -0.01062
   0.01802	  -0.01194
   0.02286	  -0.01336
   0.02855	  -0.01480
   0.03502	  -0.01620
   0.04212	  -0.01749
   0.04964	  -0.01867
   0.05744	  -0.01975
   0.06541	  -0.02071
   0.07349	  -0.02158
   0.08165	  -0.02235
   0.08990	  -0.02305
   0.09821	  -0.02367
   0.10658	  -0.02423
   0.11499	  -0.02473
   0.12343	  -0.02517
   0.13190	  -0.02557
   0.14039	  -0.02593
   0.14889	  -0.02625
   0.15742	  -0.02653
   0.16595	  -0.02678
   0.17451	  -0.02700
   0.18307	  -0.02719
   0.19164	  -0.02735
   0.20022	  -0.02749
   0.20881	  -0.02760
   0.21741	  -0.02769
   0.22601	  -0.02776
   0.23462	  -0.02781
   0.24323	  -0.02784
   0.25185	  -0.02785
   0.26048	  -0.02785
   0.26911	  -0.02783
   0.27774	  -0.02779
   0.28637	  -0.02774
   0.29501	  -0.02768
   0.30365	  -0.02761
   0.31229	  -0.02752
   0.32093	  -0.02742
   0.32957	  -0.02730
   0.33822	  -0.02718
   0.34686	  -0.02704
   0.35551	  -0.02689
   0.36416	  -0.02673
   0.37281	  -0.02656
   0.38146	  -0.02638
   0.39011	  -0.02619
   0.39876	  -0.02599
   0.40742	  -0.02578
   0.41607	  -0.02556
   0.42472	  -0.02533
   0.43337	  -0.02509
   0.44202	  -0.02484
   0.45067	  -0.02458
   0.45932	  -0.02431
   0.46797	  -0.02403
   0.47662	  -0.02374
   0.48526	  -0.02344
   0.49390	  -0.02313
   0.50254	  -0.02280
   0.51117	  -0.02246
   0.51979	  -0.02211
   0.52840	  -0.02174
   0.53700	  -0.02135
   0.54559	  -0.02095
   0.55417	  -0.02052
   0.56275	  -0.02007
   0.57133	  -0.01961
   0.57991	  -0.01912
   0.58850	  -0.01861
   0.59710	  -0.01808
   0.60570	  -0.01753
   0.61432	  -0.01697
   0.62295	  -0.01640
   0.63159	  -0.01581
   0.64023	  -0.01521
   0.64889	  -0.01461
   0.65756	  -0.01400
   0.66623	  -0.01339
   0.67491	  -0.01278
   0.68358	  -0.01217
   0.69226	  -0.01156
   0.70093	  -0.01095
   0.70959	  -0.01034
   0.71825	  -0.00974
   0.72691	  -0.00915
   0.73556	  -0.00856
   0.74420	  -0.00798
   0.75284	  -0.00740
   0.76147	  -0.00684
   0.77011	  -0.00629
   0.77874	  -0.00574
   0.78736	  -0.00521
   0.79599	  -0.00470
   0.80461	  -0.00420
   0.81322	  -0.00371
   0.82183	  -0.00324
   0.83044	  -0.00278
   0.83904	  -0.00234
   0.84763	  -0.00193
   0.85622	  -0.00153
   0.86481	  -0.00116
   0.87339	  -0.00081
   0.88197	  -0.00048
   0.89054	  -0.00018
   0.89910	   0.00010
   0.90764	   0.00034
   0.91617	   0.00055
   0.92469	   0.00073
   0.93320	   0.00087
   0.94170	   0.00097
   0.95017	   0.00102
   0.95861	   0.00104
   0.96697	   0.00100
   0.97516	   0.00090
   0.98302	   0.00074
   0.99027	   0.00051
   0.99654	   0.00021
   1.00000	   0.00000
