Rhode St Genese 26
   1.00000	   0.00000
   0.99707	   0.00066
   0.99253	   0.00167
   0.98781	   0.00272
   0.98290	   0.00380
   0.97779	   0.00492
   0.97244	   0.00608
   0.96686	   0.00728
   0.96100	   0.00854
   0.95487	   0.00984
   0.94842	   0.01119
   0.94164	   0.01261
   0.93452	   0.01408
   0.92704	   0.01561
   0.91918	   0.01720
   0.91096	   0.01884
   0.90239	   0.02053
   0.89361	   0.02224
   0.88497	   0.02390
   0.87647	   0.02552
   0.86805	   0.02710
   0.85965	   0.02865
   0.85123	   0.03018
   0.84277	   0.03170
   0.83424	   0.03320
   0.82562	   0.03470
   0.81690	   0.03619
   0.80807	   0.03767
   0.79919	   0.03913
   0.79037	   0.04056
   0.78160	   0.04196
   0.77286	   0.04333
   0.76414	   0.04470
   0.75542	   0.04606
   0.74670	   0.04742
   0.73796	   0.04880
   0.72921	   0.05019
   0.72044	   0.05160
   0.71164	   0.05304
   0.70283	   0.05452
   0.69400	   0.05603
   0.68516	   0.05759
   0.67632	   0.05917
   0.66747	   0.06077
   0.65863	   0.06239
   0.64978	   0.06402
   0.64094	   0.06564
   0.63211	   0.06727
   0.62327	   0.06887
   0.61444	   0.07046
   0.60561	   0.07202
   0.59678	   0.07355
   0.58795	   0.07505
   0.57911	   0.07651
   0.57027	   0.07793
   0.56142	   0.07932
   0.55256	   0.08067
   0.54370	   0.08199
   0.53483	   0.08328
   0.52595	   0.08453
   0.51706	   0.08575
   0.50817	   0.08694
   0.49928	   0.08809
   0.49038	   0.08921
   0.48148	   0.09029
   0.47258	   0.09134
   0.46369	   0.09234
   0.45480	   0.09329
   0.44590	   0.09420
   0.43702	   0.09505
   0.42813	   0.09585
   0.41925	   0.09660
   0.41036	   0.09728
   0.40148	   0.09790
   0.39259	   0.09846
   0.38371	   0.09895
   0.37482	   0.09937
   0.36592	   0.09972
   0.35703	   0.10000
   0.34813	   0.10021
   0.33923	   0.10034
   0.33033	   0.10040
   0.32143	   0.10038
   0.31254	   0.10028
   0.30366	   0.10010
   0.29479	   0.09984
   0.28593	   0.09949
   0.27709	   0.09906
   0.26828	   0.09853
   0.25948	   0.09792
   0.25071	   0.09721
   0.24197	   0.09640
   0.23324	   0.09549
   0.22453	   0.09447
   0.21583	   0.09335
   0.20715	   0.09211
   0.19847	   0.09075
   0.18978	   0.08928
   0.18109	   0.08770
   0.17237	   0.08603
   0.16363	   0.08430
   0.15486	   0.08251
   0.14606	   0.08068
   0.13723	   0.07881
   0.12842	   0.07689
   0.11962	   0.07490
   0.11090	   0.07281
   0.10232	   0.07062
   0.09392	   0.06833
   0.08571	   0.06597
   0.07746	   0.06353
   0.06914	   0.06104
   0.06144	   0.05869
   0.05379	   0.05625
   0.04589	   0.05360
   0.03972	   0.05137
   0.03461	   0.04937
   0.02985	   0.04733
   0.02454	   0.04476
   0.01926	   0.04179
   0.01459	   0.03887
   0.00926	   0.03533
   0.00662	   0.03346
   0.00483	   0.03208
   0.00348	   0.03096
   0.00243	   0.02999
   0.00159	   0.02912
   0.00095	   0.02834
   0.00045	   0.02763
   0.00011	   0.02697
  -0.00010	   0.02636
  -0.00017	   0.02578
  -0.00009	   0.02524
   0.00015	   0.02474
   0.00055	   0.02426
   0.00113	   0.02379
   0.00190	   0.02335
   0.00289	   0.02290
   0.00418	   0.02244
   0.00588	   0.02196
   0.00829	   0.02138
   0.01272	   0.02045
   0.01894	   0.01899
   0.02501	   0.01750
   0.03081	   0.01629
   0.03604	   0.01536
   0.04174	   0.01441
   0.04880	   0.01321
   0.05732	   0.01162
   0.06584	   0.01005
   0.07393	   0.00891
   0.08144	   0.00836
   0.08898	   0.00817
   0.09690	   0.00807
   0.10534	   0.00779
   0.11416	   0.00722
   0.12313	   0.00644
   0.13208	   0.00556
   0.14089	   0.00470
   0.14957	   0.00393
   0.15817	   0.00334
   0.16677	   0.00290
   0.17543	   0.00258
   0.18417	   0.00233
   0.19303	   0.00214
   0.20201	   0.00196
   0.21100	   0.00177
   0.21994	   0.00157
   0.22883	   0.00136
   0.23771	   0.00116
   0.24659	   0.00096
   0.25549	   0.00076
   0.26441	   0.00057
   0.27337	   0.00040
   0.28237	   0.00024
   0.29138	   0.00010
   0.30036	  -0.00000
   0.30932	  -0.00008
   0.31826	  -0.00014
   0.32720	  -0.00017
   0.33613	  -0.00018
   0.34506	  -0.00018
   0.35400	  -0.00016
   0.36295	  -0.00013
   0.37192	  -0.00010
   0.38090	  -0.00007
   0.38989	  -0.00003
   0.39890	  -0.00000
   0.40792	   0.00002
   0.41695	   0.00004
   0.42598	   0.00004
   0.43500	   0.00005
   0.44402	   0.00005
   0.45305	   0.00004
   0.46207	   0.00004
   0.47109	   0.00003
   0.48012	   0.00002
   0.48914	   0.00001
   0.49817	   0.00000
   0.50720	  -0.00000
   0.51622	  -0.00001
   0.52524	  -0.00001
   0.53426	  -0.00001
   0.54328	  -0.00001
   0.55229	  -0.00001
   0.56131	  -0.00001
   0.57032	  -0.00001
   0.57934	  -0.00001
   0.58836	  -0.00000
   0.59738	  -0.00000
   0.60641	   0.00000
   0.61544	   0.00000
   0.62445	   0.00000
   0.63346	   0.00000
   0.64246	   0.00000
   0.65145	   0.00000
   0.66044	   0.00000
   0.66943	   0.00000
   0.67843	   0.00000
   0.68743	   0.00000
   0.69644	   0.00000
   0.70547	  -0.00000
   0.71447	  -0.00000
   0.72345	  -0.00000
   0.73239	  -0.00000
   0.74131	  -0.00000
   0.75021	  -0.00000
   0.75909	  -0.00000
   0.76797	  -0.00000
   0.77686	  -0.00000
   0.78578	  -0.00000
   0.79473	  -0.00000
   0.80374	   0.00000
   0.81269	   0.00000
   0.82153	   0.00000
   0.83028	   0.00000
   0.83893	   0.00000
   0.84750	   0.00000
   0.85602	   0.00000
   0.86451	   0.00000
   0.87302	   0.00000
   0.88159	   0.00000
   0.89027	   0.00000
   0.89914	   0.00000
   0.90802	  -0.00000
   0.91656	  -0.00000
   0.92472	  -0.00000
   0.93249	  -0.00000
   0.93987	  -0.00000
   0.94689	  -0.00000
   0.95356	  -0.00000
   0.95990	  -0.00000
   0.96594	  -0.00000
   0.97170	  -0.00000
   0.97719	  -0.00000
   0.98246	  -0.00000
   0.98750	  -0.00000
   0.99234	  -0.00000
   0.99699	  -0.00000
   1.00000	   0.00000
