Ritz 1-30-13
   1.00000	   0.00130
   0.99616	   0.00191
   0.99004	   0.00289
   0.98344	   0.00395
   0.97630	   0.00510
   0.96857	   0.00635
   0.96023	   0.00770
   0.95127	   0.00917
   0.94181	   0.01072
   0.93199	   0.01233
   0.92199	   0.01397
   0.91197	   0.01560
   0.90199	   0.01721
   0.89208	   0.01877
   0.88221	   0.02031
   0.87234	   0.02182
   0.86247	   0.02330
   0.85256	   0.02477
   0.84261	   0.02623
   0.83260	   0.02768
   0.82254	   0.02912
   0.81243	   0.03055
   0.80227	   0.03198
   0.79207	   0.03341
   0.78186	   0.03482
   0.77164	   0.03622
   0.76143	   0.03761
   0.75124	   0.03897
   0.74108	   0.04031
   0.73094	   0.04163
   0.72083	   0.04292
   0.71075	   0.04418
   0.70070	   0.04542
   0.69067	   0.04662
   0.68066	   0.04779
   0.67065	   0.04893
   0.66065	   0.05004
   0.65064	   0.05113
   0.64063	   0.05220
   0.63061	   0.05323
   0.62057	   0.05425
   0.61050	   0.05524
   0.60041	   0.05621
   0.59029	   0.05716
   0.58013	   0.05809
   0.56993	   0.05900
   0.55970	   0.05990
   0.54943	   0.06079
   0.53913	   0.06168
   0.52881	   0.06255
   0.51847	   0.06342
   0.50814	   0.06429
   0.49782	   0.06516
   0.48754	   0.06602
   0.47731	   0.06688
   0.46713	   0.06772
   0.45702	   0.06853
   0.44698	   0.06932
   0.43700	   0.07007
   0.42707	   0.07078
   0.41721	   0.07144
   0.40738	   0.07205
   0.39759	   0.07261
   0.38781	   0.07311
   0.37804	   0.07355
   0.36826	   0.07393
   0.35847	   0.07426
   0.34866	   0.07453
   0.33885	   0.07474
   0.32903	   0.07489
   0.31921	   0.07499
   0.30941	   0.07502
   0.29963	   0.07500
   0.28990	   0.07491
   0.28023	   0.07477
   0.27063	   0.07456
   0.26111	   0.07429
   0.25165	   0.07395
   0.24226	   0.07353
   0.23293	   0.07305
   0.22362	   0.07248
   0.21434	   0.07184
   0.20504	   0.07111
   0.19570	   0.07028
   0.18629	   0.06936
   0.17682	   0.06834
   0.16731	   0.06723
   0.15785	   0.06603
   0.14858	   0.06478
   0.13961	   0.06348
   0.13101	   0.06212
   0.12277	   0.06068
   0.11483	   0.05914
   0.10709	   0.05746
   0.09944	   0.05561
   0.09176	   0.05354
   0.08397	   0.05127
   0.07617	   0.04891
   0.06862	   0.04658
   0.06161	   0.04436
   0.05524	   0.04222
   0.04947	   0.04014
   0.04426	   0.03813
   0.03955	   0.03618
   0.03530	   0.03429
   0.03145	   0.03248
   0.02797	   0.03073
   0.02482	   0.02905
   0.02195	   0.02743
   0.01934	   0.02583
   0.01696	   0.02426
   0.01482	   0.02270
   0.01287	   0.02116
   0.01112	   0.01965
   0.00954	   0.01819
   0.00813	   0.01679
   0.00688	   0.01544
   0.00576	   0.01414
   0.00476	   0.01288
   0.00388	   0.01166
   0.00310	   0.01048
   0.00242	   0.00934
   0.00183	   0.00822
   0.00132	   0.00712
   0.00089	   0.00605
   0.00055	   0.00499
   0.00028	   0.00396
   0.00009	   0.00293
  -0.00002	   0.00191
  -0.00005	   0.00091
   0.00001	  -0.00010
   0.00015	  -0.00110
   0.00038	  -0.00210
   0.00070	  -0.00311
   0.00110	  -0.00412
   0.00159	  -0.00515
   0.00216	  -0.00619
   0.00283	  -0.00724
   0.00360	  -0.00832
   0.00447	  -0.00943
   0.00546	  -0.01056
   0.00656	  -0.01173
   0.00780	  -0.01294
   0.00919	  -0.01419
   0.01074	  -0.01548
   0.01245	  -0.01681
   0.01432	  -0.01817
   0.01634	  -0.01952
   0.01853	  -0.02086
   0.02088	  -0.02217
   0.02340	  -0.02342
   0.02611	  -0.02462
   0.02904	  -0.02578
   0.03223	  -0.02690
   0.03573	  -0.02800
   0.03961	  -0.02913
   0.04392	  -0.03030
   0.04870	  -0.03158
   0.05387	  -0.03303
   0.05929	  -0.03458
   0.06483	  -0.03613
   0.07042	  -0.03755
   0.07611	  -0.03877
   0.08208	  -0.03975
   0.08854	  -0.04057
   0.09571	  -0.04132
   0.10380	  -0.04214
   0.11279	  -0.04312
   0.12240	  -0.04422
   0.13224	  -0.04539
   0.14198	  -0.04655
   0.15150	  -0.04765
   0.16085	  -0.04867
   0.17010	  -0.04962
   0.17933	  -0.05050
   0.18859	  -0.05130
   0.19789	  -0.05202
   0.20726	  -0.05266
   0.21670	  -0.05320
   0.22622	  -0.05367
   0.23581	  -0.05405
   0.24549	  -0.05436
   0.25524	  -0.05460
   0.26506	  -0.05478
   0.27494	  -0.05491
   0.28488	  -0.05498
   0.29487	  -0.05500
   0.30488	  -0.05499
   0.31491	  -0.05494
   0.32495	  -0.05486
   0.33497	  -0.05474
   0.34498	  -0.05458
   0.35497	  -0.05438
   0.36493	  -0.05415
   0.37488	  -0.05387
   0.38481	  -0.05355
   0.39474	  -0.05319
   0.40467	  -0.05278
   0.41461	  -0.05233
   0.42458	  -0.05184
   0.43458	  -0.05131
   0.44462	  -0.05076
   0.45471	  -0.05018
   0.46485	  -0.04959
   0.47502	  -0.04898
   0.48524	  -0.04836
   0.49548	  -0.04774
   0.50575	  -0.04713
   0.51601	  -0.04653
   0.52626	  -0.04593
   0.53650	  -0.04533
   0.54670	  -0.04472
   0.55687	  -0.04410
   0.56701	  -0.04347
   0.57711	  -0.04282
   0.58718	  -0.04215
   0.59722	  -0.04145
   0.60724	  -0.04072
   0.61725	  -0.03995
   0.62726	  -0.03916
   0.63726	  -0.03833
   0.64727	  -0.03747
   0.65730	  -0.03659
   0.66734	  -0.03567
   0.67739	  -0.03472
   0.68746	  -0.03375
   0.69754	  -0.03275
   0.70764	  -0.03172
   0.71775	  -0.03068
   0.72787	  -0.02962
   0.73799	  -0.02856
   0.74811	  -0.02749
   0.75822	  -0.02644
   0.76832	  -0.02540
   0.77838	  -0.02438
   0.78840	  -0.02340
   0.79838	  -0.02245
   0.80829	  -0.02155
   0.81813	  -0.02068
   0.82789	  -0.01983
   0.83758	  -0.01900
   0.84719	  -0.01816
   0.85674	  -0.01732
   0.86623	  -0.01646
   0.87570	  -0.01556
   0.88515	  -0.01462
   0.89461	  -0.01362
   0.90412	  -0.01255
   0.91370	  -0.01141
   0.92333	  -0.01022
   0.93296	  -0.00901
   0.94245	  -0.00781
   0.95164	  -0.00667
   0.96039	  -0.00563
   0.96861	  -0.00467
   0.97627	  -0.00381
   0.98338	  -0.00303
   0.98998	  -0.00233
   0.99613	  -0.00169
   1.00000	  -0.00130
