rs004a
   1.00000	   0.00000
   0.99647	   0.00035
   0.99010	   0.00106
   0.98266	   0.00194
   0.97458	   0.00292
   0.96621	   0.00392
   0.95771	   0.00492
   0.94916	   0.00590
   0.94058	   0.00687
   0.93198	   0.00782
   0.92336	   0.00877
   0.91473	   0.00970
   0.90608	   0.01063
   0.89742	   0.01156
   0.88875	   0.01248
   0.88008	   0.01340
   0.87141	   0.01433
   0.86274	   0.01525
   0.85408	   0.01617
   0.84542	   0.01709
   0.83678	   0.01800
   0.82813	   0.01890
   0.81949	   0.01980
   0.81084	   0.02069
   0.80218	   0.02158
   0.79352	   0.02246
   0.78485	   0.02334
   0.77618	   0.02421
   0.76752	   0.02509
   0.75885	   0.02597
   0.75019	   0.02685
   0.74153	   0.02774
   0.73287	   0.02862
   0.72420	   0.02952
   0.71553	   0.03041
   0.70686	   0.03131
   0.69819	   0.03221
   0.68951	   0.03311
   0.68083	   0.03401
   0.67215	   0.03491
   0.66347	   0.03581
   0.65480	   0.03671
   0.64613	   0.03761
   0.63747	   0.03850
   0.62881	   0.03939
   0.62017	   0.04027
   0.61153	   0.04114
   0.60290	   0.04199
   0.59428	   0.04284
   0.58566	   0.04367
   0.57703	   0.04449
   0.56841	   0.04530
   0.55979	   0.04610
   0.55116	   0.04688
   0.54252	   0.04765
   0.53389	   0.04841
   0.52525	   0.04915
   0.51661	   0.04989
   0.50796	   0.05061
   0.49933	   0.05131
   0.49069	   0.05201
   0.48207	   0.05269
   0.47345	   0.05335
   0.46485	   0.05399
   0.45625	   0.05461
   0.44766	   0.05521
   0.43908	   0.05577
   0.43050	   0.05632
   0.42193	   0.05683
   0.41335	   0.05732
   0.40477	   0.05779
   0.39619	   0.05822
   0.38761	   0.05863
   0.37903	   0.05901
   0.37045	   0.05936
   0.36187	   0.05968
   0.35330	   0.05997
   0.34474	   0.06022
   0.33617	   0.06044
   0.32762	   0.06063
   0.31907	   0.06079
   0.31052	   0.06090
   0.30199	   0.06098
   0.29346	   0.06102
   0.28494	   0.06102
   0.27643	   0.06097
   0.26793	   0.06088
   0.25944	   0.06074
   0.25096	   0.06055
   0.24249	   0.06032
   0.23403	   0.06003
   0.22557	   0.05969
   0.21713	   0.05929
   0.20870	   0.05884
   0.20028	   0.05833
   0.19188	   0.05776
   0.18351	   0.05713
   0.17515	   0.05643
   0.16682	   0.05566
   0.15851	   0.05483
   0.15022	   0.05391
   0.14196	   0.05292
   0.13374	   0.05185
   0.12556	   0.05069
   0.11744	   0.04945
   0.10937	   0.04811
   0.10137	   0.04667
   0.09342	   0.04513
   0.08553	   0.04346
   0.07772	   0.04167
   0.07003	   0.03975
   0.06257	   0.03771
   0.05539	   0.03556
   0.04848	   0.03329
   0.04172	   0.03086
   0.03505	   0.02818
   0.02873	   0.02532
   0.02331	   0.02255
   0.01894	   0.02003
   0.01536	   0.01774
   0.01229	   0.01557
   0.00954	   0.01341
   0.00708	   0.01123
   0.00508	   0.00919
   0.00357	   0.00745
   0.00243	   0.00598
   0.00156	   0.00474
   0.00091	   0.00364
   0.00045	   0.00264
   0.00015	   0.00170
   0.00000	   0.00081
   0.00001	  -0.00007
   0.00018	  -0.00095
   0.00051	  -0.00184
   0.00101	  -0.00277
   0.00169	  -0.00373
   0.00260	  -0.00473
   0.00376	  -0.00576
   0.00527	  -0.00679
   0.00721	  -0.00782
   0.00971	  -0.00886
   0.01278	  -0.00998
   0.01653	  -0.01129
   0.02104	  -0.01277
   0.02632	  -0.01430
   0.03241	  -0.01582
   0.03929	  -0.01728
   0.04678	  -0.01871
   0.05463	  -0.02007
   0.06258	  -0.02132
   0.07054	  -0.02244
   0.07853	  -0.02345
   0.08659	  -0.02434
   0.09474	  -0.02514
   0.10299	  -0.02585
   0.11129	  -0.02648
   0.11963	  -0.02704
   0.12801	  -0.02752
   0.13641	  -0.02793
   0.14484	  -0.02829
   0.15329	  -0.02859
   0.16177	  -0.02885
   0.17028	  -0.02905
   0.17881	  -0.02922
   0.18736	  -0.02934
   0.19592	  -0.02943
   0.20450	  -0.02949
   0.21309	  -0.02952
   0.22169	  -0.02952
   0.23030	  -0.02950
   0.23892	  -0.02945
   0.24754	  -0.02938
   0.25617	  -0.02929
   0.26480	  -0.02918
   0.27344	  -0.02905
   0.28208	  -0.02891
   0.29072	  -0.02874
   0.29937	  -0.02856
   0.30803	  -0.02837
   0.31669	  -0.02816
   0.32536	  -0.02793
   0.33403	  -0.02770
   0.34270	  -0.02745
   0.35138	  -0.02720
   0.36006	  -0.02693
   0.36874	  -0.02666
   0.37742	  -0.02637
   0.38610	  -0.02608
   0.39478	  -0.02578
   0.40347	  -0.02548
   0.41216	  -0.02516
   0.42085	  -0.02484
   0.42955	  -0.02451
   0.43825	  -0.02418
   0.44696	  -0.02385
   0.45568	  -0.02351
   0.46440	  -0.02318
   0.47312	  -0.02284
   0.48183	  -0.02250
   0.49055	  -0.02216
   0.49927	  -0.02182
   0.50798	  -0.02148
   0.51667	  -0.02113
   0.52536	  -0.02078
   0.53402	  -0.02041
   0.54268	  -0.02004
   0.55132	  -0.01965
   0.55995	  -0.01925
   0.56858	  -0.01883
   0.57720	  -0.01839
   0.58583	  -0.01794
   0.59445	  -0.01747
   0.60308	  -0.01698
   0.61172	  -0.01648
   0.62037	  -0.01596
   0.62903	  -0.01543
   0.63770	  -0.01489
   0.64638	  -0.01436
   0.65507	  -0.01382
   0.66376	  -0.01328
   0.67246	  -0.01274
   0.68116	  -0.01221
   0.68986	  -0.01168
   0.69856	  -0.01116
   0.70726	  -0.01064
   0.71596	  -0.01012
   0.72466	  -0.00960
   0.73336	  -0.00908
   0.74206	  -0.00857
   0.75076	  -0.00807
   0.75945	  -0.00756
   0.76813	  -0.00706
   0.77681	  -0.00657
   0.78548	  -0.00609
   0.79414	  -0.00562
   0.80281	  -0.00515
   0.81147	  -0.00470
   0.82013	  -0.00426
   0.82880	  -0.00383
   0.83747	  -0.00341
   0.84613	  -0.00300
   0.85478	  -0.00261
   0.86343	  -0.00223
   0.87207	  -0.00186
   0.88070	  -0.00151
   0.88933	  -0.00118
   0.89794	  -0.00088
   0.90655	  -0.00060
   0.91514	  -0.00034
   0.92371	  -0.00011
   0.93226	   0.00008
   0.94080	   0.00024
   0.94931	   0.00036
   0.95778	   0.00044
   0.96619	   0.00046
   0.97447	   0.00044
   0.98249	   0.00036
   0.98996	   0.00023
   0.99644	   0.00009
   1.00000	   0.00000
