RSG-29
   1.00000	   0.00000
   0.99671	   0.00059
   0.99161	   0.00149
   0.98630	   0.00244
   0.98077	   0.00342
   0.97500	   0.00446
   0.96897	   0.00553
   0.96266	   0.00667
   0.95605	   0.00785
   0.94911	   0.00910
   0.94184	   0.01041
   0.93421	   0.01179
   0.92622	   0.01323
   0.91786	   0.01475
   0.90915	   0.01633
   0.90011	   0.01798
   0.89090	   0.01966
   0.88182	   0.02132
   0.87285	   0.02296
   0.86395	   0.02458
   0.85505	   0.02620
   0.84611	   0.02782
   0.83712	   0.02944
   0.82805	   0.03107
   0.81888	   0.03270
   0.80961	   0.03433
   0.80038	   0.03593
   0.79123	   0.03751
   0.78213	   0.03905
   0.77307	   0.04057
   0.76402	   0.04206
   0.75498	   0.04353
   0.74593	   0.04498
   0.73687	   0.04642
   0.72778	   0.04783
   0.71867	   0.04922
   0.70953	   0.05059
   0.70036	   0.05195
   0.69116	   0.05328
   0.68193	   0.05459
   0.67269	   0.05588
   0.66342	   0.05715
   0.65415	   0.05840
   0.64486	   0.05963
   0.63557	   0.06084
   0.62627	   0.06203
   0.61698	   0.06320
   0.60769	   0.06436
   0.59842	   0.06549
   0.58915	   0.06661
   0.57990	   0.06771
   0.57068	   0.06878
   0.56147	   0.06982
   0.55228	   0.07084
   0.54310	   0.07183
   0.53395	   0.07278
   0.52480	   0.07370
   0.51566	   0.07458
   0.50653	   0.07542
   0.49739	   0.07622
   0.48825	   0.07699
   0.47909	   0.07771
   0.46991	   0.07840
   0.46071	   0.07905
   0.45148	   0.07968
   0.44223	   0.08027
   0.43296	   0.08084
   0.42366	   0.08139
   0.41435	   0.08192
   0.40502	   0.08243
   0.39568	   0.08293
   0.38635	   0.08341
   0.37702	   0.08387
   0.36770	   0.08430
   0.35840	   0.08472
   0.34912	   0.08510
   0.33986	   0.08546
   0.33062	   0.08578
   0.32140	   0.08607
   0.31220	   0.08633
   0.30302	   0.08654
   0.29385	   0.08671
   0.28469	   0.08684
   0.27554	   0.08692
   0.26639	   0.08695
   0.25726	   0.08692
   0.24814	   0.08684
   0.23903	   0.08669
   0.22995	   0.08648
   0.22090	   0.08621
   0.21189	   0.08587
   0.20292	   0.08545
   0.19401	   0.08496
   0.18518	   0.08440
   0.17643	   0.08374
   0.16777	   0.08297
   0.15921	   0.08209
   0.15076	   0.08110
   0.14244	   0.07997
   0.13424	   0.07871
   0.12615	   0.07731
   0.11818	   0.07575
   0.11030	   0.07404
   0.10248	   0.07214
   0.09471	   0.07006
   0.08692	   0.06778
   0.07904	   0.06532
   0.07094	   0.06265
   0.06249	   0.05974
   0.05391	   0.05671
   0.04594	   0.05383
   0.03910	   0.05127
   0.03324	   0.04895
   0.02810	   0.04674
   0.02343	   0.04454
   0.01911	   0.04224
   0.01536	   0.03996
   0.01236	   0.03790
   0.00997	   0.03611
   0.00806	   0.03455
   0.00649	   0.03316
   0.00519	   0.03189
   0.00408	   0.03072
   0.00315	   0.02963
   0.00236	   0.02859
   0.00169	   0.02761
   0.00114	   0.02666
   0.00070	   0.02575
   0.00035	   0.02486
   0.00011	   0.02400
  -0.00004	   0.02315
  -0.00009	   0.02232
  -0.00003	   0.02150
   0.00013	   0.02069
   0.00041	   0.01988
   0.00080	   0.01906
   0.00129	   0.01824
   0.00191	   0.01740
   0.00265	   0.01655
   0.00354	   0.01566
   0.00458	   0.01475
   0.00582	   0.01379
   0.00728	   0.01277
   0.00904	   0.01168
   0.01117	   0.01048
   0.01378	   0.00918
   0.01690	   0.00782
   0.02049	   0.00653
   0.02434	   0.00545
   0.02843	   0.00461
   0.03289	   0.00394
   0.03795	   0.00343
   0.04397	   0.00302
   0.05141	   0.00263
   0.06031	   0.00213
   0.06965	   0.00157
   0.07869	   0.00103
   0.08740	   0.00054
   0.09594	   0.00014
   0.10440	  -0.00012
   0.11288	  -0.00024
   0.12144	  -0.00026
   0.13012	  -0.00021
   0.13896	  -0.00012
   0.14797	  -0.00002
   0.15712	   0.00005
   0.16638	   0.00007
   0.17571	   0.00007
   0.18507	   0.00005
   0.19445	   0.00002
   0.20383	  -0.00001
   0.21321	  -0.00003
   0.22259	  -0.00004
   0.23198	  -0.00005
   0.24138	  -0.00005
   0.25077	  -0.00005
   0.26018	  -0.00004
   0.26959	  -0.00003
   0.27900	  -0.00002
   0.28842	  -0.00001
   0.29785	  -0.00000
   0.30728	   0.00001
   0.31671	   0.00001
   0.32614	   0.00001
   0.33558	   0.00001
   0.34502	   0.00001
   0.35446	   0.00001
   0.36390	   0.00001
   0.37334	   0.00001
   0.38277	   0.00000
   0.39221	   0.00000
   0.40165	  -0.00000
   0.41109	  -0.00000
   0.42054	  -0.00000
   0.42998	  -0.00000
   0.43942	  -0.00000
   0.44886	  -0.00000
   0.45831	  -0.00000
   0.46775	  -0.00000
   0.47719	  -0.00000
   0.48664	  -0.00000
   0.49608	  -0.00000
   0.50552	   0.00000
   0.51497	   0.00000
   0.52441	   0.00000
   0.53384	   0.00000
   0.54328	   0.00000
   0.55271	   0.00000
   0.56215	   0.00000
   0.57158	   0.00000
   0.58102	   0.00000
   0.59046	   0.00000
   0.59990	   0.00000
   0.60934	  -0.00000
   0.61877	  -0.00000
   0.62820	  -0.00000
   0.63762	  -0.00000
   0.64704	  -0.00000
   0.65645	  -0.00000
   0.66586	  -0.00000
   0.67527	  -0.00000
   0.68468	  -0.00000
   0.69411	  -0.00000
   0.70355	   0.00000
   0.71297	   0.00000
   0.72237	   0.00000
   0.73174	   0.00000
   0.74109	   0.00000
   0.75042	   0.00000
   0.75973	   0.00000
   0.76905	   0.00000
   0.77837	   0.00000
   0.78772	   0.00000
   0.79711	   0.00000
   0.80653	  -0.00000
   0.81587	  -0.00000
   0.82512	  -0.00000
   0.83428	  -0.00000
   0.84336	  -0.00000
   0.85238	  -0.00000
   0.86138	  -0.00000
   0.87037	  -0.00000
   0.87942	  -0.00000
   0.88858	  -0.00000
   0.89791	  -0.00000
   0.90718	   0.00000
   0.91612	   0.00000
   0.92470	   0.00000
   0.93289	   0.00000
   0.94070	   0.00000
   0.94814	   0.00000
   0.95523	   0.00000
   0.96198	   0.00000
   0.96842	   0.00000
   0.97457	   0.00000
   0.98045	   0.00000
   0.98607	   0.00000
   0.99147	   0.00000
   0.99665	   0.00000
   1.00000	   0.00000
