S1210 12%
   1.00000	   0.00000
   0.99695	   0.00194
   0.99231	   0.00512
   0.98757	   0.00829
   0.98271	   0.01122
   0.97757	   0.01393
   0.97200	   0.01648
   0.96588	   0.01900
   0.95920	   0.02154
   0.95201	   0.02411
   0.94434	   0.02669
   0.93626	   0.02927
   0.92781	   0.03185
   0.91903	   0.03442
   0.90999	   0.03696
   0.90075	   0.03947
   0.89135	   0.04194
   0.88181	   0.04437
   0.87216	   0.04676
   0.86240	   0.04912
   0.85257	   0.05143
   0.84268	   0.05371
   0.83274	   0.05595
   0.82275	   0.05815
   0.81273	   0.06031
   0.80268	   0.06243
   0.79259	   0.06452
   0.78247	   0.06658
   0.77232	   0.06860
   0.76215	   0.07060
   0.75196	   0.07256
   0.74175	   0.07449
   0.73155	   0.07638
   0.72133	   0.07825
   0.71111	   0.08008
   0.70086	   0.08188
   0.69060	   0.08365
   0.68033	   0.08539
   0.67004	   0.08710
   0.65976	   0.08878
   0.64947	   0.09043
   0.63918	   0.09205
   0.62889	   0.09364
   0.61860	   0.09520
   0.60831	   0.09672
   0.59801	   0.09821
   0.58770	   0.09967
   0.57739	   0.10111
   0.56709	   0.10250
   0.55680	   0.10387
   0.54652	   0.10519
   0.53625	   0.10648
   0.52600	   0.10773
   0.51576	   0.10894
   0.50553	   0.11010
   0.49533	   0.11123
   0.48515	   0.11230
   0.47500	   0.11332
   0.46488	   0.11429
   0.45479	   0.11521
   0.44473	   0.11606
   0.43470	   0.11686
   0.42467	   0.11759
   0.41467	   0.11826
   0.40469	   0.11887
   0.39475	   0.11941
   0.38486	   0.11988
   0.37506	   0.12027
   0.36536	   0.12058
   0.35578	   0.12080
   0.34631	   0.12091
   0.33693	   0.12091
   0.32761	   0.12080
   0.31831	   0.12056
   0.30899	   0.12021
   0.29966	   0.11974
   0.29030	   0.11916
   0.28093	   0.11847
   0.27156	   0.11767
   0.26220	   0.11676
   0.25284	   0.11575
   0.24350	   0.11463
   0.23416	   0.11341
   0.22483	   0.11207
   0.21550	   0.11064
   0.20620	   0.10911
   0.19696	   0.10748
   0.18779	   0.10575
   0.17872	   0.10393
   0.16975	   0.10201
   0.16089	   0.09999
   0.15213	   0.09785
   0.14345	   0.09560
   0.13486	   0.09324
   0.12640	   0.09077
   0.11808	   0.08820
   0.10993	   0.08553
   0.10198	   0.08277
   0.09425	   0.07992
   0.08676	   0.07698
   0.07953	   0.07397
   0.07259	   0.07091
   0.06599	   0.06780
   0.05977	   0.06468
   0.05394	   0.06155
   0.04853	   0.05843
   0.04353	   0.05531
   0.03891	   0.05218
   0.03465	   0.04906
   0.03072	   0.04597
   0.02713	   0.04293
   0.02387	   0.03996
   0.02092	   0.03710
   0.01826	   0.03435
   0.01587	   0.03172
   0.01374	   0.02922
   0.01184	   0.02685
   0.01016	   0.02461
   0.00867	   0.02248
   0.00735	   0.02046
   0.00618	   0.01853
   0.00515	   0.01668
   0.00423	   0.01491
   0.00342	   0.01321
   0.00270	   0.01160
   0.00208	   0.01007
   0.00154	   0.00862
   0.00108	   0.00724
   0.00069	   0.00592
   0.00037	   0.00464
   0.00011	   0.00340
  -0.00009	   0.00218
  -0.00022	   0.00098
  -0.00027	  -0.00019
  -0.00022	  -0.00134
  -0.00005	  -0.00245
   0.00026	  -0.00354
   0.00073	  -0.00459
   0.00135	  -0.00560
   0.00211	  -0.00656
   0.00302	  -0.00744
   0.00406	  -0.00823
   0.00525	  -0.00891
   0.00658	  -0.00951
   0.00807	  -0.01004
   0.00971	  -0.01052
   0.01150	  -0.01102
   0.01343	  -0.01153
   0.01551	  -0.01206
   0.01777	  -0.01260
   0.02022	  -0.01314
   0.02291	  -0.01366
   0.02589	  -0.01417
   0.02922	  -0.01466
   0.03298	  -0.01515
   0.03726	  -0.01564
   0.04211	  -0.01614
   0.04754	  -0.01662
   0.05356	  -0.01706
   0.06021	  -0.01745
   0.06751	  -0.01778
   0.07542	  -0.01804
   0.08382	  -0.01822
   0.09256	  -0.01831
   0.10155	  -0.01830
   0.11072	  -0.01819
   0.12002	  -0.01798
   0.12941	  -0.01767
   0.13883	  -0.01727
   0.14820	  -0.01677
   0.15746	  -0.01617
   0.16660	  -0.01546
   0.17570	  -0.01461
   0.18483	  -0.01362
   0.19409	  -0.01249
   0.20352	  -0.01122
   0.21317	  -0.00982
   0.22304	  -0.00831
   0.23313	  -0.00672
   0.24337	  -0.00507
   0.25372	  -0.00339
   0.26412	  -0.00167
   0.27455	   0.00007
   0.28501	   0.00182
   0.29549	   0.00357
   0.30597	   0.00532
   0.31646	   0.00707
   0.32694	   0.00879
   0.33739	   0.01050
   0.34782	   0.01219
   0.35822	   0.01385
   0.36860	   0.01549
   0.37895	   0.01710
   0.38928	   0.01868
   0.39960	   0.02022
   0.40990	   0.02173
   0.42020	   0.02321
   0.43048	   0.02465
   0.44076	   0.02606
   0.45102	   0.02743
   0.46127	   0.02876
   0.47151	   0.03005
   0.48174	   0.03130
   0.49197	   0.03250
   0.50219	   0.03367
   0.51241	   0.03479
   0.52262	   0.03587
   0.53282	   0.03690
   0.54301	   0.03788
   0.55318	   0.03882
   0.56335	   0.03971
   0.57350	   0.04054
   0.58365	   0.04133
   0.59380	   0.04206
   0.60394	   0.04275
   0.61408	   0.04338
   0.62421	   0.04395
   0.63432	   0.04448
   0.64442	   0.04494
   0.65450	   0.04535
   0.66457	   0.04570
   0.67463	   0.04599
   0.68468	   0.04622
   0.69471	   0.04638
   0.70473	   0.04649
   0.71473	   0.04653
   0.72470	   0.04650
   0.73465	   0.04641
   0.74457	   0.04625
   0.75447	   0.04601
   0.76435	   0.04571
   0.77421	   0.04533
   0.78404	   0.04488
   0.79383	   0.04435
   0.80358	   0.04374
   0.81328	   0.04306
   0.82292	   0.04229
   0.83252	   0.04143
   0.84207	   0.04049
   0.85157	   0.03946
   0.86101	   0.03833
   0.87036	   0.03712
   0.87960	   0.03582
   0.88871	   0.03442
   0.89769	   0.03293
   0.90654	   0.03133
   0.91522	   0.02963
   0.92371	   0.02784
   0.93195	   0.02596
   0.93989	   0.02399
   0.94750	   0.02193
   0.95476	   0.01978
   0.96166	   0.01754
   0.96822	   0.01518
   0.97446	   0.01270
   0.98043	   0.01010
   0.98614	   0.00736
   0.99161	   0.00455
   0.99678	   0.00177
   1.00000	   0.00000
