S1221  w-o flap
   1.00182	   0.01052
   0.99840	   0.01203
   0.99309	   0.01458
   0.98759	   0.01709
   0.98187	   0.01936
   0.97578	   0.02141
   0.96913	   0.02330
   0.96185	   0.02516
   0.95400	   0.02698
   0.94550	   0.02880
   0.93626	   0.03069
   0.92648	   0.03262
   0.91682	   0.03447
   0.90720	   0.03625
   0.89747	   0.03798
   0.88759	   0.03969
   0.87786	   0.04132
   0.86834	   0.04286
   0.85893	   0.04434
   0.84957	   0.04577
   0.84020	   0.04717
   0.83077	   0.04854
   0.82127	   0.04988
   0.81166	   0.05121
   0.80194	   0.05253
   0.79213	   0.05383
   0.78225	   0.05511
   0.77230	   0.05639
   0.76232	   0.05765
   0.75232	   0.05890
   0.74232	   0.06013
   0.73231	   0.06136
   0.72230	   0.06259
   0.71231	   0.06381
   0.70232	   0.06503
   0.69234	   0.06626
   0.68237	   0.06748
   0.67242	   0.06872
   0.66249	   0.06996
   0.65259	   0.07121
   0.64272	   0.07247
   0.63287	   0.07372
   0.62302	   0.07494
   0.61314	   0.07614
   0.60325	   0.07733
   0.59335	   0.07850
   0.58344	   0.07966
   0.57354	   0.08080
   0.56363	   0.08192
   0.55373	   0.08303
   0.54382	   0.08413
   0.53390	   0.08520
   0.52398	   0.08627
   0.51406	   0.08732
   0.50413	   0.08835
   0.49420	   0.08937
   0.48427	   0.09038
   0.47434	   0.09137
   0.46441	   0.09235
   0.45449	   0.09331
   0.44458	   0.09426
   0.43468	   0.09518
   0.42481	   0.09609
   0.41497	   0.09696
   0.40515	   0.09781
   0.39536	   0.09863
   0.38559	   0.09941
   0.37584	   0.10016
   0.36612	   0.10087
   0.35644	   0.10153
   0.34679	   0.10214
   0.33720	   0.10270
   0.32766	   0.10320
   0.31818	   0.10364
   0.30874	   0.10401
   0.29933	   0.10430
   0.28993	   0.10452
   0.28056	   0.10466
   0.27126	   0.10473
   0.26206	   0.10472
   0.25300	   0.10460
   0.24407	   0.10438
   0.23526	   0.10403
   0.22655	   0.10356
   0.21791	   0.10294
   0.20932	   0.10219
   0.20075	   0.10128
   0.19222	   0.10024
   0.18374	   0.09905
   0.17533	   0.09773
   0.16699	   0.09625
   0.15870	   0.09463
   0.15046	   0.09285
   0.14224	   0.09091
   0.13408	   0.08883
   0.12599	   0.08661
   0.11800	   0.08425
   0.11010	   0.08175
   0.10232	   0.07911
   0.09468	   0.07635
   0.08721	   0.07347
   0.07995	   0.07047
   0.07290	   0.06736
   0.06610	   0.06414
   0.05956	   0.06084
   0.05332	   0.05748
   0.04743	   0.05409
   0.04193	   0.05070
   0.03686	   0.04736
   0.03222	   0.04408
   0.02802	   0.04090
   0.02425	   0.03785
   0.02089	   0.03495
   0.01794	   0.03221
   0.01535	   0.02962
   0.01309	   0.02716
   0.01111	   0.02483
   0.00938	   0.02260
   0.00787	   0.02049
   0.00655	   0.01848
   0.00542	   0.01658
   0.00444	   0.01477
   0.00362	   0.01305
   0.00292	   0.01140
   0.00235	   0.00983
   0.00186	   0.00832
   0.00144	   0.00686
   0.00106	   0.00547
   0.00072	   0.00414
   0.00041	   0.00286
   0.00015	   0.00165
  -0.00004	   0.00049
  -0.00014	  -0.00063
  -0.00014	  -0.00170
  -0.00002	  -0.00275
   0.00024	  -0.00379
   0.00064	  -0.00481
   0.00118	  -0.00582
   0.00186	  -0.00679
   0.00269	  -0.00772
   0.00368	  -0.00858
   0.00482	  -0.00936
   0.00612	  -0.01008
   0.00757	  -0.01075
   0.00917	  -0.01140
   0.01090	  -0.01204
   0.01280	  -0.01269
   0.01488	  -0.01333
   0.01718	  -0.01398
   0.01974	  -0.01464
   0.02261	  -0.01530
   0.02585	  -0.01598
   0.02951	  -0.01666
   0.03367	  -0.01737
   0.03840	  -0.01808
   0.04374	  -0.01880
   0.04974	  -0.01950
   0.05640	  -0.02018
   0.06368	  -0.02081
   0.07150	  -0.02138
   0.07974	  -0.02188
   0.08830	  -0.02230
   0.09710	  -0.02262
   0.10607	  -0.02285
   0.11517	  -0.02300
   0.12435	  -0.02306
   0.13357	  -0.02304
   0.14282	  -0.02294
   0.15209	  -0.02275
   0.16134	  -0.02247
   0.17054	  -0.02212
   0.17964	  -0.02167
   0.18866	  -0.02112
   0.19764	  -0.02045
   0.20664	  -0.01965
   0.21571	  -0.01874
   0.22490	  -0.01772
   0.23423	  -0.01659
   0.24371	  -0.01538
   0.25333	  -0.01410
   0.26306	  -0.01277
   0.27286	  -0.01140
   0.28270	  -0.01002
   0.29256	  -0.00861
   0.30245	  -0.00719
   0.31237	  -0.00575
   0.32231	  -0.00430
   0.33226	  -0.00286
   0.34221	  -0.00141
   0.35215	   0.00002
   0.36207	   0.00144
   0.37197	   0.00285
   0.38185	   0.00424
   0.39172	   0.00562
   0.40159	   0.00697
   0.41145	   0.00831
   0.42129	   0.00963
   0.43112	   0.01093
   0.44094	   0.01220
   0.45075	   0.01344
   0.46054	   0.01466
   0.47034	   0.01585
   0.48013	   0.01701
   0.48992	   0.01814
   0.49970	   0.01924
   0.50948	   0.02032
   0.51924	   0.02135
   0.52899	   0.02236
   0.53873	   0.02333
   0.54848	   0.02427
   0.55824	   0.02517
   0.56800	   0.02603
   0.57777	   0.02686
   0.58753	   0.02766
   0.59727	   0.02841
   0.60696	   0.02913
   0.61664	   0.02980
   0.62632	   0.03042
   0.63605	   0.03100
   0.64587	   0.03154
   0.65579	   0.03207
   0.66579	   0.03259
   0.67581	   0.03309
   0.68583	   0.03358
   0.69582	   0.03404
   0.70576	   0.03447
   0.71565	   0.03488
   0.72548	   0.03525
   0.73526	   0.03559
   0.74500	   0.03589
   0.75470	   0.03615
   0.76436	   0.03636
   0.77399	   0.03651
   0.78357	   0.03661
   0.79311	   0.03665
   0.80260	   0.03662
   0.81202	   0.03652
   0.82137	   0.03636
   0.83064	   0.03612
   0.83986	   0.03581
   0.84903	   0.03542
   0.85818	   0.03495
   0.86732	   0.03441
   0.87650	   0.03377
   0.88575	   0.03304
   0.89509	   0.03220
   0.90453	   0.03125
   0.91402	   0.03017
   0.92347	   0.02898
   0.93276	   0.02767
   0.94175	   0.02627
   0.95032	   0.02481
   0.95840	   0.02330
   0.96595	   0.02171
   0.97307	   0.01999
   0.97984	   0.01812
   0.98631	   0.01610
   0.99247	   0.01398
   0.99824	   0.01186
   1.00181	   0.01052
