S2048
   1.00000	   0.00000
   0.99652	   0.00048
   0.99016	   0.00145
   0.98283	   0.00269
   0.97494	   0.00411
   0.96674	   0.00563
   0.95838	   0.00720
   0.94998	   0.00879
   0.94158	   0.01037
   0.93321	   0.01192
   0.92487	   0.01343
   0.91655	   0.01491
   0.90822	   0.01635
   0.89989	   0.01775
   0.89154	   0.01911
   0.88317	   0.02044
   0.87478	   0.02174
   0.86637	   0.02301
   0.85794	   0.02426
   0.84950	   0.02549
   0.84105	   0.02670
   0.83258	   0.02789
   0.82411	   0.02906
   0.81563	   0.03022
   0.80715	   0.03136
   0.79867	   0.03249
   0.79018	   0.03360
   0.78170	   0.03470
   0.77322	   0.03577
   0.76473	   0.03683
   0.75625	   0.03788
   0.74776	   0.03890
   0.73927	   0.03991
   0.73078	   0.04091
   0.72229	   0.04188
   0.71380	   0.04283
   0.70531	   0.04377
   0.69682	   0.04468
   0.68834	   0.04557
   0.67986	   0.04644
   0.67138	   0.04729
   0.66290	   0.04811
   0.65442	   0.04891
   0.64594	   0.04968
   0.63747	   0.05042
   0.62899	   0.05114
   0.62050	   0.05184
   0.61202	   0.05250
   0.60353	   0.05314
   0.59504	   0.05376
   0.58655	   0.05435
   0.57806	   0.05491
   0.56957	   0.05545
   0.56108	   0.05596
   0.55258	   0.05644
   0.54408	   0.05690
   0.53558	   0.05733
   0.52708	   0.05773
   0.51858	   0.05811
   0.51007	   0.05847
   0.50156	   0.05880
   0.49304	   0.05910
   0.48453	   0.05938
   0.47601	   0.05964
   0.46748	   0.05988
   0.45896	   0.06009
   0.45043	   0.06028
   0.44191	   0.06044
   0.43338	   0.06059
   0.42485	   0.06071
   0.41632	   0.06081
   0.40779	   0.06089
   0.39926	   0.06095
   0.39073	   0.06098
   0.38221	   0.06099
   0.37368	   0.06098
   0.36516	   0.06095
   0.35664	   0.06089
   0.34812	   0.06081
   0.33960	   0.06070
   0.33109	   0.06057
   0.32257	   0.06041
   0.31406	   0.06023
   0.30555	   0.06002
   0.29705	   0.05978
   0.28854	   0.05952
   0.28005	   0.05923
   0.27155	   0.05891
   0.26307	   0.05857
   0.25459	   0.05819
   0.24612	   0.05778
   0.23765	   0.05733
   0.22920	   0.05685
   0.22076	   0.05634
   0.21233	   0.05578
   0.20391	   0.05519
   0.19550	   0.05455
   0.18710	   0.05386
   0.17873	   0.05313
   0.17038	   0.05235
   0.16207	   0.05151
   0.15380	   0.05061
   0.14557	   0.04964
   0.13738	   0.04860
   0.12924	   0.04748
   0.12115	   0.04626
   0.11310	   0.04495
   0.10511	   0.04354
   0.09717	   0.04203
   0.08927	   0.04040
   0.08141	   0.03866
   0.07357	   0.03680
   0.06577	   0.03481
   0.05812	   0.03269
   0.05073	   0.03049
   0.04366	   0.02820
   0.03682	   0.02578
   0.03006	   0.02313
   0.02373	   0.02034
   0.01855	   0.01776
   0.01454	   0.01551
   0.01131	   0.01346
   0.00856	   0.01147
   0.00619	   0.00950
   0.00431	   0.00764
   0.00291	   0.00604
   0.00186	   0.00469
   0.00110	   0.00352
   0.00056	   0.00248
   0.00020	   0.00153
   0.00001	   0.00064
  -0.00001	  -0.00022
   0.00016	  -0.00107
   0.00049	  -0.00193
   0.00101	  -0.00282
   0.00174	  -0.00376
   0.00273	  -0.00476
   0.00405	  -0.00584
   0.00584	  -0.00696
   0.00830	  -0.00812
   0.01151	  -0.00927
   0.01536	  -0.01049
   0.01990	  -0.01182
   0.02526	  -0.01321
   0.03152	  -0.01454
   0.03859	  -0.01574
   0.04620	  -0.01680
   0.05411	  -0.01777
   0.06218	  -0.01864
   0.07032	  -0.01942
   0.07853	  -0.02012
   0.08681	  -0.02074
   0.09515	  -0.02131
   0.10355	  -0.02182
   0.11199	  -0.02230
   0.12044	  -0.02273
   0.12891	  -0.02313
   0.13739	  -0.02349
   0.14587	  -0.02383
   0.15436	  -0.02413
   0.16287	  -0.02441
   0.17138	  -0.02466
   0.17991	  -0.02489
   0.18844	  -0.02509
   0.19697	  -0.02527
   0.20550	  -0.02544
   0.21404	  -0.02558
   0.22258	  -0.02570
   0.23112	  -0.02580
   0.23967	  -0.02589
   0.24822	  -0.02596
   0.25677	  -0.02601
   0.26533	  -0.02604
   0.27388	  -0.02606
   0.28244	  -0.02606
   0.29099	  -0.02605
   0.29954	  -0.02601
   0.30809	  -0.02596
   0.31665	  -0.02590
   0.32519	  -0.02582
   0.33374	  -0.02572
   0.34229	  -0.02560
   0.35084	  -0.02547
   0.35939	  -0.02532
   0.36794	  -0.02515
   0.37649	  -0.02496
   0.38504	  -0.02476
   0.39360	  -0.02455
   0.40215	  -0.02431
   0.41071	  -0.02407
   0.41927	  -0.02380
   0.42783	  -0.02353
   0.43638	  -0.02323
   0.44494	  -0.02293
   0.45350	  -0.02261
   0.46205	  -0.02227
   0.47061	  -0.02192
   0.47916	  -0.02155
   0.48770	  -0.02117
   0.49624	  -0.02077
   0.50478	  -0.02036
   0.51332	  -0.01993
   0.52185	  -0.01948
   0.53039	  -0.01901
   0.53892	  -0.01852
   0.54746	  -0.01803
   0.55600	  -0.01751
   0.56455	  -0.01698
   0.57311	  -0.01644
   0.58168	  -0.01588
   0.59025	  -0.01532
   0.59884	  -0.01475
   0.60744	  -0.01418
   0.61604	  -0.01360
   0.62464	  -0.01302
   0.63324	  -0.01245
   0.64184	  -0.01187
   0.65044	  -0.01130
   0.65904	  -0.01073
   0.66763	  -0.01016
   0.67622	  -0.00959
   0.68480	  -0.00903
   0.69338	  -0.00848
   0.70196	  -0.00793
   0.71053	  -0.00740
   0.71910	  -0.00686
   0.72767	  -0.00634
   0.73624	  -0.00583
   0.74480	  -0.00533
   0.75336	  -0.00484
   0.76192	  -0.00436
   0.77048	  -0.00390
   0.77903	  -0.00344
   0.78757	  -0.00301
   0.79612	  -0.00259
   0.80465	  -0.00219
   0.81319	  -0.00180
   0.82172	  -0.00144
   0.83026	  -0.00109
   0.83879	  -0.00077
   0.84731	  -0.00046
   0.85584	  -0.00018
   0.86437	   0.00008
   0.87289	   0.00032
   0.88141	   0.00054
   0.88993	   0.00073
   0.89844	   0.00090
   0.90695	   0.00104
   0.91544	   0.00115
   0.92393	   0.00123
   0.93240	   0.00128
   0.94086	   0.00129
   0.94930	   0.00127
   0.95774	   0.00120
   0.96615	   0.00110
   0.97443	   0.00094
   0.98243	   0.00074
   0.98994	   0.00048
   0.99648	   0.00019
   1.00001	   0.00000
