S2062 8%
   1.00000	   0.00000
   0.99668	   0.00040
   0.99041	   0.00123
   0.98301	   0.00229
   0.97497	   0.00349
   0.96662	   0.00475
   0.95818	   0.00601
   0.94976	   0.00726
   0.94136	   0.00848
   0.93294	   0.00969
   0.92448	   0.01088
   0.91600	   0.01207
   0.90751	   0.01324
   0.89901	   0.01441
   0.89051	   0.01557
   0.88202	   0.01672
   0.87353	   0.01786
   0.86504	   0.01898
   0.85656	   0.02010
   0.84807	   0.02121
   0.83958	   0.02230
   0.83109	   0.02338
   0.82259	   0.02445
   0.81410	   0.02551
   0.80561	   0.02656
   0.79713	   0.02759
   0.78865	   0.02861
   0.78017	   0.02961
   0.77170	   0.03059
   0.76323	   0.03156
   0.75475	   0.03251
   0.74628	   0.03344
   0.73780	   0.03435
   0.72932	   0.03524
   0.72084	   0.03612
   0.71236	   0.03697
   0.70387	   0.03781
   0.69538	   0.03863
   0.68689	   0.03943
   0.67840	   0.04022
   0.66990	   0.04098
   0.66141	   0.04173
   0.65291	   0.04246
   0.64441	   0.04317
   0.63591	   0.04387
   0.62740	   0.04455
   0.61890	   0.04521
   0.61040	   0.04585
   0.60189	   0.04647
   0.59338	   0.04708
   0.58487	   0.04767
   0.57637	   0.04824
   0.56786	   0.04879
   0.55935	   0.04932
   0.55084	   0.04983
   0.54233	   0.05033
   0.53382	   0.05080
   0.52531	   0.05126
   0.51681	   0.05169
   0.50830	   0.05211
   0.49979	   0.05251
   0.49128	   0.05288
   0.48276	   0.05324
   0.47425	   0.05358
   0.46574	   0.05389
   0.45723	   0.05419
   0.44871	   0.05446
   0.44020	   0.05472
   0.43169	   0.05495
   0.42319	   0.05516
   0.41468	   0.05535
   0.40618	   0.05552
   0.39768	   0.05566
   0.38918	   0.05578
   0.38069	   0.05587
   0.37219	   0.05594
   0.36369	   0.05598
   0.35520	   0.05600
   0.34670	   0.05600
   0.33821	   0.05597
   0.32973	   0.05591
   0.32125	   0.05582
   0.31277	   0.05571
   0.30430	   0.05556
   0.29583	   0.05539
   0.28737	   0.05518
   0.27892	   0.05495
   0.27047	   0.05468
   0.26202	   0.05437
   0.25358	   0.05403
   0.24514	   0.05366
   0.23672	   0.05325
   0.22831	   0.05280
   0.21990	   0.05231
   0.21151	   0.05178
   0.20313	   0.05120
   0.19477	   0.05058
   0.18642	   0.04992
   0.17809	   0.04920
   0.16978	   0.04842
   0.16149	   0.04760
   0.15323	   0.04671
   0.14499	   0.04576
   0.13677	   0.04475
   0.12860	   0.04366
   0.12045	   0.04250
   0.11235	   0.04127
   0.10429	   0.03995
   0.09627	   0.03855
   0.08830	   0.03705
   0.08042	   0.03545
   0.07264	   0.03375
   0.06501	   0.03194
   0.05751	   0.03001
   0.05013	   0.02794
   0.04287	   0.02570
   0.03589	   0.02333
   0.02941	   0.02091
   0.02361	   0.01848
   0.01851	   0.01604
   0.01409	   0.01363
   0.01045	   0.01143
   0.00758	   0.00955
   0.00537	   0.00794
   0.00370	   0.00649
   0.00247	   0.00514
   0.00154	   0.00388
   0.00085	   0.00270
   0.00036	   0.00160
   0.00006	   0.00059
  -0.00008	  -0.00034
  -0.00005	  -0.00121
   0.00017	  -0.00202
   0.00057	  -0.00279
   0.00117	  -0.00355
   0.00200	  -0.00434
   0.00312	  -0.00519
   0.00467	  -0.00618
   0.00686	  -0.00747
   0.01006	  -0.00917
   0.01377	  -0.01085
   0.01741	  -0.01223
   0.02138	  -0.01351
   0.02624	  -0.01484
   0.03272	  -0.01634
   0.04058	  -0.01788
   0.04829	  -0.01912
   0.05565	  -0.02013
   0.06310	  -0.02101
   0.07089	  -0.02180
   0.07901	  -0.02250
   0.08731	  -0.02312
   0.09561	  -0.02365
   0.10388	  -0.02410
   0.11214	  -0.02448
   0.12043	  -0.02481
   0.12877	  -0.02508
   0.13715	  -0.02531
   0.14558	  -0.02549
   0.15403	  -0.02563
   0.16250	  -0.02573
   0.17098	  -0.02581
   0.17946	  -0.02586
   0.18795	  -0.02588
   0.19645	  -0.02587
   0.20495	  -0.02584
   0.21346	  -0.02579
   0.22198	  -0.02572
   0.23051	  -0.02563
   0.23905	  -0.02552
   0.24760	  -0.02540
   0.25615	  -0.02526
   0.26471	  -0.02511
   0.27327	  -0.02495
   0.28183	  -0.02478
   0.29040	  -0.02460
   0.29896	  -0.02440
   0.30753	  -0.02420
   0.31609	  -0.02399
   0.32466	  -0.02377
   0.33323	  -0.02354
   0.34181	  -0.02330
   0.35038	  -0.02306
   0.35896	  -0.02281
   0.36754	  -0.02255
   0.37612	  -0.02228
   0.38470	  -0.02201
   0.39329	  -0.02174
   0.40188	  -0.02146
   0.41047	  -0.02117
   0.41906	  -0.02088
   0.42765	  -0.02059
   0.43624	  -0.02030
   0.44483	  -0.02000
   0.45342	  -0.01969
   0.46201	  -0.01938
   0.47060	  -0.01907
   0.47919	  -0.01876
   0.48778	  -0.01844
   0.49638	  -0.01812
   0.50497	  -0.01779
   0.51357	  -0.01747
   0.52216	  -0.01714
   0.53075	  -0.01680
   0.53935	  -0.01647
   0.54794	  -0.01613
   0.55653	  -0.01579
   0.56512	  -0.01544
   0.57371	  -0.01509
   0.58229	  -0.01474
   0.59088	  -0.01438
   0.59947	  -0.01402
   0.60806	  -0.01366
   0.61664	  -0.01329
   0.62522	  -0.01291
   0.63380	  -0.01253
   0.64237	  -0.01215
   0.65094	  -0.01176
   0.65951	  -0.01136
   0.66807	  -0.01095
   0.67664	  -0.01054
   0.68520	  -0.01012
   0.69378	  -0.00969
   0.70235	  -0.00925
   0.71093	  -0.00881
   0.71951	  -0.00837
   0.72810	  -0.00792
   0.73669	  -0.00747
   0.74527	  -0.00702
   0.75385	  -0.00657
   0.76243	  -0.00613
   0.77101	  -0.00569
   0.77958	  -0.00525
   0.78815	  -0.00483
   0.79671	  -0.00441
   0.80528	  -0.00400
   0.81384	  -0.00359
   0.82240	  -0.00320
   0.83095	  -0.00282
   0.83951	  -0.00245
   0.84805	  -0.00209
   0.85659	  -0.00174
   0.86512	  -0.00141
   0.87365	  -0.00110
   0.88216	  -0.00081
   0.89067	  -0.00053
   0.89918	  -0.00028
   0.90769	  -0.00005
   0.91620	   0.00015
   0.92468	   0.00033
   0.93315	   0.00049
   0.94157	   0.00061
   0.94998	   0.00069
   0.95838	   0.00072
   0.96674	   0.00071
   0.97497	   0.00065
   0.98290	   0.00054
   0.99030	   0.00036
   0.99665	   0.00014
   1.00000	   0.00000
