S5010-98
   0.99676	   0.00001
   0.98956	   0.00005
   0.97872	   0.00019
   0.96780	   0.00044
   0.95684	   0.00077
   0.94584	   0.00120
   0.93481	   0.00172
   0.92376	   0.00235
   0.91267	   0.00308
   0.90156	   0.00391
   0.89043	   0.00483
   0.87928	   0.00584
   0.86810	   0.00693
   0.85690	   0.00809
   0.84567	   0.00932
   0.83443	   0.01061
   0.82316	   0.01194
   0.81188	   0.01333
   0.80059	   0.01476
   0.78928	   0.01623
   0.77796	   0.01773
   0.76663	   0.01927
   0.75528	   0.02084
   0.74393	   0.02243
   0.73257	   0.02405
   0.72120	   0.02569
   0.70983	   0.02736
   0.69845	   0.02903
   0.68706	   0.03072
   0.67566	   0.03242
   0.66427	   0.03413
   0.65287	   0.03583
   0.64149	   0.03752
   0.63011	   0.03921
   0.61874	   0.04087
   0.60738	   0.04252
   0.59603	   0.04415
   0.58470	   0.04576
   0.57337	   0.04734
   0.56207	   0.04889
   0.55079	   0.05042
   0.53955	   0.05190
   0.52833	   0.05334
   0.51715	   0.05473
   0.50600	   0.05605
   0.49487	   0.05732
   0.48377	   0.05856
   0.47272	   0.05979
   0.46173	   0.06102
   0.45086	   0.06224
   0.44012	   0.06339
   0.42950	   0.06439
   0.41902	   0.06516
   0.40863	   0.06565
   0.39831	   0.06590
   0.38805	   0.06605
   0.37784	   0.06625
   0.36766	   0.06663
   0.35753	   0.06731
   0.34741	   0.06821
   0.33730	   0.06919
   0.32717	   0.07010
   0.31697	   0.07078
   0.30668	   0.07116
   0.29628	   0.07129
   0.28578	   0.07125
   0.27521	   0.07112
   0.26462	   0.07097
   0.25408	   0.07079
   0.24362	   0.07054
   0.23327	   0.07021
   0.22305	   0.06977
   0.21297	   0.06923
   0.20305	   0.06860
   0.19331	   0.06788
   0.18380	   0.06708
   0.17454	   0.06620
   0.16556	   0.06526
   0.15688	   0.06424
   0.14853	   0.06317
   0.14050	   0.06203
   0.13282	   0.06086
   0.12549	   0.05964
   0.11851	   0.05839
   0.11188	   0.05712
   0.10559	   0.05582
   0.09964	   0.05452
   0.09400	   0.05321
   0.08866	   0.05190
   0.08361	   0.05059
   0.07884	   0.04928
   0.07433	   0.04797
   0.07005	   0.04668
   0.06601	   0.04539
   0.06217	   0.04410
   0.05853	   0.04283
   0.05508	   0.04157
   0.05181	   0.04031
   0.04869	   0.03907
   0.04573	   0.03784
   0.04291	   0.03661
   0.04022	   0.03540
   0.03766	   0.03419
   0.03522	   0.03299
   0.03289	   0.03180
   0.03066	   0.03062
   0.02853	   0.02944
   0.02650	   0.02826
   0.02455	   0.02710
   0.02270	   0.02593
   0.02092	   0.02477
   0.01923	   0.02362
   0.01762	   0.02246
   0.01607	   0.02131
   0.01460	   0.02016
   0.01320	   0.01900
   0.01186	   0.01785
   0.01059	   0.01670
   0.00938	   0.01554
   0.00823	   0.01437
   0.00714	   0.01321
   0.00611	   0.01203
   0.00514	   0.01086
   0.00425	   0.00968
   0.00343	   0.00849
   0.00269	   0.00729
   0.00204	   0.00609
   0.00147	   0.00489
   0.00099	   0.00367
   0.00058	   0.00245
   0.00026	   0.00123
   0.00012	   0.00062
   0.00000	   0.00000
   0.00011	  -0.00122
   0.00048	  -0.00236
   0.00108	  -0.00345
   0.00190	  -0.00448
   0.00288	  -0.00544
   0.00398	  -0.00632
   0.00516	  -0.00711
   0.00640	  -0.00783
   0.00770	  -0.00848
   0.00906	  -0.00906
   0.01048	  -0.00959
   0.01195	  -0.01007
   0.01348	  -0.01053
   0.01505	  -0.01098
   0.01668	  -0.01143
   0.01835	  -0.01188
   0.02008	  -0.01234
   0.02187	  -0.01279
   0.02371	  -0.01324
   0.02562	  -0.01369
   0.02759	  -0.01414
   0.02963	  -0.01458
   0.03175	  -0.01501
   0.03395	  -0.01542
   0.03622	  -0.01583
   0.03859	  -0.01623
   0.04105	  -0.01662
   0.04361	  -0.01701
   0.04628	  -0.01739
   0.04907	  -0.01776
   0.05197	  -0.01813
   0.05500	  -0.01851
   0.05818	  -0.01888
   0.06150	  -0.01926
   0.06498	  -0.01964
   0.06863	  -0.02001
   0.07247	  -0.02039
   0.07650	  -0.02076
   0.08075	  -0.02113
   0.08523	  -0.02150
   0.08995	  -0.02186
   0.09493	  -0.02222
   0.10019	  -0.02258
   0.10575	  -0.02293
   0.11162	  -0.02328
   0.11782	  -0.02363
   0.12436	  -0.02397
   0.13126	  -0.02430
   0.13851	  -0.02463
   0.14612	  -0.02494
   0.15409	  -0.02524
   0.16242	  -0.02553
   0.17108	  -0.02579
   0.18007	  -0.02604
   0.18935	  -0.02627
   0.19891	  -0.02647
   0.20872	  -0.02665
   0.21876	  -0.02681
   0.22899	  -0.02693
   0.23939	  -0.02703
   0.24993	  -0.02710
   0.26060	  -0.02714
   0.27138	  -0.02715
   0.28225	  -0.02713
   0.29319	  -0.02709
   0.30420	  -0.02703
   0.31526	  -0.02694
   0.32637	  -0.02683
   0.33751	  -0.02670
   0.34869	  -0.02655
   0.35989	  -0.02638
   0.37111	  -0.02619
   0.38234	  -0.02598
   0.39360	  -0.02576
   0.40487	  -0.02552
   0.41614	  -0.02527
   0.42743	  -0.02501
   0.43873	  -0.02473
   0.45003	  -0.02444
   0.46133	  -0.02414
   0.47264	  -0.02383
   0.48396	  -0.02351
   0.49528	  -0.02317
   0.50660	  -0.02283
   0.51792	  -0.02247
   0.52925	  -0.02211
   0.54058	  -0.02174
   0.55191	  -0.02136
   0.56325	  -0.02097
   0.57458	  -0.02058
   0.58592	  -0.02017
   0.59726	  -0.01976
   0.60859	  -0.01935
   0.61993	  -0.01892
   0.63127	  -0.01849
   0.64261	  -0.01805
   0.65395	  -0.01761
   0.66529	  -0.01716
   0.67664	  -0.01670
   0.68798	  -0.01624
   0.69932	  -0.01578
   0.71066	  -0.01531
   0.72200	  -0.01484
   0.73334	  -0.01436
   0.74468	  -0.01388
   0.75601	  -0.01339
   0.76734	  -0.01290
   0.77867	  -0.01240
   0.78999	  -0.01189
   0.80131	  -0.01138
   0.81262	  -0.01087
   0.82393	  -0.01035
   0.83522	  -0.00983
   0.84650	  -0.00931
   0.85776	  -0.00877
   0.86900	  -0.00823
   0.88022	  -0.00768
   0.89141	  -0.00712
   0.90256	  -0.00654
   0.91368	  -0.00596
   0.92475	  -0.00534
   0.93576	  -0.00470
   0.94670	  -0.00400
   0.95757	  -0.00325
   0.96838	  -0.00242
   0.97910	  -0.00154
   0.98973	  -0.00069
   0.99678	  -0.00019
