S7055 (10,5%) Flat-Bottomed
   1.00000	   0.00000
   0.99638	   0.00046
   0.99001	   0.00142
   0.98266	   0.00261
   0.97469	   0.00397
   0.96632	   0.00543
   0.95780	   0.00693
   0.94924	   0.00846
   0.94067	   0.01001
   0.93209	   0.01158
   0.92348	   0.01318
   0.91487	   0.01480
   0.90625	   0.01643
   0.89762	   0.01807
   0.88900	   0.01973
   0.88038	   0.02140
   0.87174	   0.02308
   0.86308	   0.02477
   0.85442	   0.02646
   0.84575	   0.02815
   0.83708	   0.02985
   0.82842	   0.03154
   0.81976	   0.03324
   0.81110	   0.03493
   0.80246	   0.03661
   0.79383	   0.03828
   0.78521	   0.03994
   0.77662	   0.04158
   0.76803	   0.04319
   0.75946	   0.04478
   0.75089	   0.04635
   0.74232	   0.04789
   0.73374	   0.04940
   0.72515	   0.05089
   0.71654	   0.05237
   0.70792	   0.05382
   0.69929	   0.05525
   0.69068	   0.05667
   0.68207	   0.05806
   0.67347	   0.05942
   0.66487	   0.06075
   0.65627	   0.06205
   0.64767	   0.06333
   0.63905	   0.06458
   0.63043	   0.06581
   0.62181	   0.06700
   0.61317	   0.06818
   0.60453	   0.06932
   0.59590	   0.07044
   0.58728	   0.07154
   0.57866	   0.07260
   0.57005	   0.07362
   0.56144	   0.07461
   0.55283	   0.07557
   0.54420	   0.07649
   0.53557	   0.07738
   0.52692	   0.07825
   0.51828	   0.07908
   0.50963	   0.07987
   0.50100	   0.08064
   0.49237	   0.08136
   0.48375	   0.08205
   0.47513	   0.08270
   0.46652	   0.08331
   0.45790	   0.08388
   0.44928	   0.08441
   0.44065	   0.08489
   0.43201	   0.08534
   0.42337	   0.08575
   0.41473	   0.08612
   0.40610	   0.08646
   0.39748	   0.08675
   0.38887	   0.08699
   0.38027	   0.08719
   0.37168	   0.08733
   0.36308	   0.08743
   0.35449	   0.08748
   0.34590	   0.08748
   0.33730	   0.08744
   0.32871	   0.08734
   0.32013	   0.08719
   0.31156	   0.08698
   0.30300	   0.08673
   0.29445	   0.08641
   0.28592	   0.08604
   0.27741	   0.08561
   0.26890	   0.08511
   0.26040	   0.08455
   0.25191	   0.08393
   0.24342	   0.08324
   0.23495	   0.08249
   0.22649	   0.08167
   0.21806	   0.08078
   0.20966	   0.07982
   0.20128	   0.07878
   0.19294	   0.07767
   0.18462	   0.07647
   0.17630	   0.07519
   0.16801	   0.07382
   0.15975	   0.07237
   0.15153	   0.07084
   0.14337	   0.06922
   0.13527	   0.06750
   0.12722	   0.06567
   0.11922	   0.06374
   0.11127	   0.06170
   0.10339	   0.05954
   0.09559	   0.05727
   0.08788	   0.05488
   0.08028	   0.05237
   0.07280	   0.04973
   0.06545	   0.04694
   0.05825	   0.04402
   0.05125	   0.04097
   0.04450	   0.03779
   0.03804	   0.03450
   0.03196	   0.03112
   0.02640	   0.02774
   0.02145	   0.02443
   0.01712	   0.02126
   0.01346	   0.01829
   0.01053	   0.01567
   0.00823	   0.01340
   0.00641	   0.01141
   0.00494	   0.00959
   0.00373	   0.00791
   0.00272	   0.00635
   0.00189	   0.00492
   0.00121	   0.00363
   0.00067	   0.00248
   0.00028	   0.00143
   0.00005	   0.00046
  -0.00003	  -0.00046
   0.00007	  -0.00136
   0.00035	  -0.00226
   0.00081	  -0.00317
   0.00145	  -0.00412
   0.00230	  -0.00510
   0.00336	  -0.00608
   0.00468	  -0.00705
   0.00628	  -0.00801
   0.00815	  -0.00897
   0.01034	  -0.00995
   0.01293	  -0.01096
   0.01606	  -0.01199
   0.01989	  -0.01298
   0.02461	  -0.01393
   0.03028	  -0.01482
   0.03686	  -0.01567
   0.04413	  -0.01643
   0.05188	  -0.01710
   0.05995	  -0.01767
   0.06823	  -0.01815
   0.07664	  -0.01856
   0.08512	  -0.01890
   0.09366	  -0.01918
   0.10226	  -0.01941
   0.11089	  -0.01960
   0.11955	  -0.01976
   0.12824	  -0.01988
   0.13694	  -0.01997
   0.14566	  -0.02004
   0.15439	  -0.02008
   0.16313	  -0.02010
   0.17187	  -0.02010
   0.18062	  -0.02009
   0.18938	  -0.02006
   0.19814	  -0.02001
   0.20689	  -0.01994
   0.21565	  -0.01986
   0.22440	  -0.01976
   0.23315	  -0.01965
   0.24191	  -0.01951
   0.25066	  -0.01937
   0.25943	  -0.01920
   0.26820	  -0.01902
   0.27699	  -0.01884
   0.28579	  -0.01864
   0.29459	  -0.01843
   0.30341	  -0.01822
   0.31222	  -0.01801
   0.32104	  -0.01779
   0.32985	  -0.01757
   0.33867	  -0.01735
   0.34749	  -0.01712
   0.35631	  -0.01689
   0.36514	  -0.01666
   0.37397	  -0.01643
   0.38280	  -0.01619
   0.39163	  -0.01596
   0.40046	  -0.01573
   0.40929	  -0.01550
   0.41812	  -0.01527
   0.42695	  -0.01503
   0.43578	  -0.01480
   0.44461	  -0.01457
   0.45344	  -0.01434
   0.46227	  -0.01411
   0.47110	  -0.01388
   0.47993	  -0.01365
   0.48876	  -0.01342
   0.49759	  -0.01319
   0.50642	  -0.01295
   0.51525	  -0.01272
   0.52408	  -0.01249
   0.53291	  -0.01225
   0.54174	  -0.01202
   0.55057	  -0.01179
   0.55940	  -0.01156
   0.56823	  -0.01133
   0.57706	  -0.01109
   0.58589	  -0.01086
   0.59471	  -0.01063
   0.60354	  -0.01040
   0.61237	  -0.01017
   0.62120	  -0.00994
   0.63002	  -0.00971
   0.63885	  -0.00948
   0.64768	  -0.00924
   0.65651	  -0.00901
   0.66534	  -0.00878
   0.67417	  -0.00855
   0.68300	  -0.00832
   0.69183	  -0.00808
   0.70066	  -0.00785
   0.70948	  -0.00763
   0.71831	  -0.00740
   0.72714	  -0.00717
   0.73596	  -0.00693
   0.74479	  -0.00670
   0.75362	  -0.00647
   0.76245	  -0.00624
   0.77128	  -0.00600
   0.78011	  -0.00577
   0.78894	  -0.00554
   0.79778	  -0.00530
   0.80661	  -0.00507
   0.81544	  -0.00484
   0.82427	  -0.00461
   0.83309	  -0.00438
   0.84192	  -0.00415
   0.85075	  -0.00392
   0.85958	  -0.00369
   0.86841	  -0.00346
   0.87723	  -0.00322
   0.88606	  -0.00299
   0.89489	  -0.00276
   0.90371	  -0.00253
   0.91252	  -0.00230
   0.92133	  -0.00206
   0.93013	  -0.00183
   0.93892	  -0.00160
   0.94770	  -0.00138
   0.95646	  -0.00115
   0.96515	  -0.00091
   0.97372	  -0.00069
   0.98199	  -0.00048
   0.98966	  -0.00027
   0.99630	  -0.00009
   1.00000	   0.00000
