S8038 (13%)
   1.00000	   0.00000
   0.99620	   0.00066
   0.98999	   0.00201
   0.98311	   0.00353
   0.97577	   0.00506
   0.96802	   0.00655
   0.95984	   0.00798
   0.95126	   0.00938
   0.94236	   0.01077
   0.93324	   0.01216
   0.92397	   0.01354
   0.91459	   0.01492
   0.90515	   0.01629
   0.89566	   0.01766
   0.88614	   0.01902
   0.87659	   0.02037
   0.86703	   0.02172
   0.85746	   0.02306
   0.84788	   0.02440
   0.83829	   0.02573
   0.82871	   0.02706
   0.81912	   0.02839
   0.80953	   0.02970
   0.79994	   0.03102
   0.79035	   0.03232
   0.78075	   0.03363
   0.77116	   0.03493
   0.76157	   0.03622
   0.75199	   0.03750
   0.74241	   0.03878
   0.73283	   0.04005
   0.72326	   0.04131
   0.71370	   0.04255
   0.70413	   0.04379
   0.69457	   0.04502
   0.68500	   0.04624
   0.67544	   0.04745
   0.66588	   0.04865
   0.65633	   0.04983
   0.64679	   0.05101
   0.63727	   0.05216
   0.62776	   0.05329
   0.61826	   0.05441
   0.60877	   0.05550
   0.59929	   0.05657
   0.58980	   0.05762
   0.58032	   0.05864
   0.57084	   0.05964
   0.56135	   0.06062
   0.55188	   0.06157
   0.54241	   0.06250
   0.53295	   0.06340
   0.52351	   0.06427
   0.51408	   0.06511
   0.50467	   0.06591
   0.49526	   0.06668
   0.48585	   0.06741
   0.47645	   0.06811
   0.46705	   0.06878
   0.45764	   0.06940
   0.44822	   0.06999
   0.43881	   0.07055
   0.42941	   0.07107
   0.42003	   0.07154
   0.41066	   0.07198
   0.40130	   0.07238
   0.39196	   0.07273
   0.38261	   0.07303
   0.37325	   0.07329
   0.36389	   0.07351
   0.35453	   0.07368
   0.34518	   0.07381
   0.33585	   0.07390
   0.32652	   0.07394
   0.31722	   0.07392
   0.30792	   0.07386
   0.29864	   0.07375
   0.28936	   0.07358
   0.28009	   0.07336
   0.27082	   0.07308
   0.26156	   0.07276
   0.25230	   0.07237
   0.24307	   0.07194
   0.23385	   0.07145
   0.22467	   0.07090
   0.21551	   0.07029
   0.20639	   0.06961
   0.19729	   0.06887
   0.18823	   0.06806
   0.17918	   0.06718
   0.17017	   0.06623
   0.16120	   0.06520
   0.15229	   0.06410
   0.14344	   0.06293
   0.13466	   0.06167
   0.12598	   0.06033
   0.11741	   0.05891
   0.10896	   0.05739
   0.10067	   0.05578
   0.09256	   0.05408
   0.08467	   0.05228
   0.07705	   0.05038
   0.06971	   0.04840
   0.06270	   0.04633
   0.05607	   0.04420
   0.04990	   0.04205
   0.04423	   0.03988
   0.03906	   0.03770
   0.03438	   0.03552
   0.03016	   0.03336
   0.02638	   0.03123
   0.02300	   0.02914
   0.01998	   0.02712
   0.01729	   0.02517
   0.01490	   0.02330
   0.01279	   0.02150
   0.01093	   0.01976
   0.00929	   0.01808
   0.00785	   0.01645
   0.00659	   0.01489
   0.00549	   0.01337
   0.00453	   0.01191
   0.00370	   0.01049
   0.00297	   0.00911
   0.00233	   0.00777
   0.00177	   0.00647
   0.00128	   0.00521
   0.00085	   0.00400
   0.00049	   0.00285
   0.00021	   0.00174
   0.00003	   0.00067
  -0.00005	  -0.00037
  -0.00002	  -0.00138
   0.00014	  -0.00238
   0.00043	  -0.00339
   0.00084	  -0.00440
   0.00138	  -0.00543
   0.00206	  -0.00647
   0.00286	  -0.00751
   0.00380	  -0.00854
   0.00488	  -0.00957
   0.00611	  -0.01060
   0.00748	  -0.01163
   0.00898	  -0.01268
   0.01063	  -0.01377
   0.01245	  -0.01490
   0.01447	  -0.01608
   0.01672	  -0.01732
   0.01926	  -0.01861
   0.02212	  -0.01996
   0.02536	  -0.02137
   0.02903	  -0.02287
   0.03317	  -0.02445
   0.03783	  -0.02611
   0.04304	  -0.02783
   0.04881	  -0.02958
   0.05513	  -0.03136
   0.06198	  -0.03313
   0.06928	  -0.03488
   0.07694	  -0.03657
   0.08489	  -0.03820
   0.09306	  -0.03974
   0.10143	  -0.04119
   0.10996	  -0.04256
   0.11863	  -0.04385
   0.12742	  -0.04505
   0.13628	  -0.04619
   0.14520	  -0.04724
   0.15416	  -0.04822
   0.16317	  -0.04913
   0.17223	  -0.04996
   0.18135	  -0.05073
   0.19051	  -0.05144
   0.19972	  -0.05209
   0.20895	  -0.05269
   0.21820	  -0.05324
   0.22747	  -0.05373
   0.23675	  -0.05417
   0.24604	  -0.05456
   0.25536	  -0.05491
   0.26470	  -0.05520
   0.27406	  -0.05545
   0.28344	  -0.05567
   0.29283	  -0.05584
   0.30222	  -0.05597
   0.31161	  -0.05607
   0.32101	  -0.05612
   0.33041	  -0.05613
   0.33983	  -0.05611
   0.34925	  -0.05605
   0.35869	  -0.05595
   0.36813	  -0.05582
   0.37757	  -0.05566
   0.38702	  -0.05546
   0.39646	  -0.05523
   0.40589	  -0.05496
   0.41532	  -0.05466
   0.42474	  -0.05433
   0.43416	  -0.05396
   0.44358	  -0.05355
   0.45300	  -0.05310
   0.46242	  -0.05262
   0.47185	  -0.05211
   0.48128	  -0.05156
   0.49072	  -0.05098
   0.50016	  -0.05036
   0.50958	  -0.04971
   0.51900	  -0.04903
   0.52840	  -0.04832
   0.53780	  -0.04757
   0.54720	  -0.04678
   0.55661	  -0.04595
   0.56605	  -0.04510
   0.57550	  -0.04421
   0.58498	  -0.04329
   0.59448	  -0.04234
   0.60401	  -0.04138
   0.61355	  -0.04039
   0.62311	  -0.03939
   0.63268	  -0.03837
   0.64225	  -0.03734
   0.65183	  -0.03630
   0.66143	  -0.03525
   0.67103	  -0.03419
   0.68065	  -0.03312
   0.69028	  -0.03204
   0.69993	  -0.03096
   0.70957	  -0.02988
   0.71922	  -0.02880
   0.72886	  -0.02771
   0.73850	  -0.02663
   0.74814	  -0.02555
   0.75776	  -0.02447
   0.76739	  -0.02339
   0.77700	  -0.02232
   0.78661	  -0.02126
   0.79622	  -0.02021
   0.80582	  -0.01916
   0.81542	  -0.01813
   0.82501	  -0.01710
   0.83459	  -0.01609
   0.84416	  -0.01508
   0.85372	  -0.01410
   0.86327	  -0.01312
   0.87283	  -0.01217
   0.88238	  -0.01123
   0.89193	  -0.01030
   0.90147	  -0.00939
   0.91100	  -0.00850
   0.92051	  -0.00762
   0.92999	  -0.00676
   0.93943	  -0.00592
   0.94876	  -0.00509
   0.95785	  -0.00428
   0.96654	  -0.00347
   0.97479	  -0.00262
   0.98257	  -0.00176
   0.98976	  -0.00094
   0.99614	  -0.00025
   1.00000	   0.00000
