S8052 (11,88%)
   1.00000	   0.00000
   0.99636	   0.00035
   0.99019	   0.00102
   0.98317	   0.00179
   0.97546	   0.00267
   0.96722	   0.00367
   0.95860	   0.00475
   0.94974	   0.00590
   0.94074	   0.00710
   0.93168	   0.00835
   0.92257	   0.00963
   0.91340	   0.01095
   0.90420	   0.01230
   0.89498	   0.01367
   0.88574	   0.01507
   0.87650	   0.01648
   0.86724	   0.01791
   0.85798	   0.01936
   0.84870	   0.02083
   0.83942	   0.02231
   0.83012	   0.02380
   0.82082	   0.02530
   0.81150	   0.02681
   0.80218	   0.02833
   0.79284	   0.02986
   0.78351	   0.03139
   0.77417	   0.03292
   0.76482	   0.03445
   0.75547	   0.03598
   0.74612	   0.03751
   0.73677	   0.03904
   0.72743	   0.04056
   0.71812	   0.04207
   0.70882	   0.04357
   0.69955	   0.04506
   0.69029	   0.04653
   0.68103	   0.04798
   0.67177	   0.04942
   0.66251	   0.05084
   0.65329	   0.05224
   0.64411	   0.05361
   0.63498	   0.05495
   0.62590	   0.05623
   0.61685	   0.05747
   0.60784	   0.05866
   0.59883	   0.05980
   0.58982	   0.06088
   0.58079	   0.06192
   0.57172	   0.06291
   0.56262	   0.06386
   0.55349	   0.06477
   0.54434	   0.06565
   0.53518	   0.06649
   0.52603	   0.06729
   0.51689	   0.06806
   0.50775	   0.06878
   0.49861	   0.06946
   0.48947	   0.07011
   0.48032	   0.07071
   0.47116	   0.07127
   0.46199	   0.07180
   0.45281	   0.07229
   0.44363	   0.07274
   0.43444	   0.07316
   0.42526	   0.07353
   0.41609	   0.07387
   0.40693	   0.07417
   0.39778	   0.07443
   0.38861	   0.07465
   0.37945	   0.07482
   0.37028	   0.07496
   0.36111	   0.07506
   0.35194	   0.07512
   0.34279	   0.07514
   0.33365	   0.07511
   0.32452	   0.07504
   0.31539	   0.07493
   0.30626	   0.07477
   0.29713	   0.07457
   0.28802	   0.07432
   0.27892	   0.07403
   0.26983	   0.07369
   0.26076	   0.07330
   0.25169	   0.07286
   0.24264	   0.07236
   0.23360	   0.07182
   0.22459	   0.07123
   0.21560	   0.07058
   0.20665	   0.06987
   0.19773	   0.06911
   0.18884	   0.06828
   0.17997	   0.06738
   0.17116	   0.06642
   0.16239	   0.06539
   0.15370	   0.06428
   0.14508	   0.06310
   0.13652	   0.06183
   0.12803	   0.06048
   0.11962	   0.05903
   0.11134	   0.05750
   0.10321	   0.05588
   0.09527	   0.05415
   0.08751	   0.05231
   0.07995	   0.05036
   0.07258	   0.04828
   0.06542	   0.04608
   0.05852	   0.04379
   0.05199	   0.04143
   0.04589	   0.03904
   0.04024	   0.03661
   0.03506	   0.03419
   0.03038	   0.03180
   0.02620	   0.02949
   0.02252	   0.02726
   0.01927	   0.02513
   0.01642	   0.02309
   0.01393	   0.02114
   0.01178	   0.01928
   0.00992	   0.01751
   0.00831	   0.01582
   0.00692	   0.01421
   0.00570	   0.01265
   0.00464	   0.01113
   0.00371	   0.00965
   0.00289	   0.00822
   0.00218	   0.00685
   0.00157	   0.00555
   0.00105	   0.00434
   0.00064	   0.00321
   0.00033	   0.00214
   0.00012	   0.00110
   0.00001	   0.00009
   0.00002	  -0.00091
   0.00014	  -0.00193
   0.00037	  -0.00295
   0.00073	  -0.00398
   0.00123	  -0.00501
   0.00190	  -0.00602
   0.00275	  -0.00698
   0.00378	  -0.00792
   0.00499	  -0.00884
   0.00636	  -0.00976
   0.00789	  -0.01070
   0.00957	  -0.01167
   0.01144	  -0.01267
   0.01352	  -0.01371
   0.01588	  -0.01480
   0.01857	  -0.01593
   0.02164	  -0.01712
   0.02518	  -0.01838
   0.02925	  -0.01971
   0.03389	  -0.02110
   0.03916	  -0.02255
   0.04505	  -0.02403
   0.05153	  -0.02551
   0.05854	  -0.02697
   0.06600	  -0.02838
   0.07382	  -0.02973
   0.08191	  -0.03100
   0.09021	  -0.03219
   0.09867	  -0.03331
   0.10725	  -0.03435
   0.11594	  -0.03531
   0.12471	  -0.03620
   0.13355	  -0.03702
   0.14245	  -0.03778
   0.15141	  -0.03849
   0.16040	  -0.03914
   0.16943	  -0.03973
   0.17849	  -0.04028
   0.18758	  -0.04078
   0.19669	  -0.04123
   0.20583	  -0.04165
   0.21498	  -0.04202
   0.22416	  -0.04235
   0.23335	  -0.04265
   0.24255	  -0.04291
   0.25177	  -0.04313
   0.26100	  -0.04333
   0.27024	  -0.04349
   0.27949	  -0.04362
   0.28875	  -0.04372
   0.29802	  -0.04380
   0.30730	  -0.04384
   0.31658	  -0.04387
   0.32587	  -0.04386
   0.33517	  -0.04383
   0.34447	  -0.04378
   0.35378	  -0.04370
   0.36309	  -0.04360
   0.37240	  -0.04347
   0.38172	  -0.04333
   0.39104	  -0.04316
   0.40036	  -0.04297
   0.40968	  -0.04276
   0.41899	  -0.04253
   0.42831	  -0.04228
   0.43762	  -0.04200
   0.44694	  -0.04171
   0.45626	  -0.04139
   0.46558	  -0.04105
   0.47488	  -0.04069
   0.48417	  -0.04031
   0.49345	  -0.03990
   0.50270	  -0.03946
   0.51194	  -0.03900
   0.52117	  -0.03850
   0.53039	  -0.03798
   0.53960	  -0.03742
   0.54882	  -0.03683
   0.55804	  -0.03621
   0.56728	  -0.03555
   0.57653	  -0.03487
   0.58579	  -0.03416
   0.59506	  -0.03342
   0.60434	  -0.03266
   0.61362	  -0.03187
   0.62291	  -0.03107
   0.63221	  -0.03024
   0.64152	  -0.02939
   0.65084	  -0.02852
   0.66017	  -0.02764
   0.66952	  -0.02674
   0.67888	  -0.02582
   0.68827	  -0.02490
   0.69767	  -0.02397
   0.70708	  -0.02303
   0.71651	  -0.02208
   0.72594	  -0.02113
   0.73537	  -0.02019
   0.74478	  -0.01924
   0.75418	  -0.01831
   0.76356	  -0.01738
   0.77293	  -0.01646
   0.78229	  -0.01556
   0.79165	  -0.01466
   0.80101	  -0.01378
   0.81035	  -0.01291
   0.81969	  -0.01206
   0.82901	  -0.01123
   0.83833	  -0.01041
   0.84764	  -0.00961
   0.85694	  -0.00883
   0.86622	  -0.00808
   0.87550	  -0.00735
   0.88478	  -0.00664
   0.89406	  -0.00595
   0.90333	  -0.00529
   0.91260	  -0.00466
   0.92185	  -0.00405
   0.93106	  -0.00347
   0.94024	  -0.00292
   0.94939	  -0.00240
   0.95844	  -0.00189
   0.96725	  -0.00141
   0.97563	  -0.00094
   0.98337	  -0.00051
   0.99031	  -0.00018
   0.99638	   0.00001
   1.00000	   0.00000
