SB 98 VM5
   1.00000	   0.00090
   0.99661	   0.00167
   0.99093	   0.00291
   0.98441	   0.00424
   0.97701	   0.00566
   0.96883	   0.00713
   0.96015	   0.00863
   0.95123	   0.01013
   0.94221	   0.01166
   0.93313	   0.01319
   0.92399	   0.01472
   0.91483	   0.01623
   0.90564	   0.01773
   0.89641	   0.01921
   0.88716	   0.02067
   0.87788	   0.02210
   0.86856	   0.02353
   0.85923	   0.02494
   0.84988	   0.02634
   0.84052	   0.02773
   0.83116	   0.02910
   0.82179	   0.03046
   0.81242	   0.03181
   0.80304	   0.03314
   0.79366	   0.03447
   0.78427	   0.03578
   0.77488	   0.03708
   0.76549	   0.03837
   0.75611	   0.03964
   0.74674	   0.04090
   0.73736	   0.04215
   0.72800	   0.04337
   0.71864	   0.04459
   0.70927	   0.04578
   0.69991	   0.04696
   0.69055	   0.04813
   0.68120	   0.04927
   0.67185	   0.05040
   0.66250	   0.05151
   0.65316	   0.05259
   0.64383	   0.05366
   0.63449	   0.05470
   0.62516	   0.05573
   0.61582	   0.05673
   0.60648	   0.05771
   0.59714	   0.05867
   0.58780	   0.05961
   0.57847	   0.06052
   0.56914	   0.06142
   0.55982	   0.06228
   0.55051	   0.06312
   0.54121	   0.06394
   0.53191	   0.06472
   0.52262	   0.06548
   0.51333	   0.06621
   0.50405	   0.06691
   0.49476	   0.06758
   0.48547	   0.06822
   0.47617	   0.06883
   0.46688	   0.06941
   0.45759	   0.06997
   0.44831	   0.07049
   0.43904	   0.07098
   0.42979	   0.07143
   0.42057	   0.07185
   0.41136	   0.07222
   0.40217	   0.07256
   0.39300	   0.07285
   0.38384	   0.07310
   0.37470	   0.07331
   0.36557	   0.07346
   0.35645	   0.07357
   0.34734	   0.07363
   0.33823	   0.07363
   0.32913	   0.07359
   0.32004	   0.07350
   0.31095	   0.07336
   0.30187	   0.07316
   0.29281	   0.07291
   0.28376	   0.07260
   0.27475	   0.07225
   0.26576	   0.07183
   0.25681	   0.07135
   0.24790	   0.07081
   0.23903	   0.07020
   0.23019	   0.06952
   0.22139	   0.06877
   0.21261	   0.06794
   0.20385	   0.06704
   0.19511	   0.06606
   0.18638	   0.06500
   0.17767	   0.06386
   0.16897	   0.06264
   0.16031	   0.06135
   0.15170	   0.05998
   0.14316	   0.05853
   0.13467	   0.05700
   0.12626	   0.05538
   0.11789	   0.05367
   0.10957	   0.05187
   0.10132	   0.04998
   0.09315	   0.04800
   0.08512	   0.04595
   0.07728	   0.04384
   0.06970	   0.04167
   0.06244	   0.03945
   0.05555	   0.03721
   0.04909	   0.03496
   0.04309	   0.03272
   0.03764	   0.03052
   0.03275	   0.02840
   0.02841	   0.02638
   0.02458	   0.02447
   0.02123	   0.02266
   0.01829	   0.02096
   0.01571	   0.01936
   0.01345	   0.01785
   0.01145	   0.01641
   0.00968	   0.01504
   0.00811	   0.01372
   0.00672	   0.01244
   0.00550	   0.01121
   0.00442	   0.01000
   0.00347	   0.00882
   0.00265	   0.00766
   0.00194	   0.00652
   0.00135	   0.00539
   0.00087	   0.00427
   0.00050	   0.00318
   0.00024	   0.00211
   0.00008	   0.00106
   0.00003	   0.00004
   0.00008	  -0.00098
   0.00023	  -0.00200
   0.00049	  -0.00303
   0.00087	  -0.00407
   0.00139	  -0.00512
   0.00204	  -0.00615
   0.00282	  -0.00716
   0.00372	  -0.00814
   0.00476	  -0.00910
   0.00593	  -0.01003
   0.00725	  -0.01094
   0.00872	  -0.01184
   0.01037	  -0.01274
   0.01220	  -0.01363
   0.01425	  -0.01453
   0.01655	  -0.01544
   0.01915	  -0.01637
   0.02209	  -0.01734
   0.02546	  -0.01833
   0.02932	  -0.01937
   0.03374	  -0.02045
   0.03879	  -0.02156
   0.04449	  -0.02269
   0.05086	  -0.02383
   0.05782	  -0.02495
   0.06524	  -0.02602
   0.07303	  -0.02703
   0.08113	  -0.02798
   0.08947	  -0.02885
   0.09801	  -0.02966
   0.10669	  -0.03040
   0.11550	  -0.03108
   0.12441	  -0.03170
   0.13340	  -0.03226
   0.14245	  -0.03277
   0.15155	  -0.03324
   0.16070	  -0.03366
   0.16987	  -0.03404
   0.17908	  -0.03438
   0.18831	  -0.03469
   0.19757	  -0.03496
   0.20686	  -0.03519
   0.21617	  -0.03540
   0.22550	  -0.03558
   0.23485	  -0.03574
   0.24420	  -0.03587
   0.25356	  -0.03597
   0.26292	  -0.03605
   0.27227	  -0.03610
   0.28162	  -0.03613
   0.29097	  -0.03614
   0.30033	  -0.03612
   0.30968	  -0.03607
   0.31905	  -0.03600
   0.32842	  -0.03591
   0.33779	  -0.03579
   0.34718	  -0.03565
   0.35657	  -0.03549
   0.36597	  -0.03531
   0.37536	  -0.03511
   0.38476	  -0.03489
   0.39416	  -0.03464
   0.40355	  -0.03438
   0.41295	  -0.03410
   0.42234	  -0.03379
   0.43173	  -0.03347
   0.44112	  -0.03312
   0.45052	  -0.03276
   0.45991	  -0.03237
   0.46931	  -0.03197
   0.47871	  -0.03154
   0.48811	  -0.03110
   0.49751	  -0.03064
   0.50692	  -0.03016
   0.51633	  -0.02966
   0.52573	  -0.02914
   0.53514	  -0.02860
   0.54456	  -0.02805
   0.55397	  -0.02748
   0.56338	  -0.02689
   0.57280	  -0.02628
   0.58221	  -0.02566
   0.59163	  -0.02502
   0.60105	  -0.02437
   0.61048	  -0.02370
   0.61992	  -0.02301
   0.62937	  -0.02232
   0.63884	  -0.02161
   0.64832	  -0.02088
   0.65781	  -0.02015
   0.66733	  -0.01941
   0.67685	  -0.01867
   0.68638	  -0.01792
   0.69592	  -0.01717
   0.70545	  -0.01642
   0.71498	  -0.01568
   0.72450	  -0.01493
   0.73401	  -0.01420
   0.74351	  -0.01347
   0.75300	  -0.01274
   0.76249	  -0.01203
   0.77196	  -0.01132
   0.78143	  -0.01062
   0.79090	  -0.00994
   0.80036	  -0.00926
   0.80981	  -0.00860
   0.81924	  -0.00796
   0.82865	  -0.00733
   0.83802	  -0.00672
   0.84736	  -0.00614
   0.85666	  -0.00559
   0.86595	  -0.00506
   0.87523	  -0.00457
   0.88452	  -0.00411
   0.89382	  -0.00368
   0.90312	  -0.00328
   0.91241	  -0.00291
   0.92167	  -0.00257
   0.93088	  -0.00225
   0.94005	  -0.00194
   0.94918	  -0.00164
   0.95831	  -0.00133
   0.96734	  -0.00100
   0.97596	  -0.00065
   0.98379	  -0.00028
   0.99063	   0.00010
   0.99652	   0.00047
   1.00000	   0.00070
