SD7032
   0.98712	   0.00204
   0.98402	   0.00258
   0.97881	   0.00351
   0.97279	   0.00462
   0.96587	   0.00593
   0.95813	   0.00743
   0.94979	   0.00909
   0.94103	   0.01086
   0.93193	   0.01271
   0.92258	   0.01462
   0.91308	   0.01657
   0.90352	   0.01853
   0.89395	   0.02049
   0.88439	   0.02244
   0.87486	   0.02437
   0.86534	   0.02629
   0.85586	   0.02817
   0.84639	   0.03004
   0.83694	   0.03187
   0.82750	   0.03368
   0.81807	   0.03546
   0.80865	   0.03721
   0.79924	   0.03893
   0.78982	   0.04062
   0.78041	   0.04228
   0.77099	   0.04392
   0.76158	   0.04552
   0.75216	   0.04709
   0.74273	   0.04863
   0.73330	   0.05015
   0.72387	   0.05163
   0.71442	   0.05309
   0.70497	   0.05452
   0.69552	   0.05591
   0.68605	   0.05728
   0.67659	   0.05863
   0.66712	   0.05994
   0.65765	   0.06122
   0.64817	   0.06248
   0.63870	   0.06370
   0.62922	   0.06490
   0.61973	   0.06606
   0.61025	   0.06720
   0.60076	   0.06831
   0.59127	   0.06939
   0.58178	   0.07043
   0.57229	   0.07145
   0.56281	   0.07243
   0.55333	   0.07339
   0.54386	   0.07431
   0.53439	   0.07519
   0.52492	   0.07605
   0.51546	   0.07687
   0.50600	   0.07765
   0.49654	   0.07840
   0.48709	   0.07912
   0.47764	   0.07980
   0.46820	   0.08044
   0.45877	   0.08105
   0.44934	   0.08161
   0.43992	   0.08214
   0.43051	   0.08263
   0.42111	   0.08308
   0.41173	   0.08348
   0.40235	   0.08385
   0.39298	   0.08417
   0.38363	   0.08444
   0.37429	   0.08467
   0.36496	   0.08486
   0.35564	   0.08499
   0.34635	   0.08508
   0.33707	   0.08512
   0.32781	   0.08511
   0.31857	   0.08505
   0.30936	   0.08493
   0.30017	   0.08475
   0.29101	   0.08452
   0.28187	   0.08424
   0.27277	   0.08389
   0.26369	   0.08348
   0.25465	   0.08300
   0.24565	   0.08247
   0.23668	   0.08186
   0.22776	   0.08119
   0.21890	   0.08044
   0.21009	   0.07962
   0.20135	   0.07873
   0.19268	   0.07775
   0.18406	   0.07670
   0.17550	   0.07555
   0.16700	   0.07432
   0.15856	   0.07301
   0.15019	   0.07160
   0.14190	   0.07011
   0.13371	   0.06852
   0.12565	   0.06684
   0.11774	   0.06508
   0.11000	   0.06323
   0.10244	   0.06129
   0.09507	   0.05926
   0.08785	   0.05712
   0.08077	   0.05488
   0.07387	   0.05254
   0.06724	   0.05012
   0.06096	   0.04769
   0.05510	   0.04527
   0.04963	   0.04285
   0.04449	   0.04042
   0.03963	   0.03795
   0.03506	   0.03549
   0.03090	   0.03311
   0.02725	   0.03092
   0.02410	   0.02892
   0.02139	   0.02709
   0.01902	   0.02537
   0.01693	   0.02371
   0.01506	   0.02209
   0.01335	   0.02048
   0.01177	   0.01888
   0.01027	   0.01731
   0.00884	   0.01580
   0.00749	   0.01438
   0.00620	   0.01307
   0.00499	   0.01188
   0.00389	   0.01077
   0.00292	   0.00973
   0.00209	   0.00874
   0.00139	   0.00777
   0.00082	   0.00681
   0.00038	   0.00586
   0.00008	   0.00488
  -0.00008	   0.00389
  -0.00012	   0.00286
  -0.00009	   0.00180
  -0.00002	   0.00073
   0.00006	  -0.00035
   0.00018	  -0.00139
   0.00043	  -0.00238
   0.00087	  -0.00329
   0.00150	  -0.00415
   0.00230	  -0.00497
   0.00327	  -0.00574
   0.00440	  -0.00649
   0.00567	  -0.00720
   0.00706	  -0.00788
   0.00858	  -0.00854
   0.01024	  -0.00916
   0.01207	  -0.00974
   0.01409	  -0.01029
   0.01632	  -0.01084
   0.01879	  -0.01140
   0.02156	  -0.01199
   0.02465	  -0.01261
   0.02814	  -0.01324
   0.03206	  -0.01388
   0.03648	  -0.01451
   0.04147	  -0.01511
   0.04711	  -0.01569
   0.05342	  -0.01623
   0.06040	  -0.01674
   0.06795	  -0.01721
   0.07595	  -0.01762
   0.08425	  -0.01796
   0.09281	  -0.01823
   0.10159	  -0.01844
   0.11058	  -0.01858
   0.11974	  -0.01868
   0.12901	  -0.01872
   0.13837	  -0.01872
   0.14779	  -0.01868
   0.15725	  -0.01861
   0.16675	  -0.01850
   0.17630	  -0.01835
   0.18588	  -0.01818
   0.19549	  -0.01799
   0.20514	  -0.01777
   0.21482	  -0.01753
   0.22453	  -0.01727
   0.23427	  -0.01699
   0.24402	  -0.01670
   0.25379	  -0.01639
   0.26358	  -0.01608
   0.27337	  -0.01575
   0.28318	  -0.01541
   0.29299	  -0.01507
   0.30280	  -0.01471
   0.31262	  -0.01435
   0.32244	  -0.01398
   0.33226	  -0.01360
   0.34209	  -0.01322
   0.35192	  -0.01282
   0.36177	  -0.01242
   0.37162	  -0.01202
   0.38148	  -0.01161
   0.39135	  -0.01120
   0.40121	  -0.01078
   0.41108	  -0.01036
   0.42094	  -0.00993
   0.43081	  -0.00950
   0.44068	  -0.00907
   0.45055	  -0.00863
   0.46042	  -0.00819
   0.47031	  -0.00775
   0.48019	  -0.00730
   0.49009	  -0.00686
   0.49999	  -0.00641
   0.50989	  -0.00596
   0.51979	  -0.00551
   0.52969	  -0.00506
   0.53958	  -0.00462
   0.54947	  -0.00417
   0.55934	  -0.00373
   0.56921	  -0.00329
   0.57907	  -0.00286
   0.58893	  -0.00243
   0.59877	  -0.00200
   0.60861	  -0.00158
   0.61845	  -0.00117
   0.62830	  -0.00076
   0.63814	  -0.00036
   0.64798	   0.00003
   0.65782	   0.00042
   0.66765	   0.00081
   0.67747	   0.00118
   0.68728	   0.00155
   0.69707	   0.00190
   0.70685	   0.00225
   0.71662	   0.00258
   0.72637	   0.00290
   0.73612	   0.00320
   0.74585	   0.00349
   0.75557	   0.00377
   0.76528	   0.00403
   0.77497	   0.00427
   0.78465	   0.00449
   0.79431	   0.00469
   0.80395	   0.00486
   0.81357	   0.00502
   0.82319	   0.00515
   0.83278	   0.00525
   0.84236	   0.00533
   0.85189	   0.00537
   0.86139	   0.00539
   0.87084	   0.00537
   0.88024	   0.00531
   0.88960	   0.00521
   0.89894	   0.00506
   0.90825	   0.00487
   0.91753	   0.00463
   0.92674	   0.00435
   0.93586	   0.00402
   0.94486	   0.00364
   0.95371	   0.00322
   0.96236	   0.00275
   0.97063	   0.00225
   0.97832	   0.00175
   0.98528	   0.00125
   0.99146	   0.00075
   0.99684	   0.00029
   1.00000	   0.00000
