SD7003
   0.99681	   0.00031
   0.99362	   0.00064
   0.98815	   0.00124
   0.98176	   0.00198
   0.97447	   0.00285
   0.96646	   0.00380
   0.95795	   0.00479
   0.94912	   0.00578
   0.94007	   0.00678
   0.93085	   0.00777
   0.92152	   0.00875
   0.91210	   0.00973
   0.90263	   0.01071
   0.89313	   0.01168
   0.88361	   0.01266
   0.87408	   0.01363
   0.86455	   0.01459
   0.85502	   0.01556
   0.84549	   0.01651
   0.83594	   0.01747
   0.82639	   0.01843
   0.81684	   0.01938
   0.80730	   0.02033
   0.79776	   0.02127
   0.78822	   0.02222
   0.77870	   0.02315
   0.76917	   0.02408
   0.75964	   0.02501
   0.75011	   0.02594
   0.74057	   0.02686
   0.73103	   0.02777
   0.72149	   0.02868
   0.71196	   0.02959
   0.70243	   0.03050
   0.69292	   0.03139
   0.68341	   0.03228
   0.67391	   0.03316
   0.66441	   0.03403
   0.65491	   0.03490
   0.64542	   0.03575
   0.63593	   0.03660
   0.62644	   0.03744
   0.61696	   0.03827
   0.60748	   0.03908
   0.59801	   0.03989
   0.58854	   0.04068
   0.57907	   0.04147
   0.56961	   0.04224
   0.56016	   0.04299
   0.55072	   0.04373
   0.54128	   0.04446
   0.53184	   0.04518
   0.52240	   0.04587
   0.51297	   0.04656
   0.50353	   0.04722
   0.49410	   0.04788
   0.48467	   0.04851
   0.47524	   0.04913
   0.46583	   0.04973
   0.45642	   0.05032
   0.44703	   0.05088
   0.43765	   0.05142
   0.42827	   0.05194
   0.41890	   0.05244
   0.40954	   0.05291
   0.40019	   0.05336
   0.39084	   0.05379
   0.38149	   0.05419
   0.37216	   0.05457
   0.36284	   0.05492
   0.35353	   0.05524
   0.34424	   0.05553
   0.33496	   0.05579
   0.32570	   0.05601
   0.31645	   0.05621
   0.30721	   0.05636
   0.29799	   0.05649
   0.28878	   0.05657
   0.27959	   0.05662
   0.27043	   0.05662
   0.26128	   0.05659
   0.25216	   0.05651
   0.24307	   0.05638
   0.23400	   0.05621
   0.22497	   0.05598
   0.21596	   0.05571
   0.20700	   0.05537
   0.19807	   0.05498
   0.18919	   0.05453
   0.18035	   0.05402
   0.17156	   0.05344
   0.16283	   0.05280
   0.15417	   0.05208
   0.14557	   0.05129
   0.13705	   0.05041
   0.12864	   0.04946
   0.12035	   0.04842
   0.11220	   0.04729
   0.10419	   0.04608
   0.09631	   0.04476
   0.08855	   0.04334
   0.08095	   0.04182
   0.07363	   0.04021
   0.06670	   0.03854
   0.06023	   0.03684
   0.05417	   0.03509
   0.04844	   0.03328
   0.04296	   0.03138
   0.03780	   0.02944
   0.03315	   0.02756
   0.02914	   0.02582
   0.02574	   0.02425
   0.02283	   0.02278
   0.02028	   0.02137
   0.01802	   0.01998
   0.01597	   0.01859
   0.01407	   0.01719
   0.01228	   0.01579
   0.01057	   0.01446
   0.00896	   0.01320
   0.00744	   0.01206
   0.00601	   0.01103
   0.00472	   0.01010
   0.00358	   0.00922
   0.00260	   0.00838
   0.00177	   0.00754
   0.00109	   0.00671
   0.00056	   0.00585
   0.00017	   0.00496
  -0.00007	   0.00403
  -0.00017	   0.00305
  -0.00016	   0.00202
  -0.00009	   0.00096
   0.00001	  -0.00012
   0.00012	  -0.00119
   0.00035	  -0.00223
   0.00076	  -0.00323
   0.00135	  -0.00420
   0.00211	  -0.00516
   0.00305	  -0.00612
   0.00415	  -0.00707
   0.00538	  -0.00803
   0.00675	  -0.00898
   0.00826	  -0.00994
   0.00994	  -0.01088
   0.01178	  -0.01181
   0.01382	  -0.01274
   0.01607	  -0.01367
   0.01858	  -0.01461
   0.02139	  -0.01557
   0.02457	  -0.01655
   0.02818	  -0.01754
   0.03229	  -0.01854
   0.03696	  -0.01954
   0.04223	  -0.02052
   0.04807	  -0.02148
   0.05448	  -0.02240
   0.06143	  -0.02327
   0.06886	  -0.02409
   0.07669	  -0.02483
   0.08483	  -0.02552
   0.09321	  -0.02612
   0.10177	  -0.02666
   0.11046	  -0.02713
   0.11926	  -0.02754
   0.12817	  -0.02789
   0.13715	  -0.02819
   0.14620	  -0.02843
   0.15530	  -0.02863
   0.16444	  -0.02879
   0.17362	  -0.02890
   0.18283	  -0.02898
   0.19207	  -0.02902
   0.20135	  -0.02903
   0.21065	  -0.02901
   0.21998	  -0.02896
   0.22933	  -0.02888
   0.23870	  -0.02878
   0.24809	  -0.02866
   0.25749	  -0.02852
   0.26690	  -0.02835
   0.27633	  -0.02817
   0.28577	  -0.02797
   0.29522	  -0.02775
   0.30468	  -0.02752
   0.31415	  -0.02727
   0.32363	  -0.02701
   0.33312	  -0.02673
   0.34261	  -0.02645
   0.35211	  -0.02615
   0.36162	  -0.02584
   0.37113	  -0.02552
   0.38065	  -0.02519
   0.39017	  -0.02485
   0.39969	  -0.02451
   0.40921	  -0.02415
   0.41873	  -0.02378
   0.42826	  -0.02341
   0.43778	  -0.02302
   0.44731	  -0.02263
   0.45684	  -0.02223
   0.46638	  -0.02183
   0.47591	  -0.02141
   0.48545	  -0.02099
   0.49499	  -0.02056
   0.50454	  -0.02013
   0.51408	  -0.01968
   0.52363	  -0.01924
   0.53317	  -0.01878
   0.54272	  -0.01832
   0.55227	  -0.01785
   0.56181	  -0.01738
   0.57136	  -0.01690
   0.58090	  -0.01642
   0.59045	  -0.01593
   0.59999	  -0.01543
   0.60953	  -0.01492
   0.61908	  -0.01441
   0.62863	  -0.01390
   0.63819	  -0.01338
   0.64775	  -0.01285
   0.65732	  -0.01232
   0.66689	  -0.01179
   0.67647	  -0.01125
   0.68605	  -0.01071
   0.69562	  -0.01017
   0.70520	  -0.00963
   0.71477	  -0.00910
   0.72434	  -0.00856
   0.73389	  -0.00804
   0.74344	  -0.00751
   0.75299	  -0.00700
   0.76252	  -0.00649
   0.77204	  -0.00599
   0.78155	  -0.00549
   0.79105	  -0.00501
   0.80055	  -0.00454
   0.81003	  -0.00408
   0.81950	  -0.00364
   0.82897	  -0.00321
   0.83843	  -0.00279
   0.84788	  -0.00239
   0.85732	  -0.00200
   0.86674	  -0.00163
   0.87614	  -0.00128
   0.88552	  -0.00095
   0.89486	  -0.00065
   0.90418	  -0.00037
   0.91345	  -0.00012
   0.92268	   0.00009
   0.93183	   0.00028
   0.94089	   0.00042
   0.94978	   0.00052
   0.95844	   0.00058
   0.96675	   0.00059
   0.97458	   0.00055
   0.98176	   0.00047
   0.98812	   0.00035
   0.99359	   0.00021
   0.99679	   0.00011
