SD7062 (14%)
   1.00000	   0.00000
   0.99608	   0.00064
   0.98976	   0.00177
   0.98284	   0.00310
   0.97531	   0.00462
   0.96715	   0.00632
   0.95839	   0.00817
   0.94912	   0.01016
   0.93942	   0.01224
   0.92943	   0.01440
   0.91921	   0.01659
   0.90884	   0.01881
   0.89835	   0.02105
   0.88776	   0.02330
   0.87711	   0.02555
   0.86641	   0.02782
   0.85569	   0.03009
   0.84495	   0.03237
   0.83421	   0.03464
   0.82347	   0.03691
   0.81275	   0.03917
   0.80203	   0.04143
   0.79134	   0.04367
   0.78066	   0.04591
   0.77000	   0.04813
   0.75936	   0.05033
   0.74874	   0.05252
   0.73814	   0.05468
   0.72757	   0.05683
   0.71701	   0.05895
   0.70649	   0.06105
   0.69598	   0.06311
   0.68550	   0.06515
   0.67503	   0.06716
   0.66458	   0.06913
   0.65415	   0.07107
   0.64373	   0.07298
   0.63332	   0.07485
   0.62292	   0.07669
   0.61254	   0.07849
   0.60218	   0.08025
   0.59183	   0.08196
   0.58150	   0.08364
   0.57118	   0.08527
   0.56087	   0.08685
   0.55056	   0.08840
   0.54027	   0.08989
   0.52998	   0.09134
   0.51971	   0.09274
   0.50945	   0.09409
   0.49921	   0.09539
   0.48899	   0.09664
   0.47878	   0.09784
   0.46859	   0.09897
   0.45841	   0.10005
   0.44826	   0.10108
   0.43811	   0.10204
   0.42799	   0.10295
   0.41788	   0.10379
   0.40779	   0.10457
   0.39772	   0.10528
   0.38768	   0.10593
   0.37766	   0.10651
   0.36767	   0.10702
   0.35771	   0.10746
   0.34778	   0.10782
   0.33789	   0.10811
   0.32803	   0.10832
   0.31821	   0.10845
   0.30843	   0.10850
   0.29870	   0.10847
   0.28900	   0.10836
   0.27936	   0.10815
   0.26976	   0.10786
   0.26022	   0.10747
   0.25075	   0.10700
   0.24134	   0.10642
   0.23200	   0.10576
   0.22274	   0.10499
   0.21357	   0.10412
   0.20448	   0.10314
   0.19548	   0.10206
   0.18658	   0.10087
   0.17778	   0.09958
   0.16910	   0.09817
   0.16055	   0.09666
   0.15214	   0.09504
   0.14388	   0.09330
   0.13578	   0.09146
   0.12785	   0.08951
   0.12011	   0.08746
   0.11256	   0.08530
   0.10522	   0.08305
   0.09812	   0.08071
   0.09126	   0.07830
   0.08466	   0.07581
   0.07834	   0.07327
   0.07233	   0.07068
   0.06661	   0.06806
   0.06122	   0.06542
   0.05613	   0.06278
   0.05136	   0.06014
   0.04690	   0.05752
   0.04275	   0.05493
   0.03889	   0.05238
   0.03532	   0.04988
   0.03202	   0.04743
   0.02897	   0.04504
   0.02616	   0.04271
   0.02357	   0.04045
   0.02119	   0.03824
   0.01900	   0.03610
   0.01698	   0.03401
   0.01513	   0.03199
   0.01343	   0.03002
   0.01187	   0.02812
   0.01045	   0.02627
   0.00916	   0.02447
   0.00799	   0.02272
   0.00693	   0.02102
   0.00598	   0.01937
   0.00512	   0.01775
   0.00435	   0.01617
   0.00366	   0.01463
   0.00304	   0.01312
   0.00249	   0.01164
   0.00198	   0.01020
   0.00153	   0.00879
   0.00112	   0.00742
   0.00075	   0.00607
   0.00042	   0.00476
   0.00016	   0.00348
  -0.00005	   0.00223
  -0.00019	   0.00101
  -0.00025	  -0.00018
  -0.00023	  -0.00135
  -0.00012	  -0.00251
   0.00008	  -0.00365
   0.00038	  -0.00478
   0.00079	  -0.00591
   0.00129	  -0.00702
   0.00190	  -0.00812
   0.00261	  -0.00919
   0.00343	  -0.01024
   0.00435	  -0.01125
   0.00539	  -0.01221
   0.00655	  -0.01311
   0.00782	  -0.01396
   0.00922	  -0.01477
   0.01074	  -0.01554
   0.01237	  -0.01628
   0.01413	  -0.01701
   0.01599	  -0.01773
   0.01797	  -0.01846
   0.02008	  -0.01918
   0.02233	  -0.01991
   0.02473	  -0.02064
   0.02731	  -0.02137
   0.03009	  -0.02210
   0.03309	  -0.02282
   0.03634	  -0.02355
   0.03987	  -0.02428
   0.04373	  -0.02501
   0.04795	  -0.02574
   0.05256	  -0.02647
   0.05761	  -0.02721
   0.06312	  -0.02793
   0.06912	  -0.02864
   0.07561	  -0.02933
   0.08259	  -0.02999
   0.09006	  -0.03061
   0.09800	  -0.03118
   0.10638	  -0.03170
   0.11513	  -0.03216
   0.12421	  -0.03257
   0.13355	  -0.03291
   0.14309	  -0.03319
   0.15281	  -0.03340
   0.16268	  -0.03355
   0.17267	  -0.03364
   0.18278	  -0.03367
   0.19297	  -0.03365
   0.20324	  -0.03358
   0.21358	  -0.03346
   0.22397	  -0.03330
   0.23440	  -0.03310
   0.24487	  -0.03285
   0.25538	  -0.03257
   0.26592	  -0.03226
   0.27648	  -0.03191
   0.28707	  -0.03152
   0.29768	  -0.03111
   0.30832	  -0.03067
   0.31898	  -0.03019
   0.32965	  -0.02970
   0.34034	  -0.02917
   0.35104	  -0.02863
   0.36175	  -0.02806
   0.37248	  -0.02746
   0.38323	  -0.02685
   0.39399	  -0.02621
   0.40478	  -0.02556
   0.41558	  -0.02489
   0.42640	  -0.02420
   0.43725	  -0.02350
   0.44811	  -0.02278
   0.45898	  -0.02206
   0.46987	  -0.02132
   0.48078	  -0.02057
   0.49170	  -0.01982
   0.50264	  -0.01906
   0.51360	  -0.01829
   0.52457	  -0.01752
   0.53556	  -0.01674
   0.54655	  -0.01597
   0.55753	  -0.01520
   0.56850	  -0.01443
   0.57947	  -0.01366
   0.59042	  -0.01290
   0.60135	  -0.01215
   0.61227	  -0.01140
   0.62318	  -0.01066
   0.63407	  -0.00993
   0.64495	  -0.00921
   0.65581	  -0.00850
   0.66667	  -0.00780
   0.67751	  -0.00712
   0.68833	  -0.00645
   0.69914	  -0.00580
   0.70994	  -0.00516
   0.72072	  -0.00454
   0.73149	  -0.00394
   0.74224	  -0.00336
   0.75298	  -0.00280
   0.76370	  -0.00226
   0.77441	  -0.00174
   0.78511	  -0.00125
   0.79579	  -0.00078
   0.80645	  -0.00034
   0.81708	   0.00008
   0.82769	   0.00046
   0.83827	   0.00082
   0.84881	   0.00114
   0.85932	   0.00143
   0.86978	   0.00168
   0.88019	   0.00189
   0.89052	   0.00207
   0.90077	   0.00220
   0.91089	   0.00228
   0.92088	   0.00231
   0.93068	   0.00229
   0.94027	   0.00222
   0.94958	   0.00209
   0.95856	   0.00191
   0.96712	   0.00168
   0.97519	   0.00140
   0.98271	   0.00108
   0.98966	   0.00071
   0.99605	   0.00030
   1.00001	   0.00000
