SIKORSKY SSC-A09
   1.00000	   0.00241
   0.99677	   0.00221
   0.99133	   0.00202
   0.98526	   0.00199
   0.97865	   0.00214
   0.97155	   0.00248
   0.96405	   0.00302
   0.95626	   0.00374
   0.94823	   0.00460
   0.94000	   0.00561
   0.93157	   0.00672
   0.92297	   0.00792
   0.91424	   0.00920
   0.90540	   0.01052
   0.89646	   0.01188
   0.88748	   0.01325
   0.87849	   0.01462
   0.86951	   0.01598
   0.86054	   0.01733
   0.85158	   0.01866
   0.84261	   0.01998
   0.83364	   0.02128
   0.82465	   0.02258
   0.81565	   0.02386
   0.80664	   0.02513
   0.79763	   0.02640
   0.78862	   0.02766
   0.77962	   0.02890
   0.77065	   0.03013
   0.76170	   0.03134
   0.75277	   0.03253
   0.74387	   0.03369
   0.73499	   0.03482
   0.72614	   0.03591
   0.71730	   0.03697
   0.70848	   0.03799
   0.69966	   0.03897
   0.69084	   0.03990
   0.68201	   0.04080
   0.67317	   0.04166
   0.66432	   0.04248
   0.65545	   0.04327
   0.64656	   0.04403
   0.63765	   0.04475
   0.62873	   0.04545
   0.61980	   0.04612
   0.61085	   0.04676
   0.60189	   0.04738
   0.59292	   0.04797
   0.58395	   0.04854
   0.57497	   0.04909
   0.56599	   0.04961
   0.55701	   0.05011
   0.54802	   0.05059
   0.53903	   0.05105
   0.53004	   0.05148
   0.52105	   0.05189
   0.51206	   0.05228
   0.50306	   0.05265
   0.49407	   0.05299
   0.48507	   0.05331
   0.47607	   0.05361
   0.46707	   0.05389
   0.45807	   0.05414
   0.44906	   0.05438
   0.44005	   0.05459
   0.43105	   0.05478
   0.42204	   0.05495
   0.41302	   0.05510
   0.40400	   0.05523
   0.39498	   0.05534
   0.38596	   0.05542
   0.37694	   0.05549
   0.36791	   0.05554
   0.35889	   0.05557
   0.34987	   0.05558
   0.34084	   0.05557
   0.33182	   0.05555
   0.32279	   0.05550
   0.31377	   0.05543
   0.30474	   0.05534
   0.29572	   0.05524
   0.28670	   0.05511
   0.27768	   0.05497
   0.26867	   0.05480
   0.25966	   0.05461
   0.25066	   0.05441
   0.24167	   0.05418
   0.23269	   0.05392
   0.22373	   0.05364
   0.21479	   0.05334
   0.20589	   0.05300
   0.19701	   0.05263
   0.18817	   0.05222
   0.17935	   0.05177
   0.17057	   0.05127
   0.16181	   0.05073
   0.15309	   0.05013
   0.14441	   0.04949
   0.13582	   0.04879
   0.12731	   0.04803
   0.11893	   0.04719
   0.11071	   0.04628
   0.10265	   0.04527
   0.09480	   0.04415
   0.08715	   0.04292
   0.07970	   0.04153
   0.07244	   0.03999
   0.06533	   0.03829
   0.05836	   0.03640
   0.05157	   0.03436
   0.04503	   0.03221
   0.03887	   0.02999
   0.03322	   0.02776
   0.02814	   0.02555
   0.02367	   0.02340
   0.01978	   0.02133
   0.01645	   0.01938
   0.01360	   0.01755
   0.01116	   0.01583
   0.00910	   0.01422
   0.00734	   0.01272
   0.00584	   0.01130
   0.00457	   0.00996
   0.00348	   0.00868
   0.00258	   0.00744
   0.00186	   0.00623
   0.00127	   0.00506
   0.00079	   0.00393
   0.00042	   0.00284
   0.00016	   0.00179
   0.00002	   0.00079
   0.00001	  -0.00019
   0.00013	  -0.00116
   0.00044	  -0.00213
   0.00092	  -0.00310
   0.00154	  -0.00404
   0.00234	  -0.00491
   0.00333	  -0.00570
   0.00448	  -0.00644
   0.00581	  -0.00716
   0.00732	  -0.00785
   0.00906	  -0.00854
   0.01106	  -0.00925
   0.01339	  -0.00998
   0.01613	  -0.01075
   0.01939	  -0.01158
   0.02328	  -0.01248
   0.02797	  -0.01346
   0.03353	  -0.01452
   0.03996	  -0.01564
   0.04710	  -0.01678
   0.05476	  -0.01790
   0.06276	  -0.01895
   0.07101	  -0.01994
   0.07942	  -0.02087
   0.08797	  -0.02173
   0.09663	  -0.02254
   0.10536	  -0.02331
   0.11416	  -0.02403
   0.12301	  -0.02472
   0.13189	  -0.02538
   0.14081	  -0.02600
   0.14974	  -0.02660
   0.15869	  -0.02718
   0.16766	  -0.02773
   0.17662	  -0.02825
   0.18560	  -0.02875
   0.19458	  -0.02923
   0.20356	  -0.02969
   0.21255	  -0.03012
   0.22154	  -0.03053
   0.23055	  -0.03091
   0.23955	  -0.03128
   0.24856	  -0.03163
   0.25757	  -0.03195
   0.26659	  -0.03226
   0.27561	  -0.03255
   0.28464	  -0.03281
   0.29367	  -0.03306
   0.30270	  -0.03330
   0.31173	  -0.03351
   0.32076	  -0.03370
   0.32979	  -0.03388
   0.33882	  -0.03404
   0.34786	  -0.03418
   0.35689	  -0.03430
   0.36592	  -0.03440
   0.37495	  -0.03449
   0.38398	  -0.03456
   0.39301	  -0.03460
   0.40203	  -0.03463
   0.41106	  -0.03464
   0.42008	  -0.03463
   0.42909	  -0.03460
   0.43811	  -0.03455
   0.44712	  -0.03448
   0.45613	  -0.03438
   0.46513	  -0.03427
   0.47413	  -0.03413
   0.48312	  -0.03397
   0.49211	  -0.03378
   0.50111	  -0.03357
   0.51010	  -0.03334
   0.51909	  -0.03309
   0.52808	  -0.03281
   0.53708	  -0.03251
   0.54609	  -0.03218
   0.55509	  -0.03184
   0.56410	  -0.03147
   0.57312	  -0.03109
   0.58215	  -0.03068
   0.59117	  -0.03026
   0.60020	  -0.02982
   0.60923	  -0.02936
   0.61826	  -0.02889
   0.62729	  -0.02840
   0.63632	  -0.02789
   0.64534	  -0.02737
   0.65436	  -0.02682
   0.66338	  -0.02626
   0.67239	  -0.02568
   0.68141	  -0.02509
   0.69043	  -0.02447
   0.69944	  -0.02384
   0.70847	  -0.02319
   0.71750	  -0.02252
   0.72653	  -0.02184
   0.73558	  -0.02114
   0.74463	  -0.02043
   0.75370	  -0.01970
   0.76278	  -0.01897
   0.77187	  -0.01823
   0.78097	  -0.01748
   0.79009	  -0.01673
   0.79921	  -0.01597
   0.80834	  -0.01522
   0.81747	  -0.01446
   0.82660	  -0.01370
   0.83572	  -0.01294
   0.84484	  -0.01218
   0.85395	  -0.01141
   0.86305	  -0.01065
   0.87213	  -0.00988
   0.88120	  -0.00910
   0.89026	  -0.00831
   0.89931	  -0.00751
   0.90837	  -0.00670
   0.91743	  -0.00589
   0.92646	  -0.00507
   0.93542	  -0.00427
   0.94426	  -0.00350
   0.95292	  -0.00279
   0.96135	  -0.00215
   0.96946	  -0.00162
   0.97714	  -0.00124
   0.98431	  -0.00101
   0.99090	  -0.00091
   0.99670	  -0.00084
   1.00000	  -0.00080
