SIMPLEX5
   1.00000	   0.00000
   0.99718	   0.00038
   0.99268	   0.00098
   0.98781	   0.00164
   0.98251	   0.00234
   0.97668	   0.00311
   0.97026	   0.00396
   0.96316	   0.00489
   0.95532	   0.00591
   0.94686	   0.00700
   0.93856	   0.00807
   0.93044	   0.00910
   0.92233	   0.01013
   0.91410	   0.01115
   0.90569	   0.01220
   0.89709	   0.01326
   0.88858	   0.01429
   0.88019	   0.01531
   0.87187	   0.01630
   0.86360	   0.01728
   0.85533	   0.01824
   0.84703	   0.01920
   0.83870	   0.02015
   0.83031	   0.02110
   0.82185	   0.02204
   0.81331	   0.02297
   0.80471	   0.02390
   0.79604	   0.02482
   0.78739	   0.02572
   0.77876	   0.02661
   0.77016	   0.02747
   0.76156	   0.02833
   0.75297	   0.02916
   0.74436	   0.02999
   0.73574	   0.03080
   0.72710	   0.03160
   0.71843	   0.03238
   0.70975	   0.03315
   0.70105	   0.03391
   0.69236	   0.03465
   0.68368	   0.03538
   0.67501	   0.03609
   0.66634	   0.03678
   0.65767	   0.03747
   0.64900	   0.03813
   0.64033	   0.03878
   0.63165	   0.03942
   0.62296	   0.04004
   0.61426	   0.04064
   0.60556	   0.04123
   0.59686	   0.04181
   0.58815	   0.04236
   0.57944	   0.04290
   0.57072	   0.04343
   0.56200	   0.04394
   0.55329	   0.04443
   0.54457	   0.04490
   0.53585	   0.04535
   0.52713	   0.04578
   0.51842	   0.04619
   0.50970	   0.04659
   0.50099	   0.04696
   0.49228	   0.04731
   0.48356	   0.04764
   0.47485	   0.04795
   0.46613	   0.04824
   0.45742	   0.04850
   0.44870	   0.04875
   0.43999	   0.04897
   0.43127	   0.04917
   0.42255	   0.04934
   0.41384	   0.04950
   0.40512	   0.04963
   0.39640	   0.04974
   0.38768	   0.04983
   0.37896	   0.04989
   0.37024	   0.04993
   0.36152	   0.04994
   0.35280	   0.04993
   0.34408	   0.04988
   0.33536	   0.04981
   0.32664	   0.04971
   0.31793	   0.04957
   0.30922	   0.04941
   0.30051	   0.04921
   0.29180	   0.04898
   0.28309	   0.04872
   0.27439	   0.04842
   0.26569	   0.04809
   0.25699	   0.04772
   0.24829	   0.04732
   0.23959	   0.04688
   0.23088	   0.04641
   0.22217	   0.04590
   0.21347	   0.04534
   0.20477	   0.04475
   0.19609	   0.04410
   0.18744	   0.04342
   0.17881	   0.04268
   0.17021	   0.04189
   0.16163	   0.04104
   0.15303	   0.04013
   0.14439	   0.03916
   0.13577	   0.03812
   0.12723	   0.03702
   0.11876	   0.03586
   0.11028	   0.03462
   0.10171	   0.03328
   0.09323	   0.03187
   0.08499	   0.03040
   0.07678	   0.02885
   0.06853	   0.02718
   0.06088	   0.02549
   0.05326	   0.02365
   0.04540	   0.02155
   0.03913	   0.01974
   0.03376	   0.01813
   0.02845	   0.01649
   0.02236	   0.01455
   0.01790	   0.01289
   0.01241	   0.01025
   0.00816	   0.00776
   0.00583	   0.00623
   0.00418	   0.00506
   0.00293	   0.00409
   0.00196	   0.00327
   0.00120	   0.00256
   0.00063	   0.00194
   0.00022	   0.00139
  -0.00004	   0.00091
  -0.00014	   0.00050
  -0.00009	   0.00015
   0.00014	  -0.00014
   0.00054	  -0.00036
   0.00114	  -0.00052
   0.00194	  -0.00062
   0.00300	  -0.00066
   0.00437	  -0.00063
   0.00623	  -0.00052
   0.00900	  -0.00029
   0.01463	   0.00012
   0.01965	   0.00017
   0.02517	  -0.00001
   0.03106	  -0.00011
   0.03627	  -0.00012
   0.04196	  -0.00008
   0.04915	  -0.00001
   0.05718	   0.00003
   0.06466	   0.00003
   0.07261	   0.00001
   0.08107	  -0.00001
   0.08940	  -0.00001
   0.09791	  -0.00000
   0.10656	   0.00000
   0.11507	   0.00001
   0.12352	   0.00001
   0.13200	   0.00000
   0.14057	   0.00000
   0.14924	   0.00000
   0.15794	  -0.00000
   0.16661	  -0.00000
   0.17527	  -0.00000
   0.18394	  -0.00000
   0.19264	  -0.00000
   0.20137	   0.00000
   0.21009	   0.00000
   0.21881	   0.00000
   0.22753	   0.00000
   0.23625	   0.00000
   0.24498	   0.00000
   0.25371	  -0.00000
   0.26244	  -0.00000
   0.27117	  -0.00000
   0.27991	  -0.00000
   0.28864	  -0.00000
   0.29737	  -0.00000
   0.30611	   0.00000
   0.31484	   0.00000
   0.32358	   0.00000
   0.33231	   0.00000
   0.34104	   0.00000
   0.34978	   0.00000
   0.35851	   0.00000
   0.36724	   0.00000
   0.37598	   0.00000
   0.38471	   0.00000
   0.39345	   0.00000
   0.40218	  -0.00000
   0.41092	  -0.00000
   0.41965	  -0.00000
   0.42839	  -0.00000
   0.43712	  -0.00000
   0.44586	  -0.00000
   0.45459	  -0.00000
   0.46332	  -0.00000
   0.47206	  -0.00000
   0.48079	  -0.00000
   0.48953	  -0.00000
   0.49826	  -0.00000
   0.50700	   0.00000
   0.51574	   0.00000
   0.52447	   0.00000
   0.53320	   0.00000
   0.54193	   0.00000
   0.55066	   0.00000
   0.55939	   0.00000
   0.56812	   0.00000
   0.57685	   0.00000
   0.58558	   0.00000
   0.59431	   0.00000
   0.60305	  -0.00000
   0.61178	  -0.00000
   0.62051	  -0.00000
   0.62923	  -0.00000
   0.63794	  -0.00000
   0.64665	  -0.00000
   0.65536	  -0.00000
   0.66407	  -0.00000
   0.67278	  -0.00000
   0.68149	  -0.00000
   0.69020	  -0.00000
   0.69893	  -0.00000
   0.70766	   0.00000
   0.71637	   0.00000
   0.72506	   0.00000
   0.73373	   0.00000
   0.74239	   0.00000
   0.75102	   0.00000
   0.75965	   0.00000
   0.76828	   0.00000
   0.77691	   0.00000
   0.78556	   0.00000
   0.79424	   0.00000
   0.80296	  -0.00000
   0.81164	  -0.00000
   0.82025	  -0.00000
   0.82878	  -0.00000
   0.83725	  -0.00000
   0.84565	  -0.00000
   0.85401	  -0.00000
   0.86235	  -0.00000
   0.87068	  -0.00000
   0.87905	  -0.00000
   0.88750	  -0.00000
   0.89606	  -0.00000
   0.90473	   0.00000
   0.91323	   0.00000
   0.92152	   0.00000
   0.92970	   0.00000
   0.93787	   0.00000
   0.94621	   0.00000
   0.95476	  -0.00000
   0.96271	  -0.00000
   0.96992	  -0.00000
   0.97643	  -0.00000
   0.98232	  -0.00000
   0.98769	  -0.00000
   0.99261	  -0.00000
   0.99715	  -0.00000
   1.00000	   0.00000
