SLOTFLAP
   0.25660	   0.00130
   0.25536	   0.00150
   0.25346	   0.00181
   0.25150	   0.00213
   0.24949	   0.00246
   0.24742	   0.00280
   0.24528	   0.00314
   0.24307	   0.00350
   0.24079	   0.00386
   0.23843	   0.00424
   0.23599	   0.00463
   0.23347	   0.00503
   0.23086	   0.00544
   0.22816	   0.00587
   0.22537	   0.00630
   0.22247	   0.00676
   0.21948	   0.00722
   0.21638	   0.00770
   0.21319	   0.00819
   0.20990	   0.00870
   0.20652	   0.00921
   0.20307	   0.00974
   0.19954	   0.01027
   0.19596	   0.01081
   0.19233	   0.01135
   0.18870	   0.01190
   0.18509	   0.01244
   0.18147	   0.01298
   0.17785	   0.01353
   0.17421	   0.01408
   0.17059	   0.01463
   0.16700	   0.01518
   0.16343	   0.01573
   0.15990	   0.01628
   0.15640	   0.01683
   0.15292	   0.01738
   0.14948	   0.01793
   0.14605	   0.01848
   0.14265	   0.01902
   0.13928	   0.01956
   0.13592	   0.02009
   0.13259	   0.02060
   0.12928	   0.02111
   0.12599	   0.02160
   0.12273	   0.02208
   0.11950	   0.02254
   0.11629	   0.02298
   0.11311	   0.02340
   0.10997	   0.02380
   0.10686	   0.02417
   0.10378	   0.02452
   0.10074	   0.02485
   0.09775	   0.02515
   0.09481	   0.02543
   0.09195	   0.02567
   0.08920	   0.02588
   0.08657	   0.02606
   0.08405	   0.02619
   0.08164	   0.02628
   0.07930	   0.02631
   0.07701	   0.02629
   0.07474	   0.02621
   0.07247	   0.02607
   0.07018	   0.02589
   0.06787	   0.02566
   0.06554	   0.02539
   0.06321	   0.02509
   0.06091	   0.02475
   0.05865	   0.02438
   0.05642	   0.02397
   0.05421	   0.02350
   0.05200	   0.02300
   0.04980	   0.02247
   0.04763	   0.02192
   0.04551	   0.02134
   0.04344	   0.02075
   0.04143	   0.02013
   0.03948	   0.01950
   0.03759	   0.01884
   0.03575	   0.01815
   0.03396	   0.01745
   0.03222	   0.01673
   0.03054	   0.01599
   0.02890	   0.01524
   0.02732	   0.01447
   0.02579	   0.01369
   0.02432	   0.01290
   0.02290	   0.01210
   0.02153	   0.01131
   0.02022	   0.01053
   0.01897	   0.00977
   0.01779	   0.00902
   0.01666	   0.00828
   0.01560	   0.00756
   0.01460	   0.00685
   0.01366	   0.00614
   0.01276	   0.00545
   0.01191	   0.00476
   0.01111	   0.00408
   0.01034	   0.00341
   0.00962	   0.00275
   0.00893	   0.00210
   0.00827	   0.00147
   0.00765	   0.00085
   0.00705	   0.00025
   0.00648	  -0.00034
   0.00594	  -0.00092
   0.00543	  -0.00149
   0.00495	  -0.00205
   0.00449	  -0.00260
   0.00405	  -0.00314
   0.00364	  -0.00367
   0.00325	  -0.00419
   0.00289	  -0.00469
   0.00256	  -0.00519
   0.00225	  -0.00567
   0.00196	  -0.00615
   0.00170	  -0.00661
   0.00146	  -0.00707
   0.00124	  -0.00751
   0.00103	  -0.00795
   0.00085	  -0.00838
   0.00069	  -0.00881
   0.00054	  -0.00922
   0.00042	  -0.00964
   0.00031	  -0.01005
   0.00021	  -0.01045
   0.00013	  -0.01085
   0.00007	  -0.01125
   0.00003	  -0.01165
   0.00000	  -0.01204
  -0.00001	  -0.01243
  -0.00000	  -0.01283
   0.00002	  -0.01322
   0.00006	  -0.01361
   0.00012	  -0.01400
   0.00019	  -0.01439
   0.00028	  -0.01478
   0.00038	  -0.01517
   0.00051	  -0.01556
   0.00064	  -0.01595
   0.00080	  -0.01634
   0.00097	  -0.01672
   0.00116	  -0.01710
   0.00136	  -0.01748
   0.00158	  -0.01785
   0.00183	  -0.01822
   0.00209	  -0.01859
   0.00237	  -0.01894
   0.00267	  -0.01929
   0.00299	  -0.01963
   0.00333	  -0.01996
   0.00370	  -0.02027
   0.00409	  -0.02057
   0.00451	  -0.02085
   0.00495	  -0.02111
   0.00542	  -0.02136
   0.00591	  -0.02159
   0.00643	  -0.02181
   0.00696	  -0.02201
   0.00752	  -0.02221
   0.00811	  -0.02240
   0.00871	  -0.02259
   0.00934	  -0.02276
   0.00999	  -0.02293
   0.01068	  -0.02309
   0.01139	  -0.02323
   0.01213	  -0.02337
   0.01290	  -0.02350
   0.01371	  -0.02361
   0.01455	  -0.02372
   0.01543	  -0.02382
   0.01636	  -0.02390
   0.01733	  -0.02397
   0.01836	  -0.02403
   0.01944	  -0.02408
   0.02058	  -0.02412
   0.02178	  -0.02414
   0.02305	  -0.02415
   0.02439	  -0.02414
   0.02582	  -0.02412
   0.02733	  -0.02407
   0.02894	  -0.02400
   0.03066	  -0.02390
   0.03249	  -0.02377
   0.03445	  -0.02362
   0.03655	  -0.02344
   0.03879	  -0.02324
   0.04117	  -0.02302
   0.04369	  -0.02278
   0.04631	  -0.02253
   0.04903	  -0.02227
   0.05181	  -0.02202
   0.05465	  -0.02176
   0.05753	  -0.02153
   0.06045	  -0.02130
   0.06341	  -0.02109
   0.06637	  -0.02090
   0.06928	  -0.02070
   0.07213	  -0.02049
   0.07490	  -0.02026
   0.07760	  -0.02000
   0.08025	  -0.01970
   0.08287	  -0.01938
   0.08549	  -0.01906
   0.08812	  -0.01874
   0.09080	  -0.01845
   0.09354	  -0.01820
   0.09637	  -0.01797
   0.09931	  -0.01776
   0.10236	  -0.01755
   0.10553	  -0.01732
   0.10881	  -0.01707
   0.11220	  -0.01680
   0.11569	  -0.01650
   0.11924	  -0.01618
   0.12285	  -0.01584
   0.12650	  -0.01548
   0.13016	  -0.01512
   0.13381	  -0.01474
   0.13747	  -0.01436
   0.14112	  -0.01397
   0.14476	  -0.01358
   0.14837	  -0.01319
   0.15196	  -0.01280
   0.15554	  -0.01241
   0.15911	  -0.01203
   0.16269	  -0.01165
   0.16626	  -0.01127
   0.16986	  -0.01089
   0.17346	  -0.01051
   0.17708	  -0.01013
   0.18071	  -0.00975
   0.18436	  -0.00936
   0.18800	  -0.00898
   0.19164	  -0.00860
   0.19526	  -0.00821
   0.19885	  -0.00783
   0.20240	  -0.00745
   0.20588	  -0.00708
   0.20930	  -0.00671
   0.21263	  -0.00634
   0.21587	  -0.00599
   0.21901	  -0.00564
   0.22206	  -0.00530
   0.22500	  -0.00497
   0.22784	  -0.00465
   0.23058	  -0.00434
   0.23323	  -0.00404
   0.23579	  -0.00374
   0.23826	  -0.00346
   0.24064	  -0.00318
   0.24295	  -0.00291
   0.24518	  -0.00265
   0.24734	  -0.00240
   0.24944	  -0.00215
   0.25147	  -0.00191
   0.25344	  -0.00168
   0.25535	  -0.00145
   0.25660	  -0.00130
