SM8516m
   1.00000	   0.00100
   0.99671	   0.00135
   0.99103	   0.00195
   0.98429	   0.00267
   0.97653	   0.00350
   0.96815	   0.00439
   0.95948	   0.00531
   0.95060	   0.00626
   0.94161	   0.00721
   0.93259	   0.00817
   0.92354	   0.00914
   0.91450	   0.01010
   0.90546	   0.01106
   0.89642	   0.01202
   0.88739	   0.01297
   0.87838	   0.01392
   0.86938	   0.01488
   0.86037	   0.01584
   0.85136	   0.01681
   0.84236	   0.01778
   0.83336	   0.01873
   0.82434	   0.01969
   0.81532	   0.02063
   0.80630	   0.02158
   0.79727	   0.02251
   0.78825	   0.02344
   0.77923	   0.02436
   0.77021	   0.02528
   0.76118	   0.02619
   0.75215	   0.02710
   0.74311	   0.02800
   0.73408	   0.02889
   0.72506	   0.02978
   0.71603	   0.03067
   0.70701	   0.03154
   0.69798	   0.03241
   0.68896	   0.03328
   0.67993	   0.03413
   0.67091	   0.03498
   0.66189	   0.03582
   0.65287	   0.03666
   0.64385	   0.03748
   0.63483	   0.03830
   0.62580	   0.03911
   0.61679	   0.03992
   0.60778	   0.04071
   0.59877	   0.04150
   0.58977	   0.04227
   0.58077	   0.04303
   0.57177	   0.04378
   0.56278	   0.04451
   0.55378	   0.04524
   0.54479	   0.04595
   0.53581	   0.04665
   0.52683	   0.04733
   0.51785	   0.04800
   0.50886	   0.04865
   0.49989	   0.04929
   0.49092	   0.04991
   0.48194	   0.05051
   0.47296	   0.05110
   0.46399	   0.05167
   0.45503	   0.05223
   0.44606	   0.05276
   0.43710	   0.05328
   0.42815	   0.05378
   0.41921	   0.05426
   0.41027	   0.05471
   0.40134	   0.05514
   0.39240	   0.05555
   0.38347	   0.05594
   0.37455	   0.05630
   0.36564	   0.05663
   0.35674	   0.05694
   0.34785	   0.05722
   0.33896	   0.05747
   0.33008	   0.05768
   0.32122	   0.05787
   0.31236	   0.05802
   0.30352	   0.05814
   0.29469	   0.05822
   0.28587	   0.05826
   0.27708	   0.05826
   0.26830	   0.05822
   0.25953	   0.05814
   0.25079	   0.05800
   0.24206	   0.05782
   0.23336	   0.05759
   0.22468	   0.05730
   0.21604	   0.05696
   0.20743	   0.05656
   0.19886	   0.05609
   0.19032	   0.05556
   0.18181	   0.05495
   0.17333	   0.05427
   0.16488	   0.05351
   0.15646	   0.05268
   0.14808	   0.05176
   0.13973	   0.05076
   0.13142	   0.04967
   0.12316	   0.04850
   0.11495	   0.04724
   0.10681	   0.04589
   0.09876	   0.04444
   0.09080	   0.04289
   0.08296	   0.04125
   0.07526	   0.03950
   0.06773	   0.03765
   0.06044	   0.03570
   0.05342	   0.03367
   0.04676	   0.03156
   0.04052	   0.02939
   0.03479	   0.02721
   0.02962	   0.02504
   0.02505	   0.02294
   0.02107	   0.02093
   0.01764	   0.01903
   0.01471	   0.01725
   0.01221	   0.01559
   0.01006	   0.01404
   0.00822	   0.01259
   0.00665	   0.01122
   0.00529	   0.00992
   0.00412	   0.00868
   0.00311	   0.00749
   0.00227	   0.00634
   0.00156	   0.00522
   0.00099	   0.00412
   0.00055	   0.00305
   0.00024	   0.00201
   0.00006	   0.00099
  -0.00000	   0.00001
   0.00006	  -0.00096
   0.00026	  -0.00195
   0.00061	  -0.00294
   0.00113	  -0.00392
   0.00181	  -0.00486
   0.00266	  -0.00576
   0.00366	  -0.00662
   0.00483	  -0.00744
   0.00617	  -0.00824
   0.00769	  -0.00903
   0.00943	  -0.00981
   0.01142	  -0.01060
   0.01372	  -0.01141
   0.01640	  -0.01226
   0.01955	  -0.01315
   0.02327	  -0.01410
   0.02766	  -0.01510
   0.03282	  -0.01616
   0.03876	  -0.01724
   0.04541	  -0.01832
   0.05266	  -0.01936
   0.06032	  -0.02035
   0.06829	  -0.02127
   0.07644	  -0.02210
   0.08473	  -0.02286
   0.09312	  -0.02353
   0.10159	  -0.02414
   0.11011	  -0.02467
   0.11869	  -0.02514
   0.12731	  -0.02554
   0.13598	  -0.02589
   0.14469	  -0.02619
   0.15344	  -0.02643
   0.16222	  -0.02664
   0.17104	  -0.02680
   0.17988	  -0.02693
   0.18874	  -0.02702
   0.19763	  -0.02709
   0.20654	  -0.02712
   0.21546	  -0.02713
   0.22441	  -0.02711
   0.23337	  -0.02707
   0.24234	  -0.02701
   0.25133	  -0.02694
   0.26033	  -0.02685
   0.26934	  -0.02674
   0.27835	  -0.02662
   0.28736	  -0.02649
   0.29638	  -0.02634
   0.30541	  -0.02618
   0.31444	  -0.02601
   0.32348	  -0.02583
   0.33252	  -0.02564
   0.34156	  -0.02544
   0.35061	  -0.02523
   0.35966	  -0.02501
   0.36871	  -0.02478
   0.37776	  -0.02455
   0.38681	  -0.02430
   0.39587	  -0.02405
   0.40494	  -0.02379
   0.41400	  -0.02353
   0.42306	  -0.02326
   0.43212	  -0.02298
   0.44119	  -0.02269
   0.45027	  -0.02240
   0.45936	  -0.02211
   0.46844	  -0.02181
   0.47752	  -0.02151
   0.48660	  -0.02120
   0.49567	  -0.02089
   0.50475	  -0.02058
   0.51383	  -0.02026
   0.52291	  -0.01993
   0.53198	  -0.01961
   0.54107	  -0.01927
   0.55016	  -0.01894
   0.55924	  -0.01860
   0.56832	  -0.01827
   0.57741	  -0.01792
   0.58650	  -0.01758
   0.59559	  -0.01723
   0.60468	  -0.01688
   0.61377	  -0.01653
   0.62287	  -0.01618
   0.63196	  -0.01582
   0.64106	  -0.01546
   0.65015	  -0.01511
   0.65924	  -0.01475
   0.66834	  -0.01439
   0.67744	  -0.01402
   0.68654	  -0.01366
   0.69564	  -0.01329
   0.70474	  -0.01293
   0.71384	  -0.01256
   0.72295	  -0.01219
   0.73205	  -0.01182
   0.74116	  -0.01145
   0.75026	  -0.01108
   0.75936	  -0.01072
   0.76845	  -0.01035
   0.77755	  -0.00998
   0.78665	  -0.00961
   0.79574	  -0.00924
   0.80484	  -0.00887
   0.81393	  -0.00851
   0.82304	  -0.00814
   0.83214	  -0.00777
   0.84124	  -0.00740
   0.85034	  -0.00704
   0.85944	  -0.00667
   0.86855	  -0.00630
   0.87765	  -0.00593
   0.88675	  -0.00557
   0.89585	  -0.00520
   0.90495	  -0.00483
   0.91406	  -0.00447
   0.92316	  -0.00410
   0.93224	  -0.00373
   0.94131	  -0.00337
   0.95034	  -0.00300
   0.95927	  -0.00264
   0.96799	  -0.00229
   0.97641	  -0.00195
   0.98421	  -0.00164
   0.99099	  -0.00136
   0.99669	  -0.00113
   1.00000	  -0.00100
