USA 35-B
   1.00000	   0.00250
   0.99618	   0.00347
   0.99010	   0.00499
   0.98358	   0.00663
   0.97655	   0.00840
   0.96896	   0.01029
   0.96078	   0.01233
   0.95200	   0.01451
   0.94268	   0.01681
   0.93294	   0.01920
   0.92293	   0.02165
   0.91278	   0.02412
   0.90259	   0.02658
   0.89240	   0.02902
   0.88221	   0.03144
   0.87200	   0.03384
   0.86177	   0.03623
   0.85151	   0.03860
   0.84123	   0.04096
   0.83093	   0.04330
   0.82060	   0.04563
   0.81026	   0.04793
   0.79991	   0.05022
   0.78956	   0.05248
   0.77923	   0.05472
   0.76892	   0.05692
   0.75864	   0.05909
   0.74839	   0.06122
   0.73817	   0.06332
   0.72797	   0.06537
   0.71779	   0.06738
   0.70762	   0.06935
   0.69744	   0.07128
   0.68725	   0.07317
   0.67703	   0.07503
   0.66677	   0.07686
   0.65646	   0.07866
   0.64610	   0.08045
   0.63569	   0.08221
   0.62523	   0.08396
   0.61472	   0.08570
   0.60418	   0.08742
   0.59361	   0.08914
   0.58304	   0.09084
   0.57246	   0.09252
   0.56191	   0.09418
   0.55138	   0.09581
   0.54090	   0.09740
   0.53046	   0.09896
   0.52007	   0.10048
   0.50975	   0.10195
   0.49949	   0.10337
   0.48930	   0.10474
   0.47919	   0.10605
   0.46914	   0.10731
   0.45917	   0.10850
   0.44926	   0.10962
   0.43941	   0.11068
   0.42960	   0.11167
   0.41984	   0.11258
   0.41010	   0.11341
   0.40037	   0.11417
   0.39064	   0.11485
   0.38089	   0.11545
   0.37111	   0.11597
   0.36130	   0.11642
   0.35145	   0.11679
   0.34156	   0.11710
   0.33164	   0.11733
   0.32169	   0.11749
   0.31174	   0.11758
   0.30181	   0.11760
   0.29190	   0.11756
   0.28206	   0.11745
   0.27229	   0.11727
   0.26261	   0.11700
   0.25304	   0.11665
   0.24356	   0.11621
   0.23420	   0.11568
   0.22493	   0.11505
   0.21576	   0.11432
   0.20667	   0.11349
   0.19766	   0.11254
   0.18871	   0.11149
   0.17981	   0.11032
   0.17095	   0.10905
   0.16214	   0.10767
   0.15337	   0.10620
   0.14465	   0.10462
   0.13599	   0.10295
   0.12745	   0.10117
   0.11909	   0.09931
   0.11101	   0.09737
   0.10329	   0.09539
   0.09601	   0.09339
   0.08919	   0.09137
   0.08281	   0.08931
   0.07679	   0.08718
   0.07106	   0.08494
   0.06555	   0.08260
   0.06022	   0.08018
   0.05510	   0.07773
   0.05024	   0.07532
   0.04568	   0.07299
   0.04146	   0.07077
   0.03759	   0.06866
   0.03406	   0.06665
   0.03083	   0.06475
   0.02788	   0.06294
   0.02518	   0.06121
   0.02269	   0.05956
   0.02039	   0.05795
   0.01826	   0.05637
   0.01630	   0.05482
   0.01448	   0.05329
   0.01279	   0.05177
   0.01123	   0.05028
   0.00979	   0.04881
   0.00847	   0.04737
   0.00727	   0.04598
   0.00618	   0.04461
   0.00520	   0.04328
   0.00431	   0.04198
   0.00351	   0.04071
   0.00280	   0.03947
   0.00218	   0.03824
   0.00163	   0.03704
   0.00116	   0.03586
   0.00077	   0.03469
   0.00045	   0.03354
   0.00021	   0.03240
   0.00003	   0.03126
  -0.00006	   0.03014
  -0.00009	   0.02902
  -0.00003	   0.02791
   0.00011	   0.02680
   0.00032	   0.02569
   0.00061	   0.02457
   0.00098	   0.02346
   0.00143	   0.02235
   0.00195	   0.02124
   0.00254	   0.02014
   0.00322	   0.01903
   0.00397	   0.01793
   0.00481	   0.01684
   0.00573	   0.01576
   0.00674	   0.01470
   0.00784	   0.01366
   0.00904	   0.01264
   0.01034	   0.01167
   0.01175	   0.01074
   0.01327	   0.00989
   0.01491	   0.00911
   0.01668	   0.00842
   0.01859	   0.00779
   0.02066	   0.00723
   0.02290	   0.00672
   0.02531	   0.00624
   0.02792	   0.00575
   0.03073	   0.00526
   0.03378	   0.00477
   0.03707	   0.00428
   0.04063	   0.00381
   0.04447	   0.00335
   0.04862	   0.00293
   0.05312	   0.00254
   0.05803	   0.00219
   0.06342	   0.00188
   0.06939	   0.00161
   0.07602	   0.00136
   0.08336	   0.00113
   0.09141	   0.00091
   0.10006	   0.00070
   0.10920	   0.00050
   0.11869	   0.00031
   0.12837	   0.00016
   0.13814	   0.00005
   0.14795	   0.00000
   0.15780	   0.00002
   0.16775	   0.00009
   0.17785	   0.00020
   0.18813	   0.00034
   0.19859	   0.00048
   0.20921	   0.00062
   0.21996	   0.00074
   0.23079	   0.00085
   0.24166	   0.00096
   0.25255	   0.00106
   0.26343	   0.00115
   0.27428	   0.00125
   0.28510	   0.00135
   0.29589	   0.00146
   0.30665	   0.00157
   0.31739	   0.00170
   0.32812	   0.00183
   0.33885	   0.00197
   0.34960	   0.00211
   0.36035	   0.00226
   0.37113	   0.00241
   0.38192	   0.00256
   0.39273	   0.00270
   0.40357	   0.00285
   0.41442	   0.00298
   0.42528	   0.00312
   0.43616	   0.00324
   0.44704	   0.00337
   0.45792	   0.00348
   0.46880	   0.00360
   0.47968	   0.00371
   0.49056	   0.00381
   0.50141	   0.00391
   0.51226	   0.00401
   0.52309	   0.00410
   0.53389	   0.00419
   0.54468	   0.00426
   0.55545	   0.00433
   0.56620	   0.00439
   0.57694	   0.00444
   0.58767	   0.00448
   0.59840	   0.00450
   0.60913	   0.00451
   0.61988	   0.00450
   0.63064	   0.00448
   0.64142	   0.00445
   0.65223	   0.00442
   0.66306	   0.00438
   0.67391	   0.00433
   0.68477	   0.00428
   0.69565	   0.00422
   0.70653	   0.00417
   0.71741	   0.00411
   0.72828	   0.00406
   0.73912	   0.00400
   0.74994	   0.00393
   0.76074	   0.00386
   0.77151	   0.00378
   0.78226	   0.00368
   0.79299	   0.00358
   0.80370	   0.00346
   0.81439	   0.00332
   0.82508	   0.00318
   0.83576	   0.00302
   0.84644	   0.00285
   0.85711	   0.00268
   0.86778	   0.00251
   0.87843	   0.00234
   0.88907	   0.00217
   0.89969	   0.00200
   0.91026	   0.00185
   0.92076	   0.00169
   0.93108	   0.00153
   0.94110	   0.00136
   0.95066	   0.00119
   0.95967	   0.00101
   0.96807	   0.00083
   0.97586	   0.00064
   0.98309	   0.00046
   0.98980	   0.00029
   0.99606	   0.00011
   1.00000	   0.00000
