USA 35 A
   1.00000	   0.00215
   0.99530	   0.00377
   0.98787	   0.00632
   0.97996	   0.00904
   0.97153	   0.01195
   0.96255	   0.01505
   0.95301	   0.01834
   0.94295	   0.02182
   0.93242	   0.02545
   0.92152	   0.02919
   0.91032	   0.03300
   0.89889	   0.03683
   0.88722	   0.04067
   0.87531	   0.04451
   0.86316	   0.04836
   0.85076	   0.05222
   0.83812	   0.05609
   0.82526	   0.05998
   0.81220	   0.06387
   0.79898	   0.06777
   0.78567	   0.07167
   0.77232	   0.07553
   0.75897	   0.07935
   0.74567	   0.08310
   0.73245	   0.08677
   0.71933	   0.09035
   0.70632	   0.09383
   0.69343	   0.09722
   0.68064	   0.10050
   0.66795	   0.10367
   0.65535	   0.10675
   0.64282	   0.10973
   0.63033	   0.11261
   0.61787	   0.11540
   0.60540	   0.11811
   0.59289	   0.12074
   0.58030	   0.12329
   0.56760	   0.12577
   0.55479	   0.12819
   0.54188	   0.13055
   0.52889	   0.13285
   0.51588	   0.13508
   0.50293	   0.13723
   0.49015	   0.13931
   0.47761	   0.14128
   0.46538	   0.14313
   0.45350	   0.14484
   0.44194	   0.14641
   0.43068	   0.14782
   0.41968	   0.14908
   0.40890	   0.15018
   0.39829	   0.15114
   0.38778	   0.15194
   0.37731	   0.15259
   0.36686	   0.15310
   0.35639	   0.15348
   0.34588	   0.15372
   0.33534	   0.15383
   0.32478	   0.15382
   0.31423	   0.15369
   0.30373	   0.15344
   0.29335	   0.15308
   0.28314	   0.15261
   0.27316	   0.15205
   0.26344	   0.15137
   0.25399	   0.15059
   0.24482	   0.14970
   0.23590	   0.14870
   0.22724	   0.14758
   0.21880	   0.14636
   0.21056	   0.14502
   0.20250	   0.14356
   0.19459	   0.14198
   0.18682	   0.14028
   0.17916	   0.13845
   0.17160	   0.13651
   0.16416	   0.13449
   0.15685	   0.13238
   0.14972	   0.13022
   0.14277	   0.12803
   0.13606	   0.12582
   0.12960	   0.12359
   0.12341	   0.12135
   0.11748	   0.11909
   0.11182	   0.11681
   0.10640	   0.11450
   0.10122	   0.11217
   0.09626	   0.10981
   0.09151	   0.10741
   0.08695	   0.10498
   0.08257	   0.10253
   0.07836	   0.10004
   0.07433	   0.09754
   0.07044	   0.09500
   0.06671	   0.09245
   0.06312	   0.08989
   0.05967	   0.08731
   0.05634	   0.08474
   0.05313	   0.08219
   0.05004	   0.07964
   0.04707	   0.07713
   0.04421	   0.07464
   0.04146	   0.07219
   0.03883	   0.06978
   0.03630	   0.06740
   0.03388	   0.06506
   0.03156	   0.06276
   0.02934	   0.06050
   0.02722	   0.05828
   0.02520	   0.05610
   0.02326	   0.05396
   0.02141	   0.05186
   0.01965	   0.04978
   0.01797	   0.04774
   0.01637	   0.04572
   0.01485	   0.04372
   0.01342	   0.04174
   0.01207	   0.03978
   0.01079	   0.03783
   0.00959	   0.03589
   0.00846	   0.03396
   0.00741	   0.03205
   0.00643	   0.03016
   0.00553	   0.02829
   0.00469	   0.02643
   0.00393	   0.02459
   0.00323	   0.02277
   0.00260	   0.02097
   0.00204	   0.01918
   0.00154	   0.01741
   0.00110	   0.01565
   0.00073	   0.01390
   0.00042	   0.01217
   0.00017	   0.01045
  -0.00002	   0.00874
  -0.00015	   0.00704
  -0.00021	   0.00535
  -0.00021	   0.00366
  -0.00015	   0.00199
  -0.00003	   0.00031
   0.00016	  -0.00136
   0.00041	  -0.00302
   0.00072	  -0.00468
   0.00110	  -0.00633
   0.00154	  -0.00796
   0.00205	  -0.00958
   0.00262	  -0.01118
   0.00325	  -0.01276
   0.00395	  -0.01431
   0.00472	  -0.01583
   0.00555	  -0.01733
   0.00646	  -0.01879
   0.00744	  -0.02020
   0.00849	  -0.02158
   0.00963	  -0.02290
   0.01084	  -0.02417
   0.01215	  -0.02537
   0.01354	  -0.02650
   0.01503	  -0.02756
   0.01661	  -0.02854
   0.01829	  -0.02945
   0.02005	  -0.03029
   0.02191	  -0.03107
   0.02384	  -0.03179
   0.02585	  -0.03247
   0.02793	  -0.03310
   0.03008	  -0.03368
   0.03230	  -0.03423
   0.03460	  -0.03473
   0.03699	  -0.03519
   0.03946	  -0.03561
   0.04203	  -0.03598
   0.04469	  -0.03632
   0.04747	  -0.03662
   0.05035	  -0.03688
   0.05336	  -0.03712
   0.05650	  -0.03732
   0.05979	  -0.03750
   0.06323	  -0.03764
   0.06684	  -0.03776
   0.07064	  -0.03785
   0.07464	  -0.03792
   0.07887	  -0.03798
   0.08335	  -0.03801
   0.08810	  -0.03804
   0.09314	  -0.03804
   0.09850	  -0.03803
   0.10421	  -0.03801
   0.11027	  -0.03797
   0.11671	  -0.03791
   0.12352	  -0.03782
   0.13071	  -0.03769
   0.13828	  -0.03750
   0.14622	  -0.03726
   0.15456	  -0.03693
   0.16336	  -0.03651
   0.17268	  -0.03600
   0.18260	  -0.03540
   0.19320	  -0.03473
   0.20452	  -0.03401
   0.21656	  -0.03327
   0.22925	  -0.03251
   0.24250	  -0.03173
   0.25615	  -0.03095
   0.27009	  -0.03016
   0.28418	  -0.02937
   0.29836	  -0.02857
   0.31259	  -0.02776
   0.32690	  -0.02693
   0.34128	  -0.02609
   0.35572	  -0.02522
   0.37023	  -0.02434
   0.38476	  -0.02343
   0.39929	  -0.02251
   0.41377	  -0.02156
   0.42815	  -0.02062
   0.44241	  -0.01968
   0.45654	  -0.01877
   0.47056	  -0.01790
   0.48449	  -0.01708
   0.49836	  -0.01632
   0.51221	  -0.01563
   0.52611	  -0.01499
   0.54009	  -0.01440
   0.55418	  -0.01384
   0.56842	  -0.01330
   0.58281	  -0.01276
   0.59736	  -0.01221
   0.61207	  -0.01164
   0.62690	  -0.01105
   0.64184	  -0.01044
   0.65683	  -0.00981
   0.67184	  -0.00918
   0.68681	  -0.00855
   0.70169	  -0.00792
   0.71641	  -0.00731
   0.73094	  -0.00672
   0.74525	  -0.00617
   0.75935	  -0.00566
   0.77324	  -0.00520
   0.78696	  -0.00480
   0.80054	  -0.00446
   0.81403	  -0.00419
   0.82747	  -0.00396
   0.84085	  -0.00378
   0.85418	  -0.00362
   0.86739	  -0.00347
   0.88044	  -0.00332
   0.89324	  -0.00316
   0.90572	  -0.00298
   0.91779	  -0.00278
   0.92939	  -0.00259
   0.94045	  -0.00242
   0.95094	  -0.00229
   0.96085	  -0.00220
   0.97018	  -0.00214
   0.97896	  -0.00211
   0.98723	  -0.00211
   0.99503	  -0.00213
   1.00000	  -0.00215
