USA 29
   1.00000	   0.00000
   0.99632	   0.00102
   0.99046	   0.00265
   0.98414	   0.00442
   0.97731	   0.00633
   0.96992	   0.00842
   0.96194	   0.01069
   0.95337	   0.01313
   0.94431	   0.01574
   0.93490	   0.01845
   0.92533	   0.02121
   0.91577	   0.02395
   0.90629	   0.02664
   0.89692	   0.02926
   0.88763	   0.03180
   0.87839	   0.03430
   0.86914	   0.03675
   0.85988	   0.03917
   0.85058	   0.04157
   0.84122	   0.04394
   0.83179	   0.04630
   0.82229	   0.04866
   0.81272	   0.05100
   0.80310	   0.05333
   0.79344	   0.05565
   0.78376	   0.05796
   0.77409	   0.06023
   0.76445	   0.06248
   0.75483	   0.06467
   0.74526	   0.06683
   0.73572	   0.06892
   0.72623	   0.07097
   0.71677	   0.07296
   0.70734	   0.07489
   0.69791	   0.07675
   0.68848	   0.07856
   0.67903	   0.08032
   0.66954	   0.08203
   0.66001	   0.08370
   0.65043	   0.08534
   0.64080	   0.08694
   0.63111	   0.08852
   0.62136	   0.09007
   0.61157	   0.09161
   0.60175	   0.09313
   0.59190	   0.09463
   0.58205	   0.09612
   0.57221	   0.09758
   0.56239	   0.09901
   0.55260	   0.10041
   0.54285	   0.10176
   0.53314	   0.10307
   0.52347	   0.10433
   0.51384	   0.10554
   0.50425	   0.10669
   0.49469	   0.10778
   0.48515	   0.10881
   0.47564	   0.10978
   0.46613	   0.11069
   0.45664	   0.11153
   0.44716	   0.11230
   0.43768	   0.11301
   0.42821	   0.11365
   0.41874	   0.11422
   0.40928	   0.11471
   0.39983	   0.11513
   0.39039	   0.11548
   0.38098	   0.11574
   0.37158	   0.11593
   0.36221	   0.11602
   0.35286	   0.11604
   0.34355	   0.11596
   0.33427	   0.11579
   0.32501	   0.11552
   0.31579	   0.11516
   0.30661	   0.11470
   0.29745	   0.11413
   0.28832	   0.11346
   0.27922	   0.11268
   0.27015	   0.11180
   0.26111	   0.11081
   0.25210	   0.10970
   0.24312	   0.10849
   0.23417	   0.10716
   0.22527	   0.10571
   0.21640	   0.10415
   0.20757	   0.10247
   0.19879	   0.10067
   0.19005	   0.09876
   0.18137	   0.09672
   0.17274	   0.09456
   0.16417	   0.09228
   0.15566	   0.08988
   0.14720	   0.08735
   0.13881	   0.08470
   0.13047	   0.08191
   0.12221	   0.07900
   0.11405	   0.07596
   0.10600	   0.07279
   0.09809	   0.06952
   0.09036	   0.06614
   0.08282	   0.06266
   0.07549	   0.05909
   0.06835	   0.05541
   0.06141	   0.05162
   0.05469	   0.04774
   0.04831	   0.04386
   0.04235	   0.04005
   0.03690	   0.03641
   0.03195	   0.03299
   0.02748	   0.02982
   0.02345	   0.02689
   0.01981	   0.02417
   0.01659	   0.02165
   0.01384	   0.01940
   0.01151	   0.01740
   0.00955	   0.01562
   0.00789	   0.01403
   0.00647	   0.01259
   0.00526	   0.01126
   0.00422	   0.01001
   0.00333	   0.00883
   0.00256	   0.00770
   0.00190	   0.00662
   0.00135	   0.00557
   0.00090	   0.00455
   0.00054	   0.00356
   0.00027	   0.00259
   0.00009	   0.00162
   0.00001	   0.00067
   0.00001	  -0.00028
   0.00011	  -0.00123
   0.00030	  -0.00218
   0.00058	  -0.00314
   0.00096	  -0.00410
   0.00142	  -0.00509
   0.00197	  -0.00608
   0.00262	  -0.00710
   0.00338	  -0.00815
   0.00425	  -0.00922
   0.00525	  -0.01033
   0.00639	  -0.01147
   0.00769	  -0.01266
   0.00917	  -0.01390
   0.01086	  -0.01519
   0.01278	  -0.01652
   0.01495	  -0.01787
   0.01736	  -0.01919
   0.02002	  -0.02044
   0.02291	  -0.02159
   0.02603	  -0.02261
   0.02943	  -0.02353
   0.03319	  -0.02436
   0.03742	  -0.02511
   0.04224	  -0.02581
   0.04781	  -0.02653
   0.05415	  -0.02735
   0.06098	  -0.02827
   0.06793	  -0.02914
   0.07483	  -0.02983
   0.08185	  -0.03026
   0.08931	  -0.03046
   0.09752	  -0.03051
   0.10661	  -0.03054
   0.11629	  -0.03059
   0.12609	  -0.03063
   0.13565	  -0.03060
   0.14486	  -0.03048
   0.15380	  -0.03025
   0.16265	  -0.02988
   0.17156	  -0.02941
   0.18065	  -0.02883
   0.19001	  -0.02817
   0.19969	  -0.02744
   0.20964	  -0.02667
   0.21961	  -0.02587
   0.22947	  -0.02505
   0.23930	  -0.02420
   0.24917	  -0.02329
   0.25914	  -0.02232
   0.26910	  -0.02129
   0.27889	  -0.02020
   0.28848	  -0.01906
   0.29788	  -0.01786
   0.30712	  -0.01660
   0.31620	  -0.01529
   0.32515	  -0.01396
   0.33398	  -0.01262
   0.34273	  -0.01130
   0.35141	  -0.01002
   0.36003	  -0.00878
   0.36862	  -0.00761
   0.37719	  -0.00652
   0.38578	  -0.00554
   0.39439	  -0.00466
   0.40305	  -0.00393
   0.41179	  -0.00333
   0.42062	  -0.00287
   0.42957	  -0.00253
   0.43866	  -0.00230
   0.44789	  -0.00216
   0.45727	  -0.00212
   0.46681	  -0.00215
   0.47650	  -0.00224
   0.48634	  -0.00238
   0.49629	  -0.00254
   0.50634	  -0.00270
   0.51643	  -0.00287
   0.52652	  -0.00305
   0.53661	  -0.00323
   0.54668	  -0.00343
   0.55669	  -0.00364
   0.56664	  -0.00388
   0.57652	  -0.00415
   0.58635	  -0.00445
   0.59611	  -0.00479
   0.60584	  -0.00517
   0.61553	  -0.00558
   0.62522	  -0.00603
   0.63490	  -0.00649
   0.64459	  -0.00698
   0.65429	  -0.00747
   0.66401	  -0.00796
   0.67374	  -0.00845
   0.68350	  -0.00892
   0.69326	  -0.00937
   0.70303	  -0.00978
   0.71280	  -0.01016
   0.72256	  -0.01050
   0.73230	  -0.01079
   0.74203	  -0.01105
   0.75173	  -0.01125
   0.76142	  -0.01142
   0.77109	  -0.01154
   0.78075	  -0.01161
   0.79041	  -0.01164
   0.80008	  -0.01161
   0.80977	  -0.01154
   0.81950	  -0.01141
   0.82927	  -0.01125
   0.83908	  -0.01104
   0.84894	  -0.01079
   0.85885	  -0.01051
   0.86878	  -0.01020
   0.87874	  -0.00986
   0.88868	  -0.00949
   0.89860	  -0.00911
   0.90845	  -0.00872
   0.91820	  -0.00829
   0.92776	  -0.00781
   0.93707	  -0.00725
   0.94602	  -0.00662
   0.95455	  -0.00589
   0.96262	  -0.00510
   0.97022	  -0.00426
   0.97734	  -0.00337
   0.98403	  -0.00247
   0.99032	  -0.00155
   0.99624	  -0.00062
   1.00000	   0.00000
