WORTMANN FX 63-120
   1.00000	   0.00000
   0.99676	   0.00130
   0.99162	   0.00332
   0.98610	   0.00543
   0.98016	   0.00765
   0.97375	   0.00998
   0.96682	   0.01242
   0.95937	   0.01495
   0.95139	   0.01756
   0.94296	   0.02020
   0.93419	   0.02283
   0.92523	   0.02539
   0.91620	   0.02786
   0.90718	   0.03021
   0.89820	   0.03244
   0.88924	   0.03456
   0.88028	   0.03659
   0.87130	   0.03856
   0.86227	   0.04047
   0.85317	   0.04234
   0.84400	   0.04420
   0.83474	   0.04604
   0.82539	   0.04790
   0.81595	   0.04978
   0.80642	   0.05169
   0.79682	   0.05366
   0.78715	   0.05568
   0.77744	   0.05774
   0.76770	   0.05984
   0.75795	   0.06195
   0.74818	   0.06408
   0.73842	   0.06621
   0.72868	   0.06832
   0.71896	   0.07041
   0.70927	   0.07247
   0.69962	   0.07448
   0.69000	   0.07644
   0.68043	   0.07834
   0.67090	   0.08018
   0.66142	   0.08196
   0.65198	   0.08367
   0.64257	   0.08530
   0.63319	   0.08687
   0.62383	   0.08836
   0.61448	   0.08977
   0.60513	   0.09110
   0.59576	   0.09236
   0.58637	   0.09353
   0.57693	   0.09463
   0.56744	   0.09566
   0.55788	   0.09663
   0.54826	   0.09755
   0.53858	   0.09841
   0.52882	   0.09923
   0.51900	   0.10001
   0.50912	   0.10075
   0.49919	   0.10146
   0.48924	   0.10214
   0.47926	   0.10278
   0.46928	   0.10340
   0.45932	   0.10397
   0.44937	   0.10450
   0.43945	   0.10498
   0.42957	   0.10542
   0.41974	   0.10580
   0.40995	   0.10612
   0.40021	   0.10639
   0.39053	   0.10661
   0.38090	   0.10676
   0.37133	   0.10684
   0.36181	   0.10686
   0.35233	   0.10682
   0.34289	   0.10670
   0.33348	   0.10651
   0.32409	   0.10625
   0.31471	   0.10590
   0.30533	   0.10548
   0.29592	   0.10497
   0.28648	   0.10437
   0.27699	   0.10368
   0.26745	   0.10290
   0.25785	   0.10202
   0.24820	   0.10106
   0.23853	   0.10001
   0.22885	   0.09888
   0.21920	   0.09766
   0.20961	   0.09637
   0.20013	   0.09502
   0.19080	   0.09361
   0.18166	   0.09214
   0.17269	   0.09061
   0.16386	   0.08899
   0.15511	   0.08727
   0.14638	   0.08542
   0.13756	   0.08341
   0.12861	   0.08125
   0.11953	   0.07893
   0.11041	   0.07650
   0.10145	   0.07401
   0.09285	   0.07154
   0.08482	   0.06909
   0.07739	   0.06664
   0.07057	   0.06416
   0.06427	   0.06162
   0.05841	   0.05898
   0.05290	   0.05620
   0.04766	   0.05323
   0.04262	   0.05006
   0.03776	   0.04672
   0.03311	   0.04329
   0.02873	   0.03986
   0.02470	   0.03655
   0.02105	   0.03340
   0.01778	   0.03045
   0.01495	   0.02775
   0.01252	   0.02533
   0.01046	   0.02319
   0.00871	   0.02127
   0.00720	   0.01953
   0.00589	   0.01793
   0.00475	   0.01645
   0.00375	   0.01506
   0.00287	   0.01374
   0.00211	   0.01250
   0.00144	   0.01132
   0.00087	   0.01018
   0.00038	   0.00909
  -0.00002	   0.00805
  -0.00034	   0.00704
  -0.00058	   0.00606
  -0.00074	   0.00511
  -0.00082	   0.00419
  -0.00082	   0.00330
  -0.00074	   0.00243
  -0.00058	   0.00157
  -0.00032	   0.00074
   0.00004	  -0.00007
   0.00050	  -0.00087
   0.00107	  -0.00166
   0.00175	  -0.00243
   0.00255	  -0.00320
   0.00346	  -0.00397
   0.00452	  -0.00474
   0.00571	  -0.00551
   0.00707	  -0.00628
   0.00862	  -0.00707
   0.01038	  -0.00787
   0.01240	  -0.00868
   0.01472	  -0.00951
   0.01735	  -0.01033
   0.02035	  -0.01114
   0.02380	  -0.01194
   0.02783	  -0.01279
   0.03254	  -0.01371
   0.03795	  -0.01467
   0.04395	  -0.01561
   0.05040	  -0.01645
   0.05733	  -0.01716
   0.06490	  -0.01776
   0.07328	  -0.01830
   0.08231	  -0.01881
   0.09154	  -0.01927
   0.10065	  -0.01962
   0.10968	  -0.01985
   0.11878	  -0.01999
   0.12809	  -0.02004
   0.13767	  -0.02004
   0.14754	  -0.02001
   0.15761	  -0.01998
   0.16773	  -0.01994
   0.17778	  -0.01988
   0.18768	  -0.01979
   0.19742	  -0.01965
   0.20703	  -0.01945
   0.21656	  -0.01918
   0.22604	  -0.01886
   0.23552	  -0.01848
   0.24503	  -0.01805
   0.25459	  -0.01758
   0.26422	  -0.01705
   0.27394	  -0.01648
   0.28375	  -0.01587
   0.29364	  -0.01523
   0.30363	  -0.01455
   0.31369	  -0.01384
   0.32380	  -0.01311
   0.33395	  -0.01235
   0.34413	  -0.01157
   0.35432	  -0.01077
   0.36451	  -0.00996
   0.37469	  -0.00912
   0.38485	  -0.00828
   0.39499	  -0.00743
   0.40509	  -0.00656
   0.41517	  -0.00569
   0.42520	  -0.00481
   0.43520	  -0.00391
   0.44517	  -0.00299
   0.45510	  -0.00205
   0.46499	  -0.00109
   0.47486	  -0.00010
   0.48469	   0.00093
   0.49450	   0.00199
   0.50430	   0.00309
   0.51408	   0.00422
   0.52385	   0.00539
   0.53363	   0.00657
   0.54340	   0.00777
   0.55318	   0.00896
   0.56295	   0.01015
   0.57272	   0.01132
   0.58248	   0.01245
   0.59222	   0.01355
   0.60193	   0.01460
   0.61160	   0.01560
   0.62122	   0.01653
   0.63079	   0.01739
   0.64030	   0.01819
   0.64976	   0.01891
   0.65917	   0.01955
   0.66854	   0.02011
   0.67788	   0.02060
   0.68721	   0.02100
   0.69653	   0.02131
   0.70588	   0.02153
   0.71528	   0.02166
   0.72474	   0.02173
   0.73427	   0.02173
   0.74388	   0.02170
   0.75356	   0.02163
   0.76331	   0.02155
   0.77309	   0.02147
   0.78288	   0.02141
   0.79264	   0.02139
   0.80231	   0.02141
   0.81186	   0.02149
   0.82124	   0.02159
   0.83043	   0.02168
   0.83943	   0.02175
   0.84825	   0.02177
   0.85691	   0.02173
   0.86542	   0.02160
   0.87383	   0.02137
   0.88217	   0.02102
   0.89047	   0.02054
   0.89877	   0.01991
   0.90714	   0.01909
   0.91561	   0.01810
   0.92418	   0.01691
   0.93282	   0.01556
   0.94143	   0.01405
   0.94986	   0.01243
   0.95797	   0.01074
   0.96562	   0.00904
   0.97278	   0.00735
   0.97943	   0.00569
   0.98560	   0.00407
   0.99132	   0.00250
   0.99665	   0.00098
   1.00000	   0.00000
