WORTMANN FX 77-W-258
   0.99893	   0.00636
   0.99316	   0.00760
   0.98527	   0.00992
   0.97698	   0.01161
   0.96831	   0.01351
   0.95914	   0.01542
   0.94949	   0.01750
   0.93937	   0.01966
   0.92884	   0.02197
   0.91791	   0.02446
   0.90660	   0.02699
   0.89498	   0.02963
   0.88308	   0.03247
   0.87086	   0.03540
   0.85839	   0.03834
   0.84574	   0.04146
   0.83284	   0.04474
   0.81970	   0.04805
   0.80644	   0.05140
   0.79309	   0.05490
   0.77960	   0.05851
   0.76601	   0.06209
   0.75242	   0.06568
   0.73888	   0.06939
   0.72532	   0.07317
   0.71174	   0.07689
   0.69821	   0.08056
   0.68480	   0.08430
   0.67151	   0.08809
   0.65830	   0.09180
   0.64513	   0.09536
   0.63205	   0.09890
   0.61910	   0.10254
   0.60626	   0.10620
   0.59349	   0.10973
   0.58076	   0.11312
   0.56810	   0.11650
   0.55552	   0.12002
   0.54299	   0.12363
   0.53045	   0.12716
   0.51783	   0.13055
   0.50518	   0.13390
   0.49257	   0.13735
   0.48006	   0.14084
   0.46761	   0.14425
   0.45515	   0.14748
   0.44268	   0.15062
   0.43033	   0.15376
   0.41826	   0.15685
   0.40650	   0.15978
   0.39496	   0.16244
   0.38355	   0.16483
   0.37230	   0.16699
   0.36131	   0.16891
   0.35068	   0.17052
   0.34030	   0.17175
   0.32998	   0.17258
   0.31955	   0.17310
   0.30901	   0.17339
   0.29855	   0.17355
   0.28834	   0.17349
   0.27836	   0.17313
   0.26844	   0.17241
   0.25843	   0.17139
   0.24836	   0.17019
   0.23843	   0.16887
   0.22880	   0.16737
   0.21942	   0.16559
   0.21011	   0.16347
   0.20077	   0.16111
   0.19148	   0.15865
   0.18246	   0.15616
   0.17384	   0.15356
   0.16554	   0.15073
   0.15741	   0.14767
   0.14939	   0.14448
   0.14156	   0.14132
   0.13407	   0.13822
   0.12701	   0.13509
   0.12032	   0.13182
   0.11389	   0.12839
   0.10764	   0.12491
   0.10156	   0.12150
   0.09571	   0.11822
   0.09017	   0.11501
   0.08496	   0.11179
   0.08005	   0.10848
   0.07537	   0.10512
   0.07085	   0.10177
   0.06647	   0.09851
   0.06225	   0.09539
   0.05822	   0.09236
   0.05444	   0.08938
   0.05090	   0.08638
   0.04760	   0.08335
   0.04446	   0.08031
   0.04143	   0.07731
   0.03850	   0.07440
   0.03563	   0.07161
   0.03286	   0.06891
   0.03024	   0.06627
   0.02779	   0.06365
   0.02553	   0.06101
   0.02343	   0.05834
   0.02145	   0.05568
   0.01955	   0.05306
   0.01769	   0.05049
   0.01585	   0.04801
   0.01405	   0.04561
   0.01234	   0.04325
   0.01077	   0.04091
   0.00935	   0.03856
   0.00810	   0.03619
   0.00697	   0.03379
   0.00595	   0.03139
   0.00498	   0.02901
   0.00406	   0.02666
   0.00317	   0.02435
   0.00236	   0.02209
   0.00167	   0.01987
   0.00111	   0.01769
   0.00070	   0.01553
   0.00044	   0.01339
   0.00027	   0.01128
   0.00018	   0.00917
   0.00013	   0.00708
   0.00010	   0.00499
   0.00008	   0.00292
   0.00003	   0.00085
  -0.00005	  -0.00121
  -0.00015	  -0.00325
  -0.00020	  -0.00525
  -0.00016	  -0.00719
   0.00002	  -0.00906
   0.00039	  -0.01086
   0.00099	  -0.01256
   0.00186	  -0.01417
   0.00291	  -0.01573
   0.00404	  -0.01729
   0.00512	  -0.01890
   0.00616	  -0.02054
   0.00721	  -0.02217
   0.00833	  -0.02374
   0.00957	  -0.02520
   0.01099	  -0.02652
   0.01256	  -0.02774
   0.01425	  -0.02889
   0.01601	  -0.03003
   0.01780	  -0.03121
   0.01957	  -0.03244
   0.02136	  -0.03369
   0.02318	  -0.03493
   0.02505	  -0.03613
   0.02702	  -0.03725
   0.02909	  -0.03827
   0.03125	  -0.03921
   0.03350	  -0.04012
   0.03582	  -0.04103
   0.03819	  -0.04198
   0.04058	  -0.04302
   0.04301	  -0.04413
   0.04549	  -0.04527
   0.04802	  -0.04641
   0.05065	  -0.04751
   0.05338	  -0.04854
   0.05623	  -0.04948
   0.05920	  -0.05037
   0.06228	  -0.05125
   0.06547	  -0.05216
   0.06874	  -0.05314
   0.07210	  -0.05422
   0.07556	  -0.05535
   0.07912	  -0.05649
   0.08282	  -0.05762
   0.08667	  -0.05867
   0.09070	  -0.05964
   0.09490	  -0.06057
   0.09929	  -0.06151
   0.10384	  -0.06251
   0.10857	  -0.06362
   0.11346	  -0.06481
   0.11853	  -0.06602
   0.12381	  -0.06719
   0.12934	  -0.06824
   0.13513	  -0.06922
   0.14120	  -0.07019
   0.14755	  -0.07123
   0.15416	  -0.07239
   0.16102	  -0.07362
   0.16815	  -0.07483
   0.17558	  -0.07591
   0.18336	  -0.07688
   0.19152	  -0.07783
   0.20004	  -0.07887
   0.20885	  -0.08002
   0.21794	  -0.08115
   0.22733	  -0.08214
   0.23709	  -0.08298
   0.24726	  -0.08379
   0.25775	  -0.08468
   0.26848	  -0.08561
   0.27940	  -0.08644
   0.29060	  -0.08706
   0.30214	  -0.08756
   0.31398	  -0.08810
   0.32597	  -0.08868
   0.33803	  -0.08916
   0.35025	  -0.08942
   0.36273	  -0.08953
   0.37545	  -0.08962
   0.38817	  -0.08973
   0.40082	  -0.08972
   0.41350	  -0.08946
   0.42639	  -0.08901
   0.43944	  -0.08853
   0.45240	  -0.08805
   0.46517	  -0.08745
   0.47787	  -0.08659
   0.49070	  -0.08553
   0.50361	  -0.08441
   0.51630	  -0.08329
   0.52865	  -0.08203
   0.54083	  -0.08046
   0.55315	  -0.07859
   0.56567	  -0.07653
   0.57808	  -0.07445
   0.59010	  -0.07224
   0.60180	  -0.06974
   0.61349	  -0.06687
   0.62549	  -0.06375
   0.63790	  -0.06058
   0.65063	  -0.05742
   0.66352	  -0.05418
   0.67647	  -0.05084
   0.68952	  -0.04752
   0.70279	  -0.04433
   0.71634	  -0.04120
   0.73002	  -0.03806
   0.74362	  -0.03498
   0.75719	  -0.03210
   0.77090	  -0.02938
   0.78469	  -0.02668
   0.79830	  -0.02408
   0.81174	  -0.02172
   0.82522	  -0.01952
   0.83864	  -0.01737
   0.85180	  -0.01534
   0.86480	  -0.01357
   0.87777	  -0.01194
   0.89048	  -0.01038
   0.90289	  -0.00907
   0.91518	  -0.00799
   0.92721	  -0.00698
   0.93888	  -0.00620
   0.95028	  -0.00564
   0.96132	  -0.00523
   0.97201	  -0.00507
   0.98237	  -0.00511
   0.99239	  -0.00545
   0.99893	  -0.00583
