WORTMANN FX 71-089A
   1.00000	   0.00000
   0.99610	   0.00035
   0.98976	   0.00094
   0.98282	   0.00163
   0.97529	   0.00239
   0.96717	   0.00318
   0.95849	   0.00398
   0.94929	   0.00480
   0.93965	   0.00564
   0.92969	   0.00650
   0.91948	   0.00737
   0.90911	   0.00825
   0.89863	   0.00914
   0.88806	   0.01004
   0.87746	   0.01094
   0.86686	   0.01184
   0.85628	   0.01272
   0.84573	   0.01359
   0.83519	   0.01446
   0.82467	   0.01533
   0.81417	   0.01620
   0.80369	   0.01707
   0.79320	   0.01791
   0.78267	   0.01874
   0.77210	   0.01957
   0.76151	   0.02042
   0.75092	   0.02126
   0.74031	   0.02209
   0.72967	   0.02291
   0.71902	   0.02372
   0.70838	   0.02453
   0.69778	   0.02532
   0.68719	   0.02609
   0.67660	   0.02684
   0.66596	   0.02758
   0.65531	   0.02831
   0.64465	   0.02903
   0.63402	   0.02975
   0.62339	   0.03044
   0.61275	   0.03113
   0.60209	   0.03180
   0.59145	   0.03247
   0.58085	   0.03313
   0.57032	   0.03376
   0.55983	   0.03437
   0.54932	   0.03495
   0.53879	   0.03553
   0.52826	   0.03611
   0.51776	   0.03669
   0.50732	   0.03725
   0.49690	   0.03778
   0.48645	   0.03828
   0.47592	   0.03876
   0.46533	   0.03924
   0.45471	   0.03971
   0.44413	   0.04017
   0.43359	   0.04062
   0.42308	   0.04104
   0.41256	   0.04143
   0.40204	   0.04180
   0.39150	   0.04216
   0.38097	   0.04249
   0.37045	   0.04280
   0.35995	   0.04309
   0.34947	   0.04336
   0.33899	   0.04360
   0.32849	   0.04381
   0.31796	   0.04400
   0.30742	   0.04418
   0.29694	   0.04435
   0.28657	   0.04448
   0.27626	   0.04458
   0.26595	   0.04463
   0.25559	   0.04466
   0.24521	   0.04468
   0.23492	   0.04470
   0.22475	   0.04469
   0.21466	   0.04462
   0.20459	   0.04450
   0.19451	   0.04433
   0.18443	   0.04412
   0.17442	   0.04387
   0.16454	   0.04359
   0.15485	   0.04326
   0.14534	   0.04286
   0.13594	   0.04238
   0.12667	   0.04186
   0.11762	   0.04132
   0.10895	   0.04077
   0.10078	   0.04018
   0.09312	   0.03954
   0.08595	   0.03883
   0.07918	   0.03805
   0.07276	   0.03723
   0.06677	   0.03643
   0.06131	   0.03568
   0.05637	   0.03494
   0.05187	   0.03417
   0.04773	   0.03334
   0.04386	   0.03249
   0.04025	   0.03166
   0.03689	   0.03090
   0.03378	   0.03018
   0.03091	   0.02947
   0.02825	   0.02873
   0.02579	   0.02793
   0.02351	   0.02707
   0.02138	   0.02614
   0.01940	   0.02516
   0.01755	   0.02412
   0.01583	   0.02303
   0.01422	   0.02189
   0.01271	   0.02073
   0.01130	   0.01955
   0.00996	   0.01836
   0.00870	   0.01718
   0.00752	   0.01601
   0.00643	   0.01484
   0.00542	   0.01367
   0.00449	   0.01249
   0.00365	   0.01130
   0.00290	   0.01010
   0.00223	   0.00889
   0.00165	   0.00768
   0.00116	   0.00647
   0.00077	   0.00526
   0.00046	   0.00407
   0.00023	   0.00289
   0.00008	   0.00173
   0.00001	   0.00057
   0.00001	  -0.00057
   0.00008	  -0.00173
   0.00023	  -0.00289
   0.00046	  -0.00407
   0.00077	  -0.00526
   0.00116	  -0.00646
   0.00165	  -0.00768
   0.00223	  -0.00889
   0.00290	  -0.01010
   0.00365	  -0.01130
   0.00449	  -0.01249
   0.00542	  -0.01367
   0.00643	  -0.01484
   0.00752	  -0.01601
   0.00870	  -0.01718
   0.00996	  -0.01836
   0.01130	  -0.01955
   0.01272	  -0.02073
   0.01422	  -0.02189
   0.01583	  -0.02303
   0.01755	  -0.02412
   0.01940	  -0.02516
   0.02138	  -0.02614
   0.02351	  -0.02707
   0.02579	  -0.02793
   0.02825	  -0.02873
   0.03091	  -0.02947
   0.03378	  -0.03018
   0.03689	  -0.03090
   0.04025	  -0.03166
   0.04386	  -0.03249
   0.04773	  -0.03334
   0.05187	  -0.03417
   0.05637	  -0.03494
   0.06131	  -0.03568
   0.06677	  -0.03643
   0.07276	  -0.03723
   0.07918	  -0.03805
   0.08595	  -0.03883
   0.09312	  -0.03954
   0.10078	  -0.04018
   0.10895	  -0.04077
   0.11762	  -0.04132
   0.12667	  -0.04186
   0.13594	  -0.04238
   0.14534	  -0.04286
   0.15485	  -0.04326
   0.16454	  -0.04359
   0.17442	  -0.04387
   0.18443	  -0.04412
   0.19451	  -0.04433
   0.20459	  -0.04450
   0.21466	  -0.04462
   0.22475	  -0.04469
   0.23492	  -0.04470
   0.24521	  -0.04468
   0.25559	  -0.04466
   0.26595	  -0.04463
   0.27626	  -0.04458
   0.28657	  -0.04448
   0.29694	  -0.04435
   0.30742	  -0.04418
   0.31796	  -0.04400
   0.32849	  -0.04381
   0.33899	  -0.04360
   0.34947	  -0.04336
   0.35995	  -0.04309
   0.37045	  -0.04280
   0.38097	  -0.04249
   0.39150	  -0.04216
   0.40204	  -0.04180
   0.41256	  -0.04143
   0.42308	  -0.04104
   0.43359	  -0.04062
   0.44413	  -0.04017
   0.45471	  -0.03971
   0.46533	  -0.03924
   0.47592	  -0.03876
   0.48645	  -0.03828
   0.49690	  -0.03778
   0.50732	  -0.03725
   0.51776	  -0.03669
   0.52826	  -0.03611
   0.53879	  -0.03553
   0.54932	  -0.03495
   0.55983	  -0.03437
   0.57032	  -0.03376
   0.58085	  -0.03313
   0.59145	  -0.03247
   0.60209	  -0.03180
   0.61275	  -0.03113
   0.62339	  -0.03044
   0.63402	  -0.02975
   0.64465	  -0.02903
   0.65531	  -0.02831
   0.66596	  -0.02758
   0.67660	  -0.02684
   0.68719	  -0.02609
   0.69778	  -0.02532
   0.70838	  -0.02453
   0.71902	  -0.02372
   0.72967	  -0.02291
   0.74031	  -0.02209
   0.75092	  -0.02126
   0.76151	  -0.02042
   0.77210	  -0.01957
   0.78267	  -0.01874
   0.79320	  -0.01791
   0.80369	  -0.01707
   0.81417	  -0.01620
   0.82467	  -0.01533
   0.83519	  -0.01446
   0.84573	  -0.01359
   0.85628	  -0.01272
   0.86686	  -0.01184
   0.87746	  -0.01094
   0.88806	  -0.01004
   0.89863	  -0.00914
   0.90911	  -0.00825
   0.91948	  -0.00737
   0.92969	  -0.00650
   0.93965	  -0.00564
   0.94929	  -0.00480
   0.95849	  -0.00398
   0.96717	  -0.00318
   0.97529	  -0.00239
   0.98282	  -0.00163
   0.98976	  -0.00094
   0.99610	  -0.00035
   1.00000	   0.00000
